Instance : instances/instance_1.txt
Coût : 5751
Temps : 14.80 sec
Camion 1 : [0, 120, 317, 164, 304, 265, 333, 221, 335, 93, 279, 88, 264, 321, 268, 147, 269, 168, 238, 291, 267, 50, 57, 225, 6, 153, 116, 272, 129, 223, 195, 92, 203, 107, 161, 0]
Camion 2 : [0, 186, 128, 173, 315, 48, 296, 45, 79, 84, 106, 123, 249, 135, 126, 43, 165, 23, 109, 80, 247, 157, 314, 95, 105, 16, 180, 302, 108, 248, 201, 318, 125, 47, 151, 0]
Camion 3 : [0, 75, 70, 202, 143, 139, 26, 34, 118, 44, 127, 53, 306, 233, 89, 227, 182, 69, 119, 9, 330, 42, 167, 262, 274, 280, 252, 192, 289, 334, 283, 66, 176, 305, 3, 0]
Camion 4 : [0, 278, 261, 77, 19, 7, 320, 253, 209, 254, 49, 13, 62, 310, 152, 68, 111, 237, 298, 235, 286, 211, 307, 65, 169, 263, 4, 281, 256, 102, 61, 145, 27, 94, 255, 0]
Camion 5 : [0, 275, 328, 40, 293, 85, 72, 170, 193, 46, 64, 303, 56, 28, 11, 326, 1, 160, 114, 172, 54, 181, 71, 21, 244, 144, 100, 177, 300, 158, 218, 250, 188, 132, 245, 0]
Camion 6 : [0, 295, 179, 212, 251, 113, 39, 159, 33, 273, 331, 297, 124, 294, 241, 138, 112, 22, 206, 309, 184, 196, 82, 234, 2, 104, 99, 266, 137, 10, 12, 257, 55, 8, 292, 0]
Camion 7 : [0, 194, 190, 260, 41, 103, 162, 86, 288, 217, 76, 199, 216, 136, 219, 214, 154, 197, 312, 205, 18, 208, 311, 224, 155, 133, 276, 101, 140, 324, 220, 222, 325, 243, 287, 0]
Camion 8 : [0, 117, 191, 32, 163, 149, 146, 198, 171, 301, 58, 313, 337, 156, 98, 308, 83, 228, 122, 258, 210, 78, 90, 166, 327, 110, 74, 73, 17, 175, 183, 329, 25, 284, 0]
Camion 9 : [0, 230, 246, 148, 38, 229, 204, 131, 36, 259, 226, 141, 15, 142, 200, 232, 59, 336, 236, 37, 322, 189, 91, 242, 29, 271, 134, 213, 316, 239, 30, 185, 96, 130, 0]
Camion 10 : [0, 174, 187, 115, 150, 270, 24, 299, 121, 319, 277, 52, 14, 35, 97, 63, 332, 282, 60, 215, 207, 31, 81, 51, 285, 323, 5, 20, 231, 67, 178, 290, 240, 87, 0]
