NUM_CLIENTS 25
NUM_VEHICLES 15
CITY 0 0.0 0.0 0.0 4502
CITY 1 75.77 66.84 2479.57 2517.97
CITY 2 79.90 52.99 822.65 857.56
CITY 3 52.83 14.91 96.93 139.98
CITY 4 76.97 41.97 1526.04 1560.47
CITY 5 18.74 73.26 3212.15 3244.90
CITY 6 69.60 27.19 896.03 928.09
CITY 7 84.19 60.16 2515.39 2538.27
CITY 8 47.19 19.63 1097.78 1119.15
CITY 9 33.61 47.14 1081.26 1111.27
CITY 10 22.76 95.75 82.99 105.28
CITY 11 56.52 13.70 1834.49 1855.80
CITY 12 46.71 53.50 3290.93 3314.01
CITY 13 98.98 54.86 3201.27 3227.89
CITY 14 21.45 37.09 172.65 193.00
CITY 15 58.75 12.03 1255.59 1293.24
CITY 16 44.98 20.91 1523.90 1551.00
CITY 17 11.88 80.54 3524.06 3560.17
CITY 18 62.91 76.09 206.21 246.88
CITY 19 54.11 65.73 3101.05 3121.24
CITY 20 84.20 81.71 971.06 1003.42
CITY 21 33.07 8.87 2599.15 2646.89
CITY 22 27.77 42.71 1560.08 1590.78
CITY 23 45.24 69.59 129.49 152.41
CITY 24 62.72 2.14 1232.70 1257.86
CITY 25 15.70 73.75 3263.50 3289.38
