NUM_CLIENTS 25
NUM_VEHICLES 5
CITY 0 0.0 0.0 0.0 3811
CITY 1 91.34 44.38 103.53 138.01
CITY 2 50.01 19.02 3474.56 3516.53
CITY 3 52.36 77.55 547.50 593.65
CITY 4 82.21 93.80 2548.37 2572.35
CITY 5 72.46 45.94 2687.00 2722.67
CITY 6 0.41 93.23 2587.13 2624.96
CITY 7 8.71 46.69 183.07 218.69
CITY 8 65.90 31.25 2176.43 2205.79
CITY 9 89.21 32.09 732.24 760.54
CITY 10 31.91 44.11 451.31 475.79
CITY 11 27.36 1.53 2346.67 2382.09
CITY 12 20.66 35.03 1204.64 1228.88
CITY 13 70.44 28.33 928.34 950.48
CITY 14 61.33 33.87 1674.12 1698.02
CITY 15 47.07 67.55 407.33 428.95
CITY 16 42.65 17.90 2246.05 2283.83
CITY 17 83.62 69.94 2321.80 2351.17
CITY 18 81.74 71.29 2526.43 2562.44
CITY 19 97.37 75.57 1756.82 1780.78
CITY 20 81.29 91.97 1766.50 1800.17
CITY 21 68.45 71.02 1755.70 1782.65
CITY 22 22.38 86.11 2324.15 2371.54
CITY 23 39.21 69.96 2505.09 2548.76
CITY 24 88.24 45.33 123.52 157.78
CITY 25 35.14 46.12 650.68 693.71
