NUM_CLIENTS 250
NUM_VEHICLES 250
CITY 0 0.0 0.0 0.0 6747
CITY 1 20.42 39.06 3584.14 3609.79
CITY 2 10.86 56.95 3029.42 3076.26
CITY 3 9.32 10.43 3707.29 3728.25
CITY 4 68.90 48.86 1258.41 1280.49
CITY 5 96.30 28.38 1568.33 1608.12
CITY 6 7.00 5.75 3477.42 3502.58
CITY 7 85.97 41.09 1060.10 1083.42
CITY 8 53.65 47.83 469.82 518.47
CITY 9 86.57 12.99 1385.36 1418.33
CITY 10 70.97 47.48 4047.01 4095.18
CITY 11 58.75 50.25 4589.50 4617.76
CITY 12 0.74 14.27 437.77 469.74
CITY 13 80.76 52.59 6097.19 6143.57
CITY 14 46.02 57.61 4940.26 4968.90
CITY 15 88.10 45.63 4693.02 4734.37
CITY 16 29.74 61.30 5426.37 5451.62
CITY 17 24.91 90.00 4913.20 4946.94
CITY 18 91.08 18.34 3812.33 3844.14
CITY 19 94.57 23.97 5831.30 5859.51
CITY 20 62.81 29.19 6137.27 6178.21
CITY 21 72.24 21.73 3309.95 3359.72
CITY 22 55.28 99.53 521.78 544.94
CITY 23 76.65 32.60 3025.41 3052.99
CITY 24 50.61 46.22 499.46 540.29
CITY 25 74.97 38.12 4998.22 5043.89
CITY 26 39.67 1.07 776.88 824.40
CITY 27 32.71 74.87 3251.59 3273.63
CITY 28 54.84 24.23 6362.77 6386.98
CITY 29 82.04 84.16 1150.73 1171.27
CITY 30 10.05 29.41 3585.23 3616.96
CITY 31 7.76 76.36 4539.66 4564.27
CITY 32 35.81 21.67 240.33 280.58
CITY 33 21.62 69.67 5603.68 5648.03
CITY 34 64.10 71.64 6008.31 6040.02
CITY 35 30.83 5.24 41.20 84.37
CITY 36 76.71 92.88 2515.25 2542.41
CITY 37 9.14 42.17 6625.39 6655.50
CITY 38 19.22 66.89 1484.94 1531.41
CITY 39 79.69 83.05 1132.63 1157.64
CITY 40 41.57 10.77 2197.59 2234.46
CITY 41 18.95 20.71 3632.37 3680.53
CITY 42 12.08 21.38 2394.43 2419.63
CITY 43 40.21 31.62 2612.49 2646.25
CITY 44 6.60 81.51 4356.18 4387.25
CITY 45 6.73 21.86 2026.36 2064.33
CITY 46 98.31 10.18 3595.45 3645.16
CITY 47 85.05 17.15 6423.07 6461.06
CITY 48 98.14 69.63 4543.12 4592.29
CITY 49 69.37 33.20 4258.61 4305.13
CITY 50 31.80 85.16 3234.01 3264.06
CITY 51 60.85 58.50 2566.92 2606.14
CITY 52 23.24 58.75 6619.30 6646.28
CITY 53 61.63 89.68 2075.27 2117.41
CITY 54 75.72 61.98 410.71 441.94
CITY 55 29.66 15.17 1376.72 1397.86
CITY 56 92.34 59.81 6335.08 6377.25
CITY 57 32.87 27.81 4313.77 4356.58
CITY 58 52.09 97.76 4343.49 4372.14
CITY 59 2.37 84.69 2225.20 2252.47
CITY 60 53.93 90.66 4456.90 4484.35
CITY 61 68.73 71.95 4076.12 4107.56
CITY 62 32.16 44.24 50.41 96.50
CITY 63 7.00 19.25 4252.01 4276.26
CITY 64 20.42 9.18 3972.92 4017.86
CITY 65 93.18 23.63 532.69 574.44
CITY 66 31.15 72.17 1647.81 1673.11
CITY 67 24.90 28.54 3007.59 3046.66
CITY 68 27.19 78.13 545.07 594.24
CITY 69 39.82 16.78 2961.48 2996.64
CITY 70 73.49 76.03 5490.69 5534.50
CITY 71 1.98 38.14 5720.98 5763.75
CITY 72 92.15 59.52 1031.76 1073.56
CITY 73 25.73 46.37 3043.24 3074.50
CITY 74 60.60 7.19 923.82 957.90
CITY 75 15.47 18.96 95.82 130.84
CITY 76 72.53 49.15 6200.10 6248.30
CITY 77 97.05 37.31 3283.63 3322.86
CITY 78 58.83 40.88 269.64 317.28
CITY 79 38.48 56.56 1308.80 1341.89
CITY 80 25.53 91.31 4839.65 4874.94
CITY 81 48.86 68.85 4667.20 4706.72
CITY 82 92.65 73.57 1630.61 1651.65
CITY 83 81.31 63.10 4533.26 4574.18
CITY 84 64.53 26.13 3055.73 3096.17
CITY 85 25.43 60.21 6374.54 6419.79
CITY 86 1.23 77.10 4319.09 4366.59
CITY 87 39.77 58.62 6034.96 6070.51
CITY 88 18.88 42.29 5558.54 5586.12
CITY 89 30.22 96.77 4413.30 4444.78
CITY 90 30.80 41.16 5870.49 5912.32
CITY 91 8.89 63.62 5203.73 5234.07
CITY 92 14.27 74.87 6229.02 6260.96
CITY 93 30.81 98.70 5469.20 5489.24
CITY 94 6.98 69.63 3520.42 3560.06
CITY 95 73.30 17.06 2515.29 2556.42
CITY 96 19.80 18.20 6352.51 6386.03
CITY 97 81.44 18.56 404.41 429.89
CITY 98 75.92 25.94 6043.50 6075.77
CITY 99 62.68 62.44 5816.74 5841.72
CITY 100 29.31 37.77 1860.71 1890.97
CITY 101 58.56 47.79 4509.04 4532.07
CITY 102 6.11 75.18 58.32 95.80
CITY 103 98.76 9.68 3502.85 3523.07
CITY 104 60.30 98.69 5101.24 5149.20
CITY 105 47.32 33.70 2881.76 2912.88
CITY 106 89.02 99.94 5472.26 5520.49
CITY 107 66.51 37.84 392.77 423.46
CITY 108 33.03 10.02 3065.42 3106.37
CITY 109 72.52 88.80 938.58 976.63
CITY 110 86.90 27.95 4685.98 4730.43
CITY 111 36.84 61.84 4415.90 4450.16
CITY 112 41.31 18.79 6604.60 6653.32
CITY 113 81.26 1.66 2418.69 2440.07
CITY 114 80.76 32.55 2981.08 3019.28
CITY 115 40.02 61.26 554.12 586.95
CITY 116 93.15 93.08 6609.21 6654.92
CITY 117 90.52 73.43 1975.06 2000.91
CITY 118 14.32 52.01 3834.25 3879.95
CITY 119 50.46 12.79 5338.34 5367.38
CITY 120 67.31 54.87 5859.69 5884.73
CITY 121 44.63 11.57 4441.09 4468.31
CITY 122 21.16 75.33 4421.72 4444.40
CITY 123 43.49 71.58 1081.49 1129.36
CITY 124 90.26 76.63 1483.65 1511.38
CITY 125 47.63 89.75 833.16 857.23
CITY 126 53.45 72.54 614.78 655.54
CITY 127 87.19 93.18 5134.50 5172.52
CITY 128 64.40 37.70 4807.54 4849.62
CITY 129 38.17 64.21 3767.42 3813.11
CITY 130 80.84 22.36 783.62 806.25
CITY 131 8.91 74.06 6277.13 6319.47
CITY 132 11.61 36.77 5716.22 5764.84
CITY 133 57.69 0.17 423.82 459.89
CITY 134 84.71 97.98 2147.45 2178.40
CITY 135 67.93 79.66 3485.58 3523.63
CITY 136 22.21 39.53 3609.56 3643.38
CITY 137 14.47 94.29 5608.47 5643.46
CITY 138 45.58 60.15 985.44 1025.40
CITY 139 80.13 70.30 4014.71 4043.98
CITY 140 99.03 12.35 6675.93 6717.12
CITY 141 47.83 82.87 3320.24 3361.36
CITY 142 37.67 98.11 2237.74 2282.57
CITY 143 21.06 73.27 5429.27 5470.28
CITY 144 5.26 86.54 1207.11 1241.73
CITY 145 39.18 98.44 4418.41 4463.86
CITY 146 99.11 54.79 2266.26 2306.60
CITY 147 99.03 75.77 2625.04 2660.87
CITY 148 28.30 69.64 1314.58 1360.27
CITY 149 39.38 13.09 5040.41 5077.82
CITY 150 80.51 84.98 4755.01 4788.74
CITY 151 16.37 13.76 4663.85 4692.59
CITY 152 14.48 21.81 5014.43 5056.49
CITY 153 0.91 72.60 3859.59 3899.94
CITY 154 98.85 14.76 6365.31 6398.13
CITY 155 84.17 92.60 652.27 701.50
CITY 156 17.96 5.25 6565.11 6604.61
CITY 157 59.34 96.97 4202.57 4234.69
CITY 158 3.40 24.09 3277.44 3318.08
CITY 159 95.46 65.28 2520.11 2560.86
CITY 160 79.53 65.85 5210.69 5256.63
CITY 161 65.03 27.52 4377.92 4408.94
CITY 162 12.00 8.26 3281.40 3321.47
CITY 163 50.97 2.30 3841.53 3878.71
CITY 164 27.37 74.54 5321.78 5347.21
CITY 165 48.42 64.46 2909.86 2947.00
CITY 166 9.94 6.35 6087.68 6131.54
CITY 167 18.49 81.29 142.04 178.73
CITY 168 53.64 81.22 3277.02 3312.59
CITY 169 58.47 71.37 5293.18 5316.91
CITY 170 75.30 96.57 6012.27 6037.69
CITY 171 59.91 17.99 3719.42 3763.44
CITY 172 12.30 12.88 1389.06 1413.90
CITY 173 56.25 85.15 244.08 293.48
CITY 174 50.61 36.36 3650.58 3683.28
CITY 175 94.52 0.01 2020.11 2068.50
CITY 176 51.94 78.28 4417.79 4451.13
CITY 177 57.71 69.51 3505.07 3554.65
CITY 178 35.21 53.82 1413.20 1436.17
CITY 179 81.98 23.71 1267.65 1296.64
CITY 180 83.26 95.74 4036.54 4063.02
CITY 181 35.91 12.85 4171.41 4193.64
CITY 182 25.50 38.18 6052.77 6084.78
CITY 183 8.33 25.42 2854.27 2895.11
CITY 184 53.59 7.06 4909.40 4959.26
CITY 185 69.68 19.26 2498.52 2538.23
CITY 186 82.05 60.49 2816.44 2841.05
CITY 187 99.24 43.36 183.26 221.37
CITY 188 7.75 12.46 745.50 781.96
CITY 189 6.60 64.02 2436.17 2466.18
CITY 190 27.33 86.89 1519.69 1539.99
CITY 191 37.72 96.88 2541.91 2565.06
CITY 192 92.56 17.57 4880.33 4909.52
CITY 193 82.13 48.96 3547.16 3588.17
CITY 194 86.54 55.15 4072.13 4119.03
CITY 195 17.07 94.65 2615.01 2645.37
CITY 196 74.13 96.80 3565.36 3603.20
CITY 197 84.96 47.69 863.08 883.36
CITY 198 51.36 15.55 855.03 886.39
CITY 199 73.54 5.29 4860.88 4910.11
CITY 200 70.75 24.91 4080.40 4121.60
CITY 201 18.31 98.62 5349.36 5384.43
CITY 202 27.58 42.78 6306.99 6353.44
CITY 203 81.40 30.52 5746.92 5795.34
CITY 204 40.65 31.27 612.77 635.15
CITY 205 73.00 94.49 1114.11 1135.83
CITY 206 74.34 55.42 3305.69 3351.92
CITY 207 96.22 42.40 3411.56 3453.48
CITY 208 47.97 51.50 6683.32 6729.96
CITY 209 69.79 40.55 4131.11 4178.44
CITY 210 74.59 71.42 4708.23 4750.72
CITY 211 24.42 73.90 6368.46 6413.16
CITY 212 88.03 52.81 4083.68 4121.90
CITY 213 96.46 67.45 5907.47 5943.18
CITY 214 22.51 7.51 5623.13 5658.54
CITY 215 95.25 42.27 2545.01 2576.21
CITY 216 11.32 91.40 1680.18 1716.35
CITY 217 76.64 11.79 2010.60 2039.41
CITY 218 21.31 73.80 3813.85 3840.37
CITY 219 30.48 93.31 4309.56 4354.34
CITY 220 3.54 46.31 4140.89 4175.53
CITY 221 35.57 61.55 2207.03 2237.64
CITY 222 0.52 89.02 1254.84 1285.47
CITY 223 10.13 49.20 576.68 612.11
CITY 224 15.37 12.38 3269.33 3293.99
CITY 225 65.66 22.61 2653.76 2682.74
CITY 226 42.83 18.22 5436.79 5460.05
CITY 227 43.86 83.94 1092.19 1122.80
CITY 228 43.40 35.92 5831.13 5857.08
CITY 229 18.96 4.03 2648.33 2690.65
CITY 230 90.10 16.03 1340.66 1375.04
CITY 231 66.52 26.58 2825.86 2862.37
CITY 232 79.98 71.43 2182.52 2225.46
CITY 233 88.18 50.19 6185.85 6231.15
CITY 234 38.88 10.97 731.39 752.03
CITY 235 15.55 50.00 5141.50 5168.60
CITY 236 67.83 34.21 6539.44 6581.57
CITY 237 43.43 28.95 3259.41 3302.24
CITY 238 24.77 15.25 3428.66 3456.14
CITY 239 76.67 86.42 6658.60 6686.02
CITY 240 82.06 19.84 4734.10 4778.40
CITY 241 70.11 50.23 1221.61 1271.38
CITY 242 59.12 63.45 1543.89 1567.86
CITY 243 3.84 99.04 6222.88 6255.67
CITY 244 61.65 9.09 350.74 382.96
CITY 245 30.64 63.33 1557.56 1587.64
CITY 246 47.92 50.99 4315.58 4344.71
CITY 247 26.92 28.06 2357.30 2389.84
CITY 248 31.98 4.76 283.43 304.99
CITY 249 74.48 21.20 3166.65 3213.91
CITY 250 10.08 18.48 6351.47 6382.38
