NUM_CLIENTS 250
NUM_VEHICLES 250
CITY 0 0.0 0.0 0.0 2199
CITY 1 41.60 59.08 1726.04 1766.40
CITY 2 18.13 37.98 777.04 797.91
CITY 3 68.45 83.85 2092.20 2116.12
CITY 4 92.04 11.29 889.74 911.12
CITY 5 26.16 31.42 1517.07 1557.41
CITY 6 76.75 57.66 1218.56 1267.90
CITY 7 66.98 33.83 1128.92 1169.94
CITY 8 9.52 66.17 541.71 572.08
CITY 9 67.63 38.49 1804.69 1841.44
CITY 10 98.78 5.46 1386.23 1410.94
CITY 11 84.88 85.19 1869.68 1891.93
CITY 12 49.16 24.09 2085.14 2106.65
CITY 13 22.27 64.33 872.61 899.66
CITY 14 45.91 80.13 968.48 1014.18
CITY 15 44.71 11.87 1073.88 1113.48
CITY 16 10.26 41.23 1201.70 1221.71
CITY 17 9.09 60.42 1334.18 1363.32
CITY 18 50.83 20.69 1446.28 1494.79
CITY 19 36.33 5.43 486.82 520.46
CITY 20 56.02 61.98 1022.03 1061.75
CITY 21 71.59 11.40 1634.19 1660.84
CITY 22 34.14 82.99 2072.92 2101.68
CITY 23 52.20 70.21 107.92 132.84
CITY 24 14.04 71.69 1553.41 1576.62
CITY 25 61.09 18.75 1999.73 2031.52
CITY 26 45.70 78.14 1543.21 1566.44
CITY 27 41.45 92.66 1801.34 1839.00
CITY 28 77.21 45.05 1418.44 1467.12
CITY 29 13.46 49.88 1144.45 1165.91
CITY 30 93.53 83.88 1042.99 1078.24
CITY 31 92.12 17.72 1247.53 1289.44
CITY 32 12.84 38.74 1294.57 1341.05
CITY 33 50.41 38.47 2105.15 2152.63
CITY 34 76.24 27.36 2071.13 2120.24
CITY 35 45.28 13.34 892.86 933.86
CITY 36 74.84 29.89 1510.50 1556.32
CITY 37 71.19 93.55 1363.10 1389.12
CITY 38 62.42 29.06 748.58 788.75
CITY 39 98.13 65.01 2059.86 2094.98
CITY 40 69.43 32.24 256.85 287.42
CITY 41 48.04 57.06 1437.05 1469.57
CITY 42 74.79 84.14 621.60 667.02
CITY 43 80.83 52.27 64.06 88.42
CITY 44 67.03 19.99 1614.65 1639.47
CITY 45 28.66 25.06 1805.44 1846.16
CITY 46 29.51 75.36 79.10 123.52
CITY 47 10.25 86.80 1591.77 1637.72
CITY 48 74.24 56.13 518.22 561.75
CITY 49 79.88 28.76 1431.35 1479.15
CITY 50 38.76 95.67 2097.28 2126.66
CITY 51 55.21 1.30 547.62 586.24
CITY 52 78.09 87.01 1785.33 1832.68
CITY 53 70.46 64.76 1625.18 1661.57
CITY 54 60.34 77.61 2072.62 2101.44
CITY 55 17.74 68.27 409.94 435.16
CITY 56 51.38 37.72 926.58 963.28
CITY 57 13.01 58.40 555.48 585.40
CITY 58 70.97 15.48 338.77 368.45
CITY 59 5.09 93.24 1326.79 1366.64
CITY 60 49.06 57.27 775.95 819.47
CITY 61 31.79 22.00 403.30 425.34
CITY 62 50.51 41.59 1158.72 1181.48
CITY 63 22.12 21.34 719.90 750.72
CITY 64 21.84 75.27 1144.74 1194.64
CITY 65 82.37 98.11 28.83 68.90
CITY 66 44.57 90.45 1322.71 1361.34
CITY 67 95.89 68.26 696.48 743.96
CITY 68 94.50 38.59 1165.57 1194.05
CITY 69 91.13 82.21 812.04 856.12
CITY 70 44.56 4.39 1931.42 1957.20
CITY 71 51.39 94.82 368.06 416.75
CITY 72 53.80 0.73 150.04 190.15
CITY 73 77.36 86.50 917.38 940.50
CITY 74 53.78 70.27 2098.14 2141.40
CITY 75 64.66 93.98 1607.60 1632.21
CITY 76 45.92 33.17 197.21 218.84
CITY 77 79.42 55.81 1239.84 1266.67
CITY 78 25.86 38.80 1358.03 1391.03
CITY 79 1.69 67.33 1154.01 1193.25
CITY 80 61.83 75.60 1262.62 1303.64
CITY 81 7.26 92.80 237.02 280.63
CITY 82 30.14 8.65 1646.92 1680.05
CITY 83 39.51 66.07 1023.86 1059.86
CITY 84 13.64 39.10 1715.82 1752.19
CITY 85 96.01 14.41 1458.72 1506.15
CITY 86 79.50 72.93 808.13 856.61
CITY 87 55.35 55.51 273.60 293.75
CITY 88 59.67 53.72 2035.59 2064.73
CITY 89 74.83 90.35 745.50 777.88
CITY 90 64.59 51.26 354.28 380.91
CITY 91 83.47 19.43 397.92 441.91
CITY 92 85.23 85.14 2004.34 2054.17
CITY 93 46.13 54.97 631.71 653.73
CITY 94 9.82 72.56 1052.10 1082.03
CITY 95 12.82 65.55 224.00 262.58
CITY 96 90.01 31.78 973.93 1012.42
CITY 97 30.57 58.42 1219.72 1250.65
CITY 98 31.63 42.83 20.34 47.72
CITY 99 22.15 73.98 942.87 988.07
CITY 100 13.43 73.30 1887.80 1921.68
CITY 101 35.87 30.55 1190.03 1215.30
CITY 102 60.66 84.18 1846.79 1870.99
CITY 103 53.86 26.32 1905.87 1928.17
CITY 104 7.54 1.86 1094.85 1115.79
CITY 105 58.19 40.51 1272.09 1319.28
CITY 106 55.16 54.35 2146.28 2180.44
CITY 107 77.52 36.58 487.65 530.82
CITY 108 73.32 29.10 1004.00 1039.31
CITY 109 39.68 50.22 1427.47 1472.91
CITY 110 80.65 61.40 364.74 400.16
CITY 111 44.62 17.91 2039.29 2079.08
CITY 112 96.77 73.59 1044.21 1074.98
CITY 113 21.88 48.76 144.46 175.54
CITY 114 4.28 20.68 1951.63 1982.46
CITY 115 46.97 45.46 109.33 158.75
CITY 116 32.41 70.37 1125.22 1170.11
CITY 117 83.49 26.33 1174.36 1199.58
CITY 118 65.37 36.53 1407.49 1452.55
CITY 119 51.67 37.63 1950.59 1986.08
CITY 120 35.29 86.77 1051.40 1085.86
CITY 121 60.42 50.18 307.25 332.22
CITY 122 7.71 64.35 462.44 488.04
CITY 123 36.22 71.73 263.11 290.02
CITY 124 81.12 72.03 1039.96 1074.33
CITY 125 21.07 16.12 1792.57 1813.24
CITY 126 4.31 57.35 354.66 393.54
CITY 127 3.92 57.23 129.60 157.34
CITY 128 18.00 95.82 1292.03 1328.93
CITY 129 1.86 71.95 1425.47 1453.98
CITY 130 8.57 44.92 2133.55 2179.57
CITY 131 17.06 83.04 1295.19 1339.03
CITY 132 82.05 18.19 1420.99 1448.92
CITY 133 72.42 34.27 979.97 1017.69
CITY 134 22.98 38.55 242.23 268.30
CITY 135 85.96 50.44 907.94 932.43
CITY 136 9.63 47.59 1324.95 1346.12
CITY 137 78.39 50.33 261.37 295.83
CITY 138 13.03 60.35 1780.07 1826.98
CITY 139 77.49 64.92 1126.65 1157.76
CITY 140 4.34 52.98 500.87 544.94
CITY 141 78.96 38.12 1269.97 1312.22
CITY 142 76.15 69.67 219.02 243.03
CITY 143 47.71 23.25 1847.51 1876.01
CITY 144 87.68 40.86 414.32 455.59
CITY 145 78.94 57.80 262.04 282.25
CITY 146 65.45 68.78 685.71 716.58
CITY 147 15.48 65.16 552.52 598.17
CITY 148 42.36 36.56 599.42 639.84
CITY 149 75.50 41.32 1686.52 1721.00
CITY 150 37.02 55.49 552.83 582.03
CITY 151 34.44 70.55 1583.84 1629.49
CITY 152 65.93 74.78 965.27 1006.25
CITY 153 16.18 21.45 866.80 896.95
CITY 154 55.06 69.71 1521.82 1546.65
CITY 155 96.46 0.53 204.84 229.20
CITY 156 92.59 43.54 147.07 173.72
CITY 157 8.00 3.78 832.07 881.61
CITY 158 61.40 52.10 1532.12 1570.05
CITY 159 94.57 82.02 1379.58 1412.75
CITY 160 20.17 65.69 1729.56 1758.14
CITY 161 3.36 59.95 1113.33 1140.28
CITY 162 16.95 3.61 521.77 541.78
CITY 163 15.74 99.68 1677.72 1708.31
CITY 164 39.51 58.61 1117.45 1159.56
CITY 165 6.86 9.02 618.53 663.43
CITY 166 91.50 34.81 2070.47 2098.77
CITY 167 60.64 19.45 1998.66 2035.91
CITY 168 26.11 40.71 237.73 259.90
CITY 169 29.43 94.70 1727.49 1776.19
CITY 170 87.61 81.31 1239.70 1280.52
CITY 171 96.61 56.32 1656.96 1699.68
CITY 172 96.12 45.88 995.48 1033.09
CITY 173 2.74 11.63 154.50 193.51
CITY 174 99.42 67.69 501.82 531.29
CITY 175 95.54 51.65 30.80 75.76
CITY 176 24.83 9.30 1451.04 1495.67
CITY 177 7.60 93.14 1029.35 1059.96
CITY 178 89.43 26.91 2035.89 2076.38
CITY 179 90.99 49.90 437.09 479.15
CITY 180 87.27 20.68 443.72 471.21
CITY 181 61.86 15.60 238.21 285.81
CITY 182 67.58 66.34 1322.98 1365.90
CITY 183 54.15 4.23 1041.62 1080.24
CITY 184 49.23 98.54 1928.68 1974.75
CITY 185 49.08 98.44 1969.34 1997.75
CITY 186 22.21 57.67 125.82 169.80
CITY 187 47.83 54.08 1084.79 1116.61
CITY 188 68.63 17.48 2098.75 2139.70
CITY 189 46.01 68.92 35.28 61.61
CITY 190 58.10 32.54 1320.73 1348.52
CITY 191 54.86 23.71 1018.21 1056.60
CITY 192 36.59 49.88 460.33 501.35
CITY 193 37.23 85.43 608.13 633.52
CITY 194 13.11 57.59 498.90 521.90
CITY 195 26.99 23.58 934.52 965.94
CITY 196 14.58 95.91 329.88 374.05
CITY 197 17.66 49.96 2139.51 2184.99
CITY 198 51.70 72.06 1689.83 1718.83
CITY 199 56.21 56.78 862.18 902.90
CITY 200 6.00 81.38 1029.32 1068.21
CITY 201 44.99 33.47 782.10 818.91
CITY 202 93.18 25.77 52.43 76.06
CITY 203 86.74 96.31 435.57 472.85
CITY 204 64.91 17.45 1679.08 1709.73
CITY 205 67.32 48.75 1585.43 1632.12
CITY 206 38.11 28.65 1361.23 1385.58
CITY 207 16.76 80.77 731.67 770.61
CITY 208 57.16 84.89 162.60 187.46
CITY 209 22.82 31.69 633.21 661.24
CITY 210 64.46 27.12 961.64 1007.52
CITY 211 36.32 58.69 2075.26 2107.68
CITY 212 18.39 2.31 1566.71 1606.57
CITY 213 94.04 70.07 181.26 206.27
CITY 214 10.30 6.38 1889.52 1925.97
CITY 215 2.64 39.70 1646.33 1668.82
CITY 216 26.25 15.53 1410.69 1457.25
CITY 217 30.94 24.74 617.85 656.65
CITY 218 13.13 83.85 71.11 111.02
CITY 219 86.04 32.52 1028.49 1077.74
CITY 220 54.06 27.24 961.52 1010.61
CITY 221 69.76 17.70 1288.23 1327.16
CITY 222 63.59 56.40 1129.68 1168.87
CITY 223 30.97 34.72 1164.35 1208.49
CITY 224 44.19 36.58 565.73 594.83
CITY 225 0.01 81.54 1823.76 1854.07
CITY 226 46.92 0.83 1982.35 2030.76
CITY 227 47.71 0.91 930.70 959.49
CITY 228 23.12 0.72 809.22 841.58
CITY 229 56.06 39.48 359.23 401.35
CITY 230 38.97 37.84 572.51 605.18
CITY 231 23.96 76.45 1956.39 2000.62
CITY 232 68.46 28.47 1599.12 1643.38
CITY 233 41.29 85.35 400.17 428.86
CITY 234 63.69 61.77 592.09 630.78
CITY 235 18.78 1.94 116.16 152.21
CITY 236 18.59 10.23 585.81 627.26
CITY 237 72.71 23.28 332.31 367.12
CITY 238 34.19 31.16 1720.05 1769.99
CITY 239 46.37 79.14 716.40 761.71
CITY 240 95.16 5.60 1669.12 1691.26
CITY 241 47.01 19.22 1810.05 1854.57
CITY 242 82.83 12.20 1653.06 1680.53
CITY 243 77.12 44.30 1587.77 1608.77
CITY 244 46.08 77.10 1124.72 1174.18
CITY 245 47.28 68.14 677.60 707.29
CITY 246 62.92 4.22 2015.14 2050.77
CITY 247 25.33 63.85 435.07 481.70
CITY 248 86.37 21.78 251.55 290.54
CITY 249 32.45 16.74 600.58 624.17
CITY 250 78.91 0.89 99.82 143.33
