NUM_CLIENTS 247
NUM_VEHICLES 24
CITY 0 0.0 0.0 0.0 5246
CITY 1 44.45 27.97 2359.14 2380.76
CITY 2 28.61 55.97 2551.21 2587.46
CITY 3 88.91 78.93 4627.89 4675.90
CITY 4 6.21 19.35 825.02 864.82
CITY 5 83.06 74.73 134.02 156.39
CITY 6 99.68 42.14 2997.68 3019.27
CITY 7 29.11 41.60 2177.57 2212.67
CITY 8 32.40 74.07 1406.83 1439.08
CITY 9 84.46 41.70 3598.80 3619.39
CITY 10 42.66 83.03 1378.34 1403.01
CITY 11 62.76 91.68 5192.49 5217.79
CITY 12 46.10 45.30 2420.17 2447.69
CITY 13 49.48 90.61 1355.49 1388.73
CITY 14 81.05 69.91 1416.35 1445.89
CITY 15 46.81 77.54 274.65 307.67
CITY 16 14.23 61.48 2598.64 2632.25
CITY 17 92.13 54.58 805.71 841.38
CITY 18 79.56 13.63 4139.39 4163.79
CITY 19 40.11 71.96 3675.88 3718.55
CITY 20 25.72 43.75 6.81 32.68
CITY 21 49.27 64.55 4892.07 4913.06
CITY 22 38.72 71.72 2820.12 2840.44
CITY 23 20.13 69.00 5007.36 5039.40
CITY 24 30.56 47.20 4520.24 4565.38
CITY 25 63.60 14.43 3027.36 3053.09
CITY 26 12.32 17.42 3958.06 3985.94
CITY 27 55.66 36.10 5107.57 5147.74
CITY 28 27.01 83.85 4114.21 4136.75
CITY 29 60.39 97.71 2890.88 2918.73
CITY 30 1.97 44.00 4837.28 4860.83
CITY 31 0.12 51.44 3761.54 3793.56
CITY 32 87.22 10.28 886.18 920.56
CITY 33 64.89 72.45 284.81 329.62
CITY 34 5.82 22.61 2206.48 2242.91
CITY 35 37.30 44.26 1970.88 2011.86
CITY 36 64.81 29.37 432.50 454.11
CITY 37 97.44 9.16 4813.43 4850.55
CITY 38 0.05 67.63 264.98 288.16
CITY 39 55.53 36.21 3774.96 3795.31
CITY 40 4.81 34.80 1501.96 1536.16
CITY 41 68.61 93.03 1193.23 1233.71
CITY 42 17.56 8.19 5142.78 5167.94
CITY 43 90.12 47.07 4699.61 4743.33
CITY 44 47.34 64.84 3504.38 3544.00
CITY 45 86.01 33.38 1195.43 1233.41
CITY 46 32.13 86.71 5132.42 5174.87
CITY 47 25.44 76.01 1800.67 1832.17
CITY 48 67.82 61.55 3855.41 3895.48
CITY 49 16.58 28.13 2101.59 2124.98
CITY 50 77.86 21.12 1515.78 1564.02
CITY 51 78.69 85.08 482.79 529.73
CITY 52 18.77 45.86 4057.95 4096.33
CITY 53 22.98 44.41 2201.80 2244.35
CITY 54 74.16 77.14 3568.23 3601.65
CITY 55 53.36 74.35 4679.05 4722.06
CITY 56 0.48 53.02 1784.85 1827.86
CITY 57 80.83 45.78 3110.91 3132.30
CITY 58 36.32 29.83 3759.76 3795.25
CITY 59 7.88 27.29 3181.38 3216.84
CITY 60 21.14 81.95 1753.18 1785.20
CITY 61 28.32 4.51 1847.10 1874.76
CITY 62 33.07 56.49 3001.00 3034.10
CITY 63 18.27 37.39 1265.16 1289.52
CITY 64 44.14 59.12 504.90 528.40
CITY 65 69.15 5.68 3643.10 3674.25
CITY 66 69.30 7.08 2775.87 2808.18
CITY 67 42.43 51.17 2878.08 2927.94
CITY 68 32.15 22.24 862.25 889.53
CITY 69 82.68 41.20 2598.42 2624.71
CITY 70 81.87 45.40 3608.34 3647.87
CITY 71 69.32 85.14 43.20 85.98
CITY 72 88.47 14.78 4460.38 4488.32
CITY 73 34.62 96.78 2573.79 2621.76
CITY 74 0.87 85.16 1540.65 1585.44
CITY 75 82.26 51.70 4595.19 4629.72
CITY 76 79.17 86.45 3732.09 3756.31
CITY 77 6.42 75.87 1464.83 1513.99
CITY 78 25.54 72.88 1455.09 1484.24
CITY 79 0.49 17.45 1288.12 1321.79
CITY 80 10.37 72.11 4774.35 4814.82
CITY 81 98.67 87.96 418.82 451.71
CITY 82 45.80 49.90 2781.60 2825.86
CITY 83 34.41 14.41 4324.01 4349.43
CITY 84 44.60 94.27 2223.15 2270.73
CITY 85 51.85 61.87 3063.98 3100.23
CITY 86 46.10 47.06 1523.44 1553.32
CITY 87 25.80 45.19 1532.36 1554.44
CITY 88 27.76 11.55 3171.52 3221.37
CITY 89 72.20 58.12 3595.22 3621.61
CITY 90 99.47 91.69 3591.77 3640.64
CITY 91 43.50 69.54 1729.60 1779.33
CITY 92 98.79 58.14 1305.07 1351.94
CITY 93 51.59 2.72 795.98 824.35
CITY 94 97.75 28.63 1530.77 1568.89
CITY 95 42.19 78.83 1815.86 1839.42
CITY 96 88.71 98.12 2128.23 2172.33
CITY 97 13.61 13.23 4788.61 4834.65
CITY 98 6.21 94.19 2417.88 2457.59
CITY 99 33.53 25.23 157.21 186.69
CITY 100 23.21 37.88 682.34 706.25
CITY 101 63.57 29.95 1289.00 1315.40
CITY 102 44.00 67.52 4200.58 4247.99
CITY 103 71.55 90.84 350.24 382.66
CITY 104 64.87 28.43 2372.33 2418.56
CITY 105 41.84 86.16 4155.76 4178.92
CITY 106 62.55 20.97 3629.55 3664.30
CITY 107 84.74 55.76 2537.05 2579.80
CITY 108 4.75 39.51 403.08 443.98
CITY 109 29.88 62.26 2653.37 2688.78
CITY 110 37.67 35.36 1694.43 1739.44
CITY 111 7.99 93.01 858.63 904.26
CITY 112 68.07 17.60 724.89 773.04
CITY 113 91.49 52.33 2807.37 2840.35
CITY 114 4.15 92.53 4334.41 4372.81
CITY 115 39.01 92.23 3147.32 3190.16
CITY 116 17.56 50.15 812.23 853.01
CITY 117 53.26 28.66 4590.29 4620.14
CITY 118 4.45 7.92 1144.26 1184.49
CITY 119 81.45 54.04 4505.18 4538.99
CITY 120 79.27 75.46 870.78 913.16
CITY 121 91.80 20.80 2247.74 2279.19
CITY 122 43.65 29.30 4092.62 4140.50
CITY 123 74.90 54.51 707.61 755.95
CITY 124 70.24 77.78 967.25 991.57
CITY 125 46.28 37.87 151.00 178.29
CITY 126 0.63 99.39 2510.28 2547.11
CITY 127 83.12 43.76 415.65 457.95
CITY 128 40.67 66.58 1182.38 1209.04
CITY 129 63.77 34.70 4520.97 4563.67
CITY 130 95.60 70.42 2495.84 2526.10
CITY 131 42.53 19.29 3379.34 3425.11
CITY 132 85.14 45.29 3347.87 3390.88
CITY 133 5.59 33.06 1764.86 1795.55
CITY 134 58.40 21.83 4892.13 4935.41
CITY 135 22.06 63.60 4286.25 4311.36
CITY 136 34.44 92.45 2328.65 2376.00
CITY 137 31.22 16.32 1322.77 1365.66
CITY 138 97.10 33.11 1754.95 1802.20
CITY 139 52.12 72.64 3639.06 3665.75
CITY 140 57.88 44.99 4756.95 4790.70
CITY 141 3.87 10.43 2159.30 2208.43
CITY 142 53.74 95.43 1868.92 1906.44
CITY 143 63.76 86.42 2077.00 2116.35
CITY 144 23.28 39.10 4088.06 4134.27
CITY 145 38.01 1.02 5008.47 5036.83
CITY 146 67.12 89.78 3876.88 3909.82
CITY 147 74.61 20.72 3697.87 3736.57
CITY 148 7.06 68.98 1472.67 1510.74
CITY 149 35.22 46.52 3582.50 3603.37
CITY 150 65.92 42.32 840.09 880.42
CITY 151 26.18 31.28 4366.23 4406.55
CITY 152 27.90 15.97 1426.75 1461.40
CITY 153 2.40 55.52 1678.47 1700.24
CITY 154 12.88 71.84 1171.12 1219.78
CITY 155 57.59 2.89 609.64 651.28
CITY 156 50.46 9.11 3944.84 3969.15
CITY 157 22.38 35.59 2856.36 2877.97
CITY 158 89.11 54.81 5186.71 5207.85
CITY 159 67.37 94.66 1901.61 1928.16
CITY 160 45.70 83.77 1027.39 1059.50
CITY 161 2.12 63.59 2337.43 2362.40
CITY 162 76.69 7.09 1656.33 1687.76
CITY 163 60.82 66.01 1912.60 1953.51
CITY 164 58.14 89.80 1836.54 1871.38
CITY 165 56.83 61.16 1926.96 1957.99
CITY 166 89.10 32.42 3369.80 3410.45
CITY 167 38.67 56.31 3281.49 3314.78
CITY 168 30.04 36.45 4624.92 4670.11
CITY 169 89.76 55.92 3243.68 3291.95
CITY 170 68.97 13.10 4433.44 4480.34
CITY 171 14.34 93.30 4896.73 4943.56
CITY 172 77.36 64.52 2601.24 2644.49
CITY 173 7.43 65.01 500.27 522.29
CITY 174 62.92 18.50 1555.52 1602.75
CITY 175 49.14 71.05 1661.00 1682.80
CITY 176 20.45 78.95 3454.36 3488.57
CITY 177 38.57 62.30 1361.75 1387.83
CITY 178 51.29 77.46 735.22 783.75
CITY 179 18.86 72.88 3549.92 3577.18
CITY 180 72.35 9.16 875.69 925.45
CITY 181 87.81 28.57 3828.33 3853.52
CITY 182 20.03 77.29 1213.53 1252.85
CITY 183 79.43 2.21 1301.67 1326.95
CITY 184 71.65 82.27 4682.52 4713.37
CITY 185 83.05 16.48 2484.70 2514.21
CITY 186 56.82 70.74 1466.90 1511.42
CITY 187 60.78 25.29 708.19 755.52
CITY 188 23.67 15.39 1571.72 1591.97
CITY 189 55.37 59.43 4961.20 5004.65
CITY 190 20.39 30.26 5004.96 5054.28
CITY 191 26.20 50.23 1906.36 1928.42
CITY 192 21.43 76.71 3239.25 3280.01
CITY 193 89.25 42.75 2161.59 2187.16
CITY 194 23.92 81.94 602.60 626.10
CITY 195 2.59 16.54 448.48 489.35
CITY 196 20.38 8.36 1162.80 1185.57
CITY 197 59.21 30.53 178.59 217.13
CITY 198 95.08 5.07 2832.01 2867.85
CITY 199 7.02 37.98 2141.63 2185.92
CITY 200 15.78 11.70 2973.56 3013.85
CITY 201 86.89 3.61 800.60 840.72
CITY 202 19.22 39.26 2918.01 2962.51
CITY 203 20.69 44.23 787.74 830.55
CITY 204 88.10 62.60 2541.14 2590.89
CITY 205 97.38 71.15 3615.23 3637.31
CITY 206 48.43 1.13 3404.39 3445.11
CITY 207 90.19 9.22 598.33 633.51
CITY 208 76.27 29.06 1668.22 1714.23
CITY 209 11.20 72.22 4061.83 4082.51
CITY 210 88.74 24.90 4950.15 4978.06
CITY 211 36.79 2.78 2562.11 2589.79
CITY 212 51.92 76.99 1792.32 1837.11
CITY 213 49.59 34.68 3654.64 3685.38
CITY 214 85.97 45.92 1174.78 1219.55
CITY 215 75.59 20.90 2049.17 2094.22
CITY 216 66.21 95.97 2617.89 2640.20
CITY 217 65.23 85.28 3867.66 3910.73
CITY 218 31.55 88.88 3923.20 3972.50
CITY 219 97.10 95.41 3947.36 3984.56
CITY 220 37.91 77.15 313.98 345.95
CITY 221 46.17 1.37 3085.43 3113.85
CITY 222 91.40 86.27 5028.94 5060.85
CITY 223 60.46 86.13 711.46 754.44
CITY 224 21.82 46.12 152.13 175.37
CITY 225 68.12 52.29 46.26 67.05
CITY 226 49.55 91.31 1425.51 1446.97
CITY 227 42.09 24.96 1123.39 1149.85
CITY 228 3.06 75.26 1754.40 1790.44
CITY 229 49.09 28.53 3615.61 3656.41
CITY 230 55.21 62.31 3383.07 3410.37
CITY 231 33.51 73.22 4368.43 4403.22
CITY 232 14.21 85.09 1688.82 1725.07
CITY 233 69.25 68.59 2859.93 2890.06
CITY 234 27.43 31.64 4521.91 4548.25
CITY 235 76.93 89.42 4961.22 5004.67
CITY 236 96.39 91.93 2698.70 2723.65
CITY 237 75.10 42.84 2819.67 2866.93
CITY 238 54.78 48.90 2059.59 2096.46
CITY 239 63.49 14.54 1249.75 1270.25
CITY 240 25.81 23.54 1326.73 1357.65
CITY 241 31.12 42.11 4154.53 4190.05
CITY 242 73.81 94.37 1380.83 1412.62
CITY 243 49.11 8.83 200.52 227.36
CITY 244 45.74 34.52 876.34 909.61
CITY 245 39.96 12.18 1861.99 1891.05
CITY 246 51.29 11.09 4033.41 4061.00
CITY 247 7.95 43.94 2826.88 2868.09
