NUM_CLIENTS 315
NUM_VEHICLES 31
CITY 0 0.0 0.0 0.0 8066
CITY 1 94.78 27.58 6042.40 6079.21
CITY 2 24.04 98.48 2510.19 2557.12
CITY 3 98.99 22.71 4009.79 4049.61
CITY 4 57.05 62.73 4833.21 4871.63
CITY 5 75.23 43.33 2785.14 2833.46
CITY 6 92.22 64.51 4809.98 4840.18
CITY 7 13.35 71.55 5228.64 5258.30
CITY 8 12.97 0.70 5555.12 5577.09
CITY 9 8.98 66.74 6044.58 6078.30
CITY 10 76.61 12.25 2301.64 2339.86
CITY 11 23.88 42.36 204.05 240.34
CITY 12 71.80 92.93 431.25 471.33
CITY 13 28.18 99.53 2582.97 2625.53
CITY 14 63.51 10.20 5245.73 5292.73
CITY 15 96.21 6.16 6788.72 6819.58
CITY 16 49.08 77.65 1666.82 1714.15
CITY 17 99.21 35.76 5894.97 5920.01
CITY 18 1.65 29.97 133.83 169.10
CITY 19 29.44 8.98 4117.61 4153.97
CITY 20 92.62 40.71 2175.81 2196.89
CITY 21 46.52 44.29 2600.64 2621.69
CITY 22 37.33 11.94 7957.03 7980.65
CITY 23 4.82 20.51 2963.28 2996.71
CITY 24 46.59 0.22 6701.93 6735.21
CITY 25 78.40 99.53 5269.47 5290.36
CITY 26 85.76 40.19 7280.04 7312.75
CITY 27 27.56 21.13 2926.24 2949.26
CITY 28 81.71 26.26 6911.79 6937.94
CITY 29 84.78 31.32 6223.38 6254.18
CITY 30 82.98 53.81 1283.52 1317.41
CITY 31 6.16 40.92 4964.96 4988.91
CITY 32 13.65 59.90 5260.78 5305.40
CITY 33 38.87 67.28 7143.47 7181.41
CITY 34 43.50 2.08 4198.12 4223.47
CITY 35 42.47 1.94 1360.39 1387.15
CITY 36 81.43 65.80 217.44 256.15
CITY 37 86.80 36.54 4700.24 4743.57
CITY 38 58.35 33.43 6261.43 6287.59
CITY 39 26.09 26.14 1560.50 1590.88
CITY 40 63.48 42.31 1639.41 1670.17
CITY 41 86.66 69.50 2152.87 2193.65
CITY 42 24.27 54.06 3796.00 3837.20
CITY 43 49.80 0.27 4498.27 4520.93
CITY 44 78.35 68.85 5651.30 5673.92
CITY 45 72.09 23.36 3793.59 3823.37
CITY 46 66.85 15.98 1619.53 1647.51
CITY 47 16.64 8.15 7256.39 7276.77
CITY 48 46.53 75.84 787.85 822.54
CITY 49 48.52 60.17 1923.75 1966.12
CITY 50 48.53 81.30 5177.38 5222.63
CITY 51 72.47 19.20 7595.24 7620.42
CITY 52 5.05 50.75 1135.99 1182.36
CITY 53 30.52 51.91 5281.01 5322.50
CITY 54 86.15 11.22 3934.32 3977.61
CITY 55 77.83 9.81 7059.75 7097.33
CITY 56 47.58 80.31 275.66 304.38
CITY 57 14.12 87.04 7948.89 7986.63
CITY 58 1.49 78.17 5066.09 5101.43
CITY 59 16.41 27.50 781.54 802.85
CITY 60 12.44 80.07 5238.28 5286.67
CITY 61 22.31 62.68 766.95 801.79
CITY 62 67.60 20.96 279.89 329.50
CITY 63 90.75 83.96 5922.70 5956.89
CITY 64 17.06 70.72 5123.17 5158.11
CITY 65 22.30 92.17 4172.78 4199.75
CITY 66 50.08 76.01 375.77 414.61
CITY 67 33.47 15.60 7663.12 7703.79
CITY 68 61.63 55.30 8010.30 8042.42
CITY 69 8.13 38.54 3620.69 3659.71
CITY 70 41.71 4.36 1097.42 1120.59
CITY 71 13.27 0.99 6731.59 6771.28
CITY 72 43.27 71.90 5099.27 5139.30
CITY 73 21.31 15.24 4609.52 4633.01
CITY 74 69.61 88.86 2666.89 2705.88
CITY 75 10.04 23.98 2054.39 2092.57
CITY 76 54.18 68.87 7887.57 7932.18
CITY 77 32.62 58.99 6571.92 6594.40
CITY 78 82.53 28.53 7539.04 7586.95
CITY 79 25.66 27.16 7306.16 7343.68
CITY 80 73.53 43.92 2820.04 2854.02
CITY 81 14.67 89.93 441.39 476.08
CITY 82 78.69 30.66 1006.41 1029.64
CITY 83 83.66 41.19 4561.16 4598.77
CITY 84 94.13 81.33 2609.71 2655.90
CITY 85 30.11 30.52 5561.22 5592.12
CITY 86 30.95 6.82 2343.94 2373.49
CITY 87 31.71 70.33 4101.13 4136.46
CITY 88 66.63 39.39 3037.32 3083.25
CITY 89 88.48 61.04 7174.86 7202.36
CITY 90 98.12 47.57 4473.77 4498.43
CITY 91 23.76 59.60 1794.06 1827.17
CITY 92 60.94 94.84 2727.31 2763.11
CITY 93 61.52 48.77 3877.44 3927.42
CITY 94 74.84 99.65 5914.31 5964.26
CITY 95 25.14 15.16 2063.20 2088.13
CITY 96 31.73 76.26 6378.89 6420.38
CITY 97 85.18 67.74 2204.84 2227.77
CITY 98 28.80 13.74 1840.33 1886.28
CITY 99 45.53 14.62 3563.49 3610.91
CITY 100 59.92 34.55 6597.97 6619.44
CITY 101 67.48 85.59 1893.44 1920.49
CITY 102 91.70 60.41 5322.96 5359.62
CITY 103 48.96 45.60 1812.53 1843.71
CITY 104 9.70 0.06 2737.23 2773.12
CITY 105 96.77 46.00 2856.73 2904.59
CITY 106 89.25 78.56 7770.25 7818.58
CITY 107 15.91 8.76 4838.60 4882.60
CITY 108 77.09 36.96 802.35 824.18
CITY 109 52.33 76.52 4520.39 4561.07
CITY 110 51.59 71.00 748.13 771.80
CITY 111 9.97 95.43 4972.76 4998.20
CITY 112 12.01 81.79 5697.61 5724.67
CITY 113 13.49 64.25 3300.49 3326.19
CITY 114 65.80 58.82 5257.75 5307.21
CITY 115 33.94 81.08 1566.86 1595.37
CITY 116 67.72 71.23 6161.53 6194.87
CITY 117 62.54 27.04 6642.46 6688.61
CITY 118 67.50 21.57 2332.98 2361.29
CITY 119 19.60 62.66 6189.60 6235.07
CITY 120 86.59 61.29 649.68 691.89
CITY 121 76.29 22.50 3015.46 3042.11
CITY 122 29.34 22.74 5271.80 5311.46
CITY 123 66.49 76.49 1368.39 1396.02
CITY 124 50.27 83.90 5905.70 5953.39
CITY 125 11.88 13.54 7300.28 7325.29
CITY 126 49.58 81.12 7554.55 7587.50
CITY 127 60.01 7.81 1174.26 1219.80
CITY 128 56.89 50.31 6535.43 6560.81
CITY 129 76.52 99.64 2331.69 2370.39
CITY 130 17.65 3.73 3077.35 3114.84
CITY 131 81.46 35.57 6542.00 6578.21
CITY 132 8.53 93.40 4532.85 4567.64
CITY 133 57.63 10.67 3252.01 3297.64
CITY 134 5.63 10.66 4287.47 4309.05
CITY 135 27.60 97.35 6023.45 6057.45
CITY 136 38.99 11.71 6936.21 6962.87
CITY 137 38.90 33.95 3778.34 3801.11
CITY 138 98.29 1.93 3093.66 3125.99
CITY 139 53.74 47.15 2503.04 2540.61
CITY 140 93.13 47.48 5153.49 5189.95
CITY 141 85.76 45.10 5121.35 5165.17
CITY 142 74.51 54.68 6428.26 6459.25
CITY 143 7.45 38.84 6901.68 6949.46
CITY 144 10.72 59.22 623.55 648.32
CITY 145 40.70 98.23 3804.23 3828.25
CITY 146 82.54 9.34 4775.56 4811.20
CITY 147 3.13 87.05 7655.52 7697.13
CITY 148 5.27 38.06 1863.52 1884.26
CITY 149 3.71 78.23 5397.95 5434.66
CITY 150 93.27 67.65 1283.11 1332.99
CITY 151 57.58 32.60 6804.46 6848.50
CITY 152 33.67 81.68 5642.18 5670.54
CITY 153 37.61 81.17 3466.89 3489.66
CITY 154 37.06 89.94 7632.58 7654.19
CITY 155 38.49 22.53 8008.29 8056.06
CITY 156 88.94 15.86 7465.32 7498.55
CITY 157 98.82 25.56 3399.90 3445.91
CITY 158 74.54 12.57 3281.30 3322.24
CITY 159 38.98 49.30 5162.43 5200.07
CITY 160 27.75 35.57 6024.86 6073.05
CITY 161 75.61 29.42 6066.63 6107.39
CITY 162 36.00 78.17 2089.97 2139.59
CITY 163 36.62 60.43 4267.73 4298.99
CITY 164 22.94 8.31 6749.17 6797.97
CITY 165 92.69 4.00 5184.82 5213.52
CITY 166 75.07 51.16 3894.32 3942.69
CITY 167 6.91 42.82 984.86 1016.26
CITY 168 34.32 88.80 4538.28 4569.40
CITY 169 92.70 9.59 5949.12 5991.05
CITY 170 68.19 28.00 1471.41 1491.56
CITY 171 34.73 67.66 2093.09 2138.30
CITY 172 46.53 97.57 487.42 523.16
CITY 173 83.77 2.68 6449.65 6476.88
CITY 174 52.73 74.84 7153.58 7203.17
CITY 175 64.49 94.96 3424.10 3453.72
CITY 176 63.36 44.83 6136.47 6169.94
CITY 177 56.52 76.12 3872.65 3896.64
CITY 178 73.37 92.20 5066.49 5105.93
CITY 179 5.78 76.87 2430.77 2462.30
CITY 180 16.76 47.74 3235.15 3262.82
CITY 181 97.96 88.62 4232.45 4254.30
CITY 182 69.28 92.19 4188.33 4227.56
CITY 183 43.11 80.21 7426.08 7468.97
CITY 184 23.26 75.94 857.65 893.55
CITY 185 54.33 40.41 3519.66 3559.90
CITY 186 92.48 59.54 2991.03 3014.26
CITY 187 95.42 60.24 1783.14 1830.31
CITY 188 15.87 28.34 3866.41 3905.78
CITY 189 64.25 61.69 1236.89 1266.98
CITY 190 21.64 89.97 162.50 182.76
CITY 191 14.69 79.68 7706.12 7737.17
CITY 192 61.24 38.57 2550.44 2594.48
CITY 193 55.95 48.58 3626.41 3657.40
CITY 194 81.46 4.16 5758.12 5789.41
CITY 195 22.13 63.12 521.85 551.21
CITY 196 40.74 79.04 868.53 917.27
CITY 197 15.77 56.44 7774.75 7803.42
CITY 198 65.78 21.13 3952.43 3988.34
CITY 199 1.42 56.83 5771.66 5796.27
CITY 200 73.00 77.32 4202.87 4240.61
CITY 201 3.98 96.03 3655.79 3700.76
CITY 202 88.46 75.04 7612.06 7646.59
CITY 203 61.91 10.13 2120.06 2165.07
CITY 204 59.11 55.19 3816.35 3857.29
CITY 205 47.58 97.11 846.31 878.80
CITY 206 57.11 14.32 2765.81 2790.89
CITY 207 30.95 92.65 676.03 696.52
CITY 208 39.97 60.93 5224.96 5258.24
CITY 209 29.21 0.16 5523.34 5545.00
CITY 210 51.36 13.23 5047.83 5088.50
CITY 211 39.82 74.37 571.92 592.18
CITY 212 9.38 52.66 2715.28 2742.59
CITY 213 45.38 0.65 499.88 520.50
CITY 214 0.62 14.97 1125.99 1167.74
CITY 215 16.93 39.58 6643.39 6689.61
CITY 216 94.39 4.18 767.92 810.28
CITY 217 12.19 96.65 614.47 661.90
CITY 218 54.61 6.82 3036.49 3062.36
CITY 219 26.86 58.80 41.61 73.07
CITY 220 46.32 61.60 7222.39 7267.68
CITY 221 3.97 98.07 2257.41 2286.55
CITY 222 8.16 80.33 6228.10 6260.87
CITY 223 83.59 55.86 5961.38 5992.26
CITY 224 56.74 25.73 1083.11 1132.21
CITY 225 59.01 32.94 5059.08 5082.72
CITY 226 44.61 10.85 7200.31 7234.86
CITY 227 86.76 15.59 2619.31 2664.93
CITY 228 78.67 59.51 2534.22 2555.30
CITY 229 15.70 27.54 5922.39 5969.42
CITY 230 8.36 51.83 7730.71 7754.97
CITY 231 32.56 79.95 5102.29 5123.81
CITY 232 69.53 94.75 4951.39 5000.52
CITY 233 0.20 88.01 2359.90 2408.96
CITY 234 65.08 13.83 1725.60 1774.55
CITY 235 17.94 11.54 3710.97 3740.58
CITY 236 50.32 49.77 1001.58 1042.17
CITY 237 19.43 0.24 133.33 156.03
CITY 238 20.64 80.20 1044.15 1071.20
CITY 239 77.81 41.53 3409.30 3451.26
CITY 240 81.66 28.01 4152.79 4177.81
CITY 241 51.03 48.92 87.19 134.55
CITY 242 61.49 4.39 6685.94 6714.91
CITY 243 43.24 3.13 4638.14 4669.74
CITY 244 39.14 44.91 6707.20 6732.44
CITY 245 37.83 63.28 7593.73 7635.00
CITY 246 84.90 94.55 2500.08 2538.38
CITY 247 7.01 98.07 333.17 376.93
CITY 248 49.28 98.40 2387.21 2437.14
CITY 249 32.76 25.70 6656.92 6686.54
CITY 250 50.21 26.47 2442.35 2474.56
CITY 251 46.78 71.70 946.19 986.83
CITY 252 90.02 45.02 2762.09 2789.73
CITY 253 46.56 74.64 1698.58 1743.85
CITY 254 52.11 84.89 6170.34 6194.72
CITY 255 78.30 17.35 3755.01 3786.34
CITY 256 96.09 25.71 5880.82 5919.76
CITY 257 12.81 86.12 6160.13 6203.24
CITY 258 28.96 42.83 2447.72 2486.56
CITY 259 64.76 18.91 5847.99 5889.59
CITY 260 15.53 10.01 2406.82 2438.36
CITY 261 32.64 85.11 7735.26 7764.08
CITY 262 89.91 20.12 7936.37 7961.53
CITY 263 97.85 13.65 1994.68 2038.37
CITY 264 33.29 24.47 2798.46 2830.97
CITY 265 80.91 98.58 6205.93 6241.65
CITY 266 96.33 76.52 6540.80 6583.91
CITY 267 67.08 30.33 7227.47 7251.93
CITY 268 0.53 78.72 1772.19 1813.18
CITY 269 54.72 11.30 1865.81 1904.87
CITY 270 63.88 7.32 4901.70 4948.71
CITY 271 67.20 48.18 64.36 111.79
CITY 272 87.66 11.52 633.15 675.61
CITY 273 52.83 63.67 6715.23 6741.59
CITY 274 35.37 60.96 1286.23 1308.43
CITY 275 35.82 46.26 5790.93 5823.08
CITY 276 3.91 77.58 3017.00 3063.96
CITY 277 44.85 63.76 181.80 228.41
CITY 278 82.03 60.55 6297.10 6321.22
CITY 279 87.18 37.06 308.40 356.55
CITY 280 55.67 9.25 243.91 281.25
CITY 281 26.48 22.10 284.51 318.29
CITY 282 22.53 75.00 5429.52 5459.59
CITY 283 56.59 14.60 5156.23 5195.09
CITY 284 55.36 83.42 4217.57 4249.05
CITY 285 19.77 16.50 3154.90 3188.26
CITY 286 73.66 69.50 805.27 834.55
CITY 287 7.92 6.14 2723.08 2768.86
CITY 288 50.29 85.32 6902.82 6952.60
CITY 289 27.63 26.61 7829.76 7855.34
CITY 290 72.12 29.18 4744.83 4765.75
CITY 291 37.64 99.48 2062.33 2093.78
CITY 292 11.20 94.05 4057.80 4083.85
CITY 293 90.52 50.63 5979.78 6012.17
CITY 294 30.05 72.42 5535.26 5577.05
CITY 295 83.31 90.83 6990.53 7021.21
CITY 296 28.44 47.46 1972.94 2016.65
CITY 297 29.28 87.71 1070.80 1106.05
CITY 298 58.94 80.11 1298.07 1327.23
CITY 299 81.68 45.82 4520.39 4568.67
CITY 300 54.32 18.71 6393.65 6423.84
CITY 301 69.19 2.64 5220.25 5248.64
CITY 302 12.21 0.94 2406.46 2444.20
CITY 303 39.95 10.95 6650.48 6684.68
CITY 304 52.67 80.02 2980.07 3017.04
CITY 305 83.62 3.13 2776.70 2817.80
CITY 306 54.64 38.43 1026.47 1068.79
CITY 307 59.46 84.96 1723.07 1760.06
CITY 308 80.12 92.64 5859.55 5879.80
CITY 309 74.61 62.88 1024.85 1055.24
CITY 310 35.12 19.53 2682.75 2722.52
CITY 311 86.64 36.92 5556.64 5590.27
CITY 312 82.23 66.82 1749.06 1774.33
CITY 313 35.88 31.15 4255.17 4300.38
CITY 314 80.67 12.30 8014.50 8056.64
CITY 315 11.70 44.49 977.32 1004.45
