NUM_CLIENTS 176
NUM_VEHICLES 17
CITY 0 0.0 0.0 0.0 7059
CITY 1 5.59 27.86 4484.88 4524.80
CITY 2 78.26 66.07 2619.26 2656.37
CITY 3 63.87 46.92 3775.64 3819.53
CITY 4 11.82 65.37 4284.27 4315.21
CITY 5 51.27 7.46 1691.33 1735.55
CITY 6 80.33 2.63 6327.05 6364.88
CITY 7 30.39 73.37 1972.49 2000.34
CITY 8 77.00 68.24 3829.23 3859.09
CITY 9 60.48 22.27 1787.01 1811.68
CITY 10 55.97 88.66 7006.60 7047.70
CITY 11 97.70 62.22 4805.96 4838.98
CITY 12 84.18 59.65 147.95 182.97
CITY 13 99.35 95.72 350.31 382.99
CITY 14 92.22 7.26 6738.16 6766.90
CITY 15 86.01 42.89 4476.55 4522.68
CITY 16 38.87 10.28 5321.51 5362.06
CITY 17 83.53 27.83 6801.18 6833.45
CITY 18 86.54 5.02 6792.22 6822.49
CITY 19 51.89 97.87 3885.59 3913.99
CITY 20 67.83 25.49 4538.56 4573.10
CITY 21 68.42 97.50 2258.99 2293.51
CITY 22 28.49 0.68 1615.38 1641.30
CITY 23 36.55 74.64 3644.16 3676.56
CITY 24 44.73 58.95 4267.51 4292.85
CITY 25 15.23 31.01 2128.98 2176.88
CITY 26 41.93 64.53 704.69 732.80
CITY 27 96.53 34.62 3546.94 3573.30
CITY 28 99.54 7.53 4013.28 4035.76
CITY 29 13.63 86.12 2828.24 2854.61
CITY 30 93.23 83.51 6892.02 6925.32
CITY 31 75.19 69.74 3318.59 3354.53
CITY 32 57.73 85.03 1159.46 1194.65
CITY 33 23.48 65.87 2526.12 2557.24
CITY 34 19.85 27.83 3772.30 3797.76
CITY 35 24.10 63.36 821.38 850.78
CITY 36 85.77 47.73 4219.56 4262.92
CITY 37 67.22 37.07 6827.23 6853.55
CITY 38 54.57 89.29 6887.54 6931.72
CITY 39 24.84 90.57 1435.32 1466.17
CITY 40 50.42 21.57 3469.26 3492.78
CITY 41 31.96 16.68 2241.32 2281.77
CITY 42 71.74 14.72 1645.20 1686.16
CITY 43 9.60 20.45 2449.19 2491.46
CITY 44 79.16 88.58 2284.21 2317.32
CITY 45 55.17 49.08 6213.34 6244.55
CITY 46 1.23 70.95 6004.51 6034.28
CITY 47 32.61 52.32 7002.11 7031.26
CITY 48 51.85 61.31 2050.88 2085.15
CITY 49 67.87 15.92 2656.71 2687.67
CITY 50 34.73 44.07 1259.52 1285.19
CITY 51 73.25 45.18 5369.96 5416.26
CITY 52 15.72 63.98 6090.36 6138.91
CITY 53 72.39 38.05 3669.75 3700.76
CITY 54 53.85 82.64 952.40 976.71
CITY 55 20.29 70.67 579.61 611.87
CITY 56 46.02 84.92 445.19 476.29
CITY 57 85.01 63.59 3148.70 3169.44
CITY 58 77.54 83.55 5375.75 5420.63
CITY 59 87.44 93.72 3110.79 3158.54
CITY 60 75.71 85.12 3818.64 3859.54
CITY 61 42.14 73.61 629.05 678.67
CITY 62 98.76 58.79 3312.03 3347.78
CITY 63 86.17 69.03 5952.24 5979.69
CITY 64 18.43 93.50 3860.25 3910.14
CITY 65 79.81 70.45 4588.91 4632.21
CITY 66 98.45 86.89 2735.94 2780.77
CITY 67 45.29 74.78 5922.87 5965.65
CITY 68 48.67 75.97 1891.23 1919.88
CITY 69 11.38 62.63 6495.67 6520.31
CITY 70 16.90 1.20 6761.61 6801.31
CITY 71 78.49 77.16 5825.33 5865.63
CITY 72 80.00 13.15 3965.53 4007.55
CITY 73 12.20 51.78 3137.00 3173.77
CITY 74 88.24 37.61 6419.04 6452.02
CITY 75 59.26 65.22 4241.94 4269.83
CITY 76 7.42 95.12 4612.09 4647.96
CITY 77 51.87 15.20 987.49 1018.93
CITY 78 97.44 51.63 5121.01 5141.46
CITY 79 69.40 48.47 2616.16 2651.02
CITY 80 79.88 75.02 1720.47 1760.00
CITY 81 63.40 36.03 4194.86 4234.40
CITY 82 65.05 41.52 1235.04 1273.83
CITY 83 68.66 38.33 2103.28 2127.48
CITY 84 31.91 54.71 3829.01 3866.48
CITY 85 79.36 0.17 6772.16 6808.61
CITY 86 51.44 76.34 6560.29 6603.17
CITY 87 52.53 9.18 6279.15 6312.96
CITY 88 28.23 74.46 6406.84 6432.97
CITY 89 40.03 24.45 6821.14 6856.48
CITY 90 50.76 33.37 3913.48 3948.65
CITY 91 26.11 76.99 1467.83 1512.81
CITY 92 13.43 11.29 1390.61 1423.56
CITY 93 79.03 71.08 6964.01 7009.62
CITY 94 21.24 55.91 6678.10 6721.37
CITY 95 7.27 58.73 4793.80 4828.93
CITY 96 80.10 23.29 6251.38 6292.33
CITY 97 4.67 59.13 3287.06 3336.12
CITY 98 32.95 77.14 3592.91 3636.52
CITY 99 17.66 55.53 3897.98 3946.80
CITY 100 6.57 52.56 5234.84 5263.22
CITY 101 16.61 9.15 6684.24 6730.97
CITY 102 10.48 15.95 2708.60 2747.18
CITY 103 44.08 38.76 1522.38 1546.31
CITY 104 21.25 13.29 3429.65 3453.05
CITY 105 78.66 1.70 1245.74 1273.07
CITY 106 14.06 85.60 3685.91 3722.45
CITY 107 87.29 53.31 4282.73 4307.74
CITY 108 41.45 2.43 1834.34 1865.77
CITY 109 13.03 45.35 6145.61 6168.29
CITY 110 88.82 10.29 4028.74 4055.49
CITY 111 93.42 1.86 6300.18 6322.26
CITY 112 60.20 83.89 5310.98 5332.92
CITY 113 39.70 63.72 1094.11 1130.41
CITY 114 1.80 21.53 3145.52 3166.48
CITY 115 2.99 56.57 6219.36 6265.99
CITY 116 9.10 59.68 34.24 80.21
CITY 117 75.56 38.82 2716.10 2762.06
CITY 118 23.62 40.30 6558.12 6592.98
CITY 119 89.45 15.67 4435.08 4463.55
CITY 120 4.86 71.30 6700.07 6720.29
CITY 121 73.58 89.60 4835.47 4882.09
CITY 122 35.08 24.10 1449.53 1470.34
CITY 123 95.47 71.03 2952.28 2982.05
CITY 124 6.82 31.23 5842.26 5870.43
CITY 125 93.84 48.53 248.79 295.62
CITY 126 66.55 81.01 6641.80 6664.81
CITY 127 22.13 12.56 4147.10 4180.39
CITY 128 5.51 86.48 4110.71 4158.82
CITY 129 79.29 29.34 0.84 30.13
CITY 130 63.77 20.15 3974.55 4014.95
CITY 131 41.49 23.89 3949.33 3975.99
CITY 132 38.39 66.09 3627.00 3675.58
CITY 133 48.05 20.06 4240.53 4278.17
CITY 134 87.36 1.94 81.75 125.61
CITY 135 29.84 39.18 4777.79 4812.43
CITY 136 4.38 71.34 3017.55 3044.78
CITY 137 12.13 39.13 38.12 83.03
CITY 138 1.78 57.75 5386.68 5433.80
CITY 139 37.02 84.21 3580.70 3620.96
CITY 140 71.86 29.05 6030.18 6058.81
CITY 141 16.13 9.77 739.81 779.17
CITY 142 59.78 14.04 1185.80 1208.65
CITY 143 97.75 10.52 3660.81 3708.75
CITY 144 0.70 74.41 5909.11 5932.47
CITY 145 48.66 34.91 3199.17 3229.48
CITY 146 91.91 74.30 6483.24 6514.94
CITY 147 90.36 47.32 2483.43 2504.05
CITY 148 40.12 88.54 4538.35 4578.20
CITY 149 67.36 90.75 4396.71 4425.22
CITY 150 19.63 60.41 3022.86 3055.61
CITY 151 87.98 87.04 3911.71 3954.47
CITY 152 49.90 95.68 71.20 117.85
CITY 153 25.71 96.98 3894.97 3929.55
CITY 154 88.98 82.84 2687.63 2727.83
CITY 155 22.75 48.79 5271.33 5293.98
CITY 156 29.15 14.27 6755.44 6801.25
CITY 157 46.90 68.62 4079.54 4112.68
CITY 158 29.54 21.79 6053.17 6084.07
CITY 159 36.82 1.53 3924.57 3946.10
CITY 160 14.51 61.72 129.42 162.21
CITY 161 58.27 30.50 1372.36 1401.81
CITY 162 91.13 25.43 5687.46 5728.09
CITY 163 59.35 20.31 4409.98 4431.12
CITY 164 78.33 2.48 3649.64 3674.43
CITY 165 32.34 64.50 816.04 857.33
CITY 166 66.50 44.20 1057.44 1083.38
CITY 167 0.60 29.56 3448.32 3491.85
CITY 168 1.28 17.35 1190.13 1219.82
CITY 169 91.58 66.07 562.55 590.19
CITY 170 9.33 42.13 6966.63 7003.01
CITY 171 90.75 34.64 6491.07 6525.82
CITY 172 26.59 3.16 2722.07 2771.39
CITY 173 44.91 3.62 5406.46 5434.50
CITY 174 16.47 11.36 1317.19 1343.31
CITY 175 75.51 61.10 2846.38 2885.30
CITY 176 10.33 76.08 6725.62 6772.30
