NUM_CLIENTS 150
NUM_VEHICLES 90
CITY 0 0.0 0.0 0.0 1581
CITY 1 81.05 73.60 11.88 59.80
CITY 2 71.57 56.89 535.11 578.48
CITY 3 58.35 82.35 1190.85 1217.71
CITY 4 45.37 14.19 300.14 348.20
CITY 5 54.97 53.96 599.19 642.07
CITY 6 13.03 84.63 404.48 426.73
CITY 7 74.26 15.62 224.23 258.68
CITY 8 5.38 12.31 944.28 978.66
CITY 9 55.75 27.79 263.02 301.60
CITY 10 44.31 72.15 139.85 172.64
CITY 11 59.08 41.23 207.71 253.51
CITY 12 53.10 94.52 172.81 202.39
CITY 13 95.29 15.86 1346.33 1385.28
CITY 14 0.76 70.12 1327.88 1348.85
CITY 15 5.86 1.69 562.41 609.56
CITY 16 95.66 56.44 1178.76 1212.30
CITY 17 42.32 78.68 957.44 988.57
CITY 18 59.01 77.84 539.36 567.91
CITY 19 84.35 94.58 392.20 437.45
CITY 20 13.69 81.01 712.32 732.40
CITY 21 4.41 5.94 190.25 233.76
CITY 22 12.26 20.72 1236.07 1278.17
CITY 23 41.26 22.99 693.42 721.71
CITY 24 94.32 48.90 654.61 675.89
CITY 25 1.31 9.74 1115.41 1146.39
CITY 26 10.74 59.27 1330.89 1354.13
CITY 27 34.27 6.08 138.43 173.68
CITY 28 40.86 10.17 91.96 133.33
CITY 29 33.21 96.88 1246.57 1275.20
CITY 30 97.00 95.39 758.38 784.37
CITY 31 40.06 11.42 308.96 329.48
CITY 32 43.51 34.89 1317.15 1357.45
CITY 33 44.68 70.34 916.76 951.65
CITY 34 20.46 56.13 517.65 567.65
CITY 35 80.37 77.70 933.19 957.89
CITY 36 80.99 93.87 1412.32 1457.47
CITY 37 88.96 43.68 236.50 267.09
CITY 38 6.41 24.05 220.24 265.85
CITY 39 1.90 5.76 414.59 447.04
CITY 40 10.02 96.51 963.42 984.17
CITY 41 6.78 11.65 689.78 724.35
CITY 42 46.74 91.39 66.81 109.28
CITY 43 26.27 23.60 1178.54 1215.10
CITY 44 82.05 56.29 1074.60 1115.82
CITY 45 69.64 57.42 489.19 529.22
CITY 46 70.77 31.67 271.80 299.46
CITY 47 60.88 3.79 906.85 946.25
CITY 48 59.79 49.69 1398.03 1441.53
CITY 49 52.92 49.28 350.22 372.17
CITY 50 46.32 43.90 192.94 225.38
CITY 51 60.30 74.99 165.23 212.47
CITY 52 95.55 14.84 747.62 796.19
CITY 53 48.50 57.10 387.58 432.50
CITY 54 76.22 43.69 330.83 371.50
CITY 55 51.54 59.10 449.73 486.78
CITY 56 11.39 61.05 1237.47 1259.48
CITY 57 82.25 26.41 1353.69 1399.13
CITY 58 95.58 13.96 336.01 357.54
CITY 59 46.07 90.41 1294.11 1317.28
CITY 60 41.07 84.10 1015.01 1054.79
CITY 61 63.08 66.04 404.69 450.18
CITY 62 90.19 54.57 1490.30 1512.81
CITY 63 36.94 70.18 945.73 981.12
CITY 64 50.45 99.31 899.35 946.37
CITY 65 89.74 8.35 686.02 706.69
CITY 66 83.63 50.36 903.81 932.50
CITY 67 66.15 3.05 1257.75 1279.87
CITY 68 54.66 39.90 405.51 441.57
CITY 69 16.07 12.02 1450.09 1496.59
CITY 70 52.19 73.74 364.60 414.09
CITY 71 97.25 37.38 1428.34 1464.52
CITY 72 6.17 2.57 831.48 864.05
CITY 73 32.02 66.66 1270.62 1296.02
CITY 74 18.89 56.34 465.62 497.72
CITY 75 76.46 66.80 1430.84 1466.17
CITY 76 49.97 81.71 421.30 446.26
CITY 77 67.04 55.97 777.63 811.53
CITY 78 75.22 57.86 1529.55 1577.46
CITY 79 47.71 63.54 416.31 453.98
CITY 80 22.93 11.79 1386.08 1408.73
CITY 81 58.10 11.25 659.69 694.53
CITY 82 55.18 24.81 751.50 791.72
CITY 83 80.85 55.32 350.90 392.59
CITY 84 35.40 77.90 710.02 753.96
CITY 85 80.48 67.00 615.60 644.38
CITY 86 4.52 60.47 651.30 690.49
CITY 87 83.51 37.63 841.68 883.29
CITY 88 93.56 42.93 414.05 449.40
CITY 89 15.17 44.39 242.64 272.78
CITY 90 38.59 15.98 1429.73 1467.13
CITY 91 24.32 63.03 428.61 465.01
CITY 92 0.03 96.77 1470.39 1513.75
CITY 93 26.59 40.01 1069.66 1096.50
CITY 94 4.11 43.59 1508.20 1540.06
CITY 95 15.13 98.75 811.89 849.94
CITY 96 6.81 2.21 1277.02 1299.70
CITY 97 7.39 99.87 181.79 228.67
CITY 98 99.42 24.83 1015.66 1065.27
CITY 99 64.01 16.32 1258.36 1284.50
CITY 100 40.74 23.26 732.64 764.87
CITY 101 0.04 18.66 388.16 435.71
CITY 102 32.12 51.10 619.33 662.72
CITY 103 70.03 91.00 558.04 606.73
CITY 104 75.05 49.56 408.78 447.27
CITY 105 42.89 65.03 1337.90 1378.81
CITY 106 27.36 78.77 643.33 688.68
CITY 107 47.00 74.03 1373.69 1421.63
CITY 108 6.53 51.58 1075.00 1112.83
CITY 109 57.32 54.66 73.62 109.86
CITY 110 90.76 0.29 619.47 664.47
CITY 111 14.55 27.15 683.58 715.99
CITY 112 84.78 10.46 354.47 384.26
CITY 113 18.47 39.45 582.70 610.66
CITY 114 42.22 66.32 949.08 996.53
CITY 115 69.89 58.18 1069.35 1105.83
CITY 116 31.16 50.67 872.74 913.40
CITY 117 86.67 32.73 904.88 954.25
CITY 118 80.36 4.93 198.78 222.82
CITY 119 59.91 18.06 1294.97 1338.40
CITY 120 99.47 24.64 1422.63 1469.30
CITY 121 4.45 11.34 731.69 764.36
CITY 122 72.82 22.71 916.53 959.11
CITY 123 55.52 39.49 650.72 678.18
CITY 124 97.59 64.76 162.11 199.49
CITY 125 32.77 59.95 586.43 606.66
CITY 126 2.48 65.61 880.62 924.83
CITY 127 29.87 97.13 390.58 411.99
CITY 128 92.05 99.86 1047.94 1076.16
CITY 129 90.30 86.16 942.97 975.91
CITY 130 41.05 32.69 672.86 697.71
CITY 131 82.02 93.14 488.73 534.69
CITY 132 49.00 44.31 827.56 848.44
CITY 133 45.06 95.30 1178.14 1227.08
CITY 134 19.23 50.64 935.70 968.45
CITY 135 24.25 78.22 402.55 434.69
CITY 136 38.13 13.08 973.60 1016.72
CITY 137 33.65 28.92 174.87 213.85
CITY 138 60.37 34.70 1417.46 1437.74
CITY 139 93.19 42.55 1311.33 1334.88
CITY 140 15.22 18.10 1169.06 1202.62
CITY 141 96.43 47.84 1008.76 1038.07
CITY 142 13.43 31.60 112.41 133.24
CITY 143 7.91 28.09 1505.89 1528.66
CITY 144 91.07 85.18 1250.05 1277.59
CITY 145 79.69 63.94 1520.92 1541.10
CITY 146 90.44 53.69 174.80 212.46
CITY 147 98.20 48.12 762.19 798.95
CITY 148 19.59 7.91 888.89 935.37
CITY 149 35.84 93.07 1374.74 1422.67
CITY 150 27.32 13.49 1102.50 1146.28
