NUM_CLIENTS 175
NUM_VEHICLES 17
CITY 0 0.0 0.0 0.0 8670
CITY 1 3.45 46.51 4764.76 4805.07
CITY 2 29.91 22.66 5588.66 5629.49
CITY 3 52.47 87.31 71.45 108.82
CITY 4 81.18 91.30 3695.70 3742.68
CITY 5 93.28 56.84 6759.19 6808.47
CITY 6 64.49 87.65 2698.18 2718.68
CITY 7 32.67 87.12 5312.87 5342.19
CITY 8 75.55 74.76 2971.66 3009.88
CITY 9 37.47 22.57 2474.77 2518.62
CITY 10 23.49 38.17 2531.50 2568.46
CITY 11 10.03 6.15 4305.42 4352.96
CITY 12 60.52 44.46 1227.66 1252.48
CITY 13 69.76 30.75 7822.23 7864.14
CITY 14 8.46 99.00 8053.86 8080.96
CITY 15 3.41 14.78 95.75 129.56
CITY 16 36.33 5.99 7299.59 7344.86
CITY 17 80.49 98.36 5271.13 5314.05
CITY 18 69.29 69.38 2096.71 2132.83
CITY 19 3.87 31.92 2173.48 2200.69
CITY 20 55.41 64.91 5839.98 5863.49
CITY 21 43.48 89.09 606.61 649.46
CITY 22 88.58 49.80 7519.70 7541.34
CITY 23 40.25 85.87 7799.89 7840.41
CITY 24 95.09 36.59 7625.43 7655.82
CITY 25 56.84 86.66 7703.69 7728.39
CITY 26 14.37 25.84 2748.22 2796.53
CITY 27 33.87 21.21 1096.20 1125.31
CITY 28 97.26 98.56 2664.79 2707.80
CITY 29 18.95 80.17 4929.00 4960.21
CITY 30 8.54 44.72 4861.76 4887.73
CITY 31 93.78 23.85 682.16 715.17
CITY 32 32.71 91.22 4151.60 4182.08
CITY 33 65.93 76.39 5152.50 5193.75
CITY 34 1.30 43.14 7044.64 7076.97
CITY 35 11.20 78.53 6963.49 6999.05
CITY 36 48.47 4.10 6955.66 6995.10
CITY 37 6.38 82.74 8460.55 8501.15
CITY 38 57.79 60.11 7178.91 7203.27
CITY 39 27.54 13.23 3799.74 3849.72
CITY 40 51.94 60.25 5002.95 5039.90
CITY 41 13.50 57.63 8095.69 8115.91
CITY 42 64.18 55.25 486.24 510.57
CITY 43 50.25 4.73 3304.26 3325.83
CITY 44 93.57 74.40 4921.64 4946.14
CITY 45 40.84 26.27 6288.78 6319.40
CITY 46 99.88 56.73 2809.68 2848.08
CITY 47 55.16 54.79 2343.10 2391.94
CITY 48 59.42 24.18 8135.24 8180.14
CITY 49 35.32 30.79 598.09 641.21
CITY 50 90.45 64.15 8120.99 8161.61
CITY 51 37.28 51.03 2638.18 2672.34
CITY 52 33.63 38.06 1939.83 1985.57
CITY 53 92.66 4.73 3202.52 3252.41
CITY 54 58.44 99.93 2346.50 2378.24
CITY 55 10.81 1.05 839.49 884.69
CITY 56 90.79 67.28 6256.06 6303.57
CITY 57 5.26 39.47 3232.28 3263.57
CITY 58 83.63 84.64 7154.36 7175.24
CITY 59 34.89 2.08 4407.62 4438.44
CITY 60 37.26 45.78 2843.13 2879.26
CITY 61 57.45 82.61 4105.68 4146.66
CITY 62 24.86 9.62 5187.87 5222.49
CITY 63 22.58 15.20 4887.11 4924.92
CITY 64 70.49 32.56 1313.74 1354.56
CITY 65 76.70 56.65 7998.90 8030.52
CITY 66 84.68 59.25 231.93 265.60
CITY 67 90.65 27.20 614.14 657.07
CITY 68 86.97 18.73 5823.47 5850.30
CITY 69 8.07 7.43 5450.82 5472.30
CITY 70 43.69 41.65 5807.64 5834.67
CITY 71 45.00 99.20 8032.16 8055.43
CITY 72 21.92 85.63 2149.21 2187.57
CITY 73 98.28 24.34 8591.56 8622.66
CITY 74 16.25 49.08 7942.21 7986.07
CITY 75 20.73 38.59 6897.75 6939.89
CITY 76 18.07 44.30 5457.10 5501.19
CITY 77 41.68 40.34 7748.36 7784.93
CITY 78 41.39 53.15 6447.06 6495.81
CITY 79 92.02 4.07 427.73 458.54
CITY 80 55.62 65.76 7936.82 7977.81
CITY 81 21.52 11.58 4043.81 4074.98
CITY 82 89.25 91.29 7354.93 7383.02
CITY 83 68.46 98.75 6433.41 6482.57
CITY 84 45.41 10.65 5479.78 5528.62
CITY 85 45.41 96.66 6141.09 6169.31
CITY 86 92.64 91.97 6888.29 6934.69
CITY 87 97.99 87.13 986.64 1026.73
CITY 88 84.29 98.26 7241.24 7289.90
CITY 89 27.11 40.63 7659.78 7699.51
CITY 90 34.11 11.05 803.41 823.52
CITY 91 83.56 91.87 3577.52 3601.77
CITY 92 39.55 42.82 4769.31 4798.03
CITY 93 78.38 66.70 2025.22 2071.43
CITY 94 68.50 21.98 8026.61 8061.49
CITY 95 43.36 60.45 7667.06 7705.61
CITY 96 4.55 66.27 2375.09 2422.77
CITY 97 79.75 23.30 6914.18 6937.25
CITY 98 42.79 18.45 3698.33 3726.41
CITY 99 84.63 61.39 928.52 967.97
CITY 100 9.67 38.49 1380.68 1416.18
CITY 101 40.39 71.23 4633.22 4655.01
CITY 102 37.40 20.66 747.37 778.20
CITY 103 62.99 7.72 8434.24 8464.61
CITY 104 11.37 10.93 3829.66 3849.80
CITY 105 48.51 28.95 1617.63 1646.83
CITY 106 97.80 57.76 1650.18 1675.31
CITY 107 17.57 76.98 7662.19 7704.61
CITY 108 48.26 38.03 5259.49 5308.65
CITY 109 40.73 16.05 1466.78 1502.44
CITY 110 34.11 94.70 8526.55 8574.54
CITY 111 27.34 19.70 1857.32 1898.48
CITY 112 31.41 68.15 4271.89 4292.34
CITY 113 44.74 44.70 238.00 271.55
CITY 114 61.01 15.15 5417.33 5440.46
CITY 115 48.71 40.73 3786.66 3824.36
CITY 116 81.00 5.56 1074.96 1121.91
CITY 117 74.08 26.25 2834.28 2856.87
CITY 118 3.76 31.63 2876.86 2899.20
CITY 119 89.79 66.25 2494.57 2525.64
CITY 120 12.94 95.82 2042.02 2078.44
CITY 121 0.61 96.28 7283.01 7305.63
CITY 122 45.14 89.08 5603.72 5635.14
CITY 123 60.68 11.73 2637.18 2663.55
CITY 124 24.54 68.91 3013.09 3038.47
CITY 125 9.64 35.94 5284.25 5312.54
CITY 126 94.08 10.92 5903.68 5932.64
CITY 127 7.66 88.11 1964.50 1998.76
CITY 128 89.56 51.77 62.11 100.69
CITY 129 20.16 7.17 4235.85 4257.91
CITY 130 61.86 48.70 4946.55 4981.01
CITY 131 10.21 95.71 7789.16 7812.21
CITY 132 58.29 9.86 5020.46 5061.18
CITY 133 35.91 53.22 1632.84 1667.43
CITY 134 21.27 54.90 8238.07 8272.08
CITY 135 59.48 42.63 671.37 717.44
CITY 136 4.96 25.72 7713.13 7748.69
CITY 137 6.86 82.78 2680.25 2704.45
CITY 138 46.84 16.99 1684.15 1730.71
CITY 139 82.32 60.41 3927.92 3948.44
CITY 140 31.17 93.70 2374.58 2404.79
CITY 141 23.61 66.30 3255.43 3275.51
CITY 142 35.76 72.37 5810.51 5848.95
CITY 143 51.16 83.86 4132.50 4158.83
CITY 144 2.85 49.30 7104.06 7131.24
CITY 145 99.47 80.78 3939.15 3964.14
CITY 146 78.22 22.20 3678.32 3724.04
CITY 147 5.93 83.11 1259.74 1299.21
CITY 148 89.06 33.20 414.39 448.32
CITY 149 35.66 32.74 1214.09 1246.64
CITY 150 82.44 91.09 2242.72 2268.90
CITY 151 96.53 81.62 2965.09 2991.36
CITY 152 95.81 46.82 1636.37 1665.53
CITY 153 36.92 19.47 5677.05 5721.33
CITY 154 58.74 29.60 3627.38 3666.38
CITY 155 82.40 71.50 5258.75 5297.41
CITY 156 45.84 46.71 7607.03 7648.05
CITY 157 8.97 65.47 2089.11 2136.61
CITY 158 38.68 9.11 593.59 632.03
CITY 159 8.90 20.01 3165.15 3194.47
CITY 160 4.94 64.09 6561.57 6602.51
CITY 161 92.42 88.52 1494.14 1515.36
CITY 162 41.27 54.00 5567.90 5607.67
CITY 163 16.73 52.06 1755.43 1800.95
CITY 164 60.92 61.60 4635.60 4673.51
CITY 165 92.38 30.06 7551.18 7588.05
CITY 166 16.72 32.60 5525.15 5553.51
CITY 167 48.61 17.59 2334.15 2367.50
CITY 168 35.54 36.62 880.40 915.84
CITY 169 77.69 51.31 7648.72 7688.86
CITY 170 99.52 20.18 1621.74 1656.46
CITY 171 42.34 77.25 501.92 524.33
CITY 172 0.33 16.77 5408.26 5435.62
CITY 173 64.40 93.28 8323.69 8358.48
CITY 174 78.60 64.10 5864.04 5891.89
CITY 175 7.37 28.72 4407.63 4452.37
