NUM_CLIENTS 382
NUM_VEHICLES 38
CITY 0 0.0 0.0 0.0 7663
CITY 1 88.48 86.38 1577.59 1613.26
CITY 2 50.85 94.33 2780.35 2819.08
CITY 3 73.14 80.66 4639.44 4669.65
CITY 4 76.24 57.93 5668.50 5698.71
CITY 5 48.22 57.04 450.66 491.64
CITY 6 18.52 80.86 3631.40 3658.15
CITY 7 74.11 68.09 106.65 141.11
CITY 8 55.96 87.40 533.20 566.28
CITY 9 81.34 50.30 2268.50 2308.94
CITY 10 28.51 71.91 5734.34 5759.39
CITY 11 61.98 26.89 1900.30 1931.30
CITY 12 64.63 86.94 314.72 353.86
CITY 13 38.10 13.64 6382.59 6416.33
CITY 14 93.87 93.52 5.14 30.33
CITY 15 81.88 67.75 2809.07 2853.12
CITY 16 66.80 26.42 4764.98 4808.86
CITY 17 74.60 6.21 5713.06 5744.10
CITY 18 73.89 17.79 2308.88 2331.03
CITY 19 42.28 40.82 3204.17 3243.51
CITY 20 2.62 64.74 4336.40 4364.36
CITY 21 4.94 31.31 3062.68 3097.20
CITY 22 24.84 42.43 2029.90 2075.14
CITY 23 84.24 32.49 1511.98 1553.43
CITY 24 2.35 32.02 6473.68 6515.66
CITY 25 14.02 40.80 511.23 560.89
CITY 26 29.84 5.87 5068.36 5115.21
CITY 27 76.64 83.24 3642.48 3672.84
CITY 28 88.96 71.13 1446.96 1470.55
CITY 29 60.87 33.51 6420.13 6452.47
CITY 30 24.75 91.04 4713.18 4759.98
CITY 31 36.52 72.66 7218.60 7261.03
CITY 32 18.63 99.14 1244.22 1290.01
CITY 33 40.19 58.65 2144.77 2181.25
CITY 34 6.17 43.83 4766.26 4797.70
CITY 35 28.18 50.63 4775.29 4821.37
CITY 36 3.70 98.27 5611.18 5644.98
CITY 37 7.93 3.98 526.71 547.81
CITY 38 13.52 99.95 7384.08 7419.79
CITY 39 0.93 39.17 4873.61 4921.89
CITY 40 10.48 73.89 3672.26 3713.75
CITY 41 65.29 2.55 1950.28 1972.36
CITY 42 5.46 96.89 5504.94 5538.12
CITY 43 69.86 68.77 5572.45 5616.62
CITY 44 91.75 17.30 234.23 271.28
CITY 45 20.80 71.29 3153.67 3175.37
CITY 46 26.49 13.01 449.14 470.34
CITY 47 84.74 68.51 1575.47 1596.34
CITY 48 34.80 78.58 1652.23 1683.16
CITY 49 52.22 45.57 2409.49 2441.11
CITY 50 1.54 43.07 7359.23 7389.96
CITY 51 11.58 11.60 3976.93 4007.30
CITY 52 7.20 40.31 4315.11 4338.72
CITY 53 71.94 93.13 3609.54 3650.10
CITY 54 6.50 77.84 4110.13 4133.58
CITY 55 96.46 12.22 603.50 644.78
CITY 56 17.42 72.49 6441.13 6468.81
CITY 57 75.14 61.63 2004.08 2025.15
CITY 58 10.50 85.70 7335.01 7355.32
CITY 59 25.48 69.75 3798.18 3846.59
CITY 60 34.78 12.15 5319.70 5354.60
CITY 61 49.93 7.44 1108.65 1141.81
CITY 62 32.19 3.18 4932.85 4962.04
CITY 63 81.37 74.76 2288.78 2309.38
CITY 64 51.76 71.92 262.51 300.81
CITY 65 67.43 12.83 5829.67 5856.57
CITY 66 23.48 3.90 5117.10 5164.78
CITY 67 58.23 65.49 4378.18 4421.64
CITY 68 83.32 59.08 749.02 792.21
CITY 69 83.73 77.26 195.96 233.81
CITY 70 68.30 11.43 6354.09 6399.94
CITY 71 45.17 70.73 7566.87 7604.49
CITY 72 66.18 84.53 4894.30 4929.79
CITY 73 44.75 89.86 5580.19 5610.25
CITY 74 59.12 90.39 4740.02 4784.04
CITY 75 26.47 19.17 5387.67 5432.29
CITY 76 14.86 42.64 4908.67 4943.05
CITY 77 53.25 70.98 4760.80 4806.43
CITY 78 83.98 89.42 4177.29 4223.65
CITY 79 3.75 7.01 5831.08 5868.05
CITY 80 72.96 69.88 3565.38 3609.95
CITY 81 18.90 73.59 3750.99 3785.92
CITY 82 51.67 66.32 3467.85 3503.08
CITY 83 1.16 0.30 5261.85 5285.89
CITY 84 96.06 50.33 6032.40 6071.39
CITY 85 8.32 69.46 6748.24 6773.97
CITY 86 76.20 99.34 3459.39 3484.74
CITY 87 56.19 67.18 6025.33 6056.89
CITY 88 82.86 38.74 1248.35 1270.82
CITY 89 82.63 91.70 4488.86 4537.87
CITY 90 73.35 67.92 2903.26 2948.54
CITY 91 40.12 88.16 4280.43 4326.33
CITY 92 95.11 42.33 840.13 862.75
CITY 93 96.43 55.47 12.53 39.71
CITY 94 2.70 56.80 5011.55 5051.70
CITY 95 99.94 39.11 3680.18 3722.90
CITY 96 2.06 52.86 1739.77 1783.90
CITY 97 21.85 58.32 4934.53 4964.92
CITY 98 39.11 70.22 4893.39 4928.19
CITY 99 0.86 71.60 2696.68 2732.47
CITY 100 2.65 3.69 6330.04 6351.50
CITY 101 60.84 54.84 327.75 366.52
CITY 102 18.68 4.80 5402.96 5445.80
CITY 103 82.95 35.15 7431.02 7462.15
CITY 104 43.11 29.50 6090.29 6127.84
CITY 105 74.88 77.48 6427.07 6454.91
CITY 106 41.78 39.24 2830.53 2871.50
CITY 107 59.62 75.16 4448.79 4497.85
CITY 108 44.02 9.22 895.68 934.59
CITY 109 10.96 89.83 2363.80 2410.12
CITY 110 21.05 49.33 2006.23 2026.66
CITY 111 13.39 94.55 3425.23 3453.60
CITY 112 83.35 69.55 7415.70 7458.70
CITY 113 43.55 33.28 177.31 218.10
CITY 114 66.79 4.06 1433.34 1468.15
CITY 115 64.17 19.91 6657.50 6687.47
CITY 116 44.58 64.46 5061.28 5085.25
CITY 117 17.74 32.22 5452.34 5479.77
CITY 118 55.89 3.58 1506.09 1543.58
CITY 119 21.29 49.57 4226.86 4260.12
CITY 120 36.01 39.56 7243.89 7289.50
CITY 121 77.20 32.50 571.06 600.52
CITY 122 25.87 69.87 7450.53 7479.07
CITY 123 59.85 13.66 7.91 31.05
CITY 124 5.67 54.57 5805.32 5846.77
CITY 125 20.75 53.98 6518.61 6542.08
CITY 126 24.91 14.33 6588.57 6623.66
CITY 127 84.71 25.71 737.22 780.27
CITY 128 0.96 68.54 187.19 221.11
CITY 129 48.91 52.03 6140.95 6171.55
CITY 130 88.66 39.86 4282.36 4317.33
CITY 131 39.62 31.24 6819.69 6841.13
CITY 132 22.34 59.00 5670.59 5711.77
CITY 133 88.69 71.75 3305.34 3344.74
CITY 134 12.51 16.89 3549.47 3594.67
CITY 135 44.39 43.15 142.01 170.07
CITY 136 64.82 85.72 286.27 328.00
CITY 137 1.93 84.93 3983.30 4012.36
CITY 138 79.52 35.57 2520.60 2544.86
CITY 139 9.10 53.04 2413.81 2450.03
CITY 140 80.83 90.32 6650.30 6689.04
CITY 141 89.77 84.98 5090.63 5124.12
CITY 142 27.44 19.02 4617.20 4639.11
CITY 143 4.26 23.33 2238.50 2271.72
CITY 144 8.43 63.90 2311.77 2338.49
CITY 145 71.61 22.46 5145.26 5178.49
CITY 146 23.18 77.11 4917.64 4956.26
CITY 147 84.57 51.21 3337.21 3363.89
CITY 148 73.82 60.29 3370.94 3413.55
CITY 149 10.47 71.53 4978.33 5003.72
CITY 150 57.24 1.30 2173.59 2211.40
CITY 151 64.23 53.72 6061.25 6085.97
CITY 152 20.27 39.95 7236.21 7258.56
CITY 153 6.94 97.65 7307.43 7330.77
CITY 154 81.43 49.19 5596.69 5641.31
CITY 155 93.14 40.89 674.70 706.04
CITY 156 89.22 87.37 3849.70 3888.35
CITY 157 50.20 16.01 2363.33 2405.38
CITY 158 84.75 36.05 995.75 1033.05
CITY 159 55.68 32.96 5347.72 5395.22
CITY 160 62.80 30.05 2242.64 2272.74
CITY 161 68.94 88.13 4191.22 4217.03
CITY 162 88.36 19.85 1931.88 1981.29
CITY 163 99.01 60.27 172.54 196.13
CITY 164 25.75 60.72 2978.98 3000.29
CITY 165 60.50 40.44 2517.93 2544.69
CITY 166 68.73 70.97 1697.19 1719.49
CITY 167 66.28 20.14 3649.46 3683.45
CITY 168 60.09 99.05 4704.60 4748.47
CITY 169 70.55 69.60 3931.25 3979.56
CITY 170 7.57 6.21 5411.22 5450.34
CITY 171 22.59 96.14 7079.36 7107.67
CITY 172 31.87 17.93 4018.24 4056.33
CITY 173 64.56 25.15 2081.20 2103.81
CITY 174 20.87 77.87 4263.80 4287.04
CITY 175 65.06 75.28 5393.67 5418.01
CITY 176 35.01 45.79 6964.97 6991.65
CITY 177 84.42 4.58 1522.60 1553.26
CITY 178 67.33 65.04 6109.67 6142.97
CITY 179 42.78 44.65 2534.69 2554.71
CITY 180 77.73 19.01 5709.02 5743.54
CITY 181 90.78 63.70 6796.34 6827.85
CITY 182 5.96 21.99 6536.74 6563.01
CITY 183 99.74 6.80 1376.15 1403.75
CITY 184 28.08 99.51 5819.99 5842.79
CITY 185 43.45 22.39 4688.23 4721.34
CITY 186 70.88 64.13 3869.72 3912.80
CITY 187 79.54 15.63 5324.93 5364.50
CITY 188 41.66 54.57 572.45 608.27
CITY 189 69.54 68.12 5668.49 5702.71
CITY 190 6.02 38.68 1982.67 2030.04
CITY 191 2.95 49.26 1940.68 1963.26
CITY 192 37.79 2.57 5524.74 5546.58
CITY 193 72.84 15.51 3138.98 3174.31
CITY 194 20.23 84.90 2512.68 2550.69
CITY 195 92.08 82.90 3396.23 3423.71
CITY 196 80.72 55.69 3635.81 3667.28
CITY 197 26.07 13.41 2266.10 2316.02
CITY 198 76.19 28.31 871.53 897.33
CITY 199 27.25 87.81 5934.76 5970.71
CITY 200 78.18 41.82 2710.82 2755.21
CITY 201 77.15 96.41 1376.73 1403.41
CITY 202 66.76 47.87 2957.60 2991.23
CITY 203 76.16 34.10 6280.28 6300.69
CITY 204 77.91 58.41 7374.31 7416.99
CITY 205 97.04 24.68 3417.79 3456.39
CITY 206 32.92 39.93 2271.71 2319.88
CITY 207 18.12 4.91 4403.22 4436.36
CITY 208 33.17 88.54 3767.49 3799.42
CITY 209 50.43 70.87 1529.35 1569.20
CITY 210 76.72 85.41 85.05 133.39
CITY 211 72.86 46.85 5881.14 5927.35
CITY 212 16.44 44.63 2075.00 2102.20
CITY 213 54.02 90.47 1117.17 1163.29
CITY 214 45.07 85.13 2688.80 2729.48
CITY 215 23.33 65.14 4937.83 4965.82
CITY 216 2.47 82.30 4719.11 4758.98
CITY 217 89.86 24.01 2420.32 2448.43
CITY 218 84.73 80.31 462.02 500.48
CITY 219 99.55 25.95 6757.51 6800.45
CITY 220 30.15 42.43 3998.03 4039.11
CITY 221 88.99 62.01 7291.18 7330.26
CITY 222 4.68 71.22 3049.53 3096.18
CITY 223 84.07 93.81 1325.42 1350.38
CITY 224 43.92 46.53 848.34 881.70
CITY 225 45.61 48.04 7177.98 7200.53
CITY 226 88.92 12.26 6724.09 6748.79
CITY 227 74.06 21.16 7098.42 7143.76
CITY 228 23.45 52.75 3770.31 3792.20
CITY 229 2.01 63.98 1640.61 1662.87
CITY 230 69.08 11.74 3236.76 3282.77
CITY 231 71.83 42.42 2365.47 2405.70
CITY 232 39.71 72.44 3979.48 4016.79
CITY 233 73.23 47.95 7023.25 7048.42
CITY 234 73.66 50.22 1371.53 1405.47
CITY 235 97.37 63.00 958.92 993.74
CITY 236 65.23 88.98 4202.74 4235.94
CITY 237 98.69 45.58 2987.52 3020.81
CITY 238 63.79 51.88 4345.36 4379.17
CITY 239 14.09 45.61 2821.40 2846.57
CITY 240 95.66 99.66 4549.95 4571.61
CITY 241 99.76 78.51 1439.68 1482.43
CITY 242 22.27 44.15 1911.89 1939.97
CITY 243 99.56 47.83 6638.33 6681.01
CITY 244 96.41 34.59 2395.73 2445.48
CITY 245 85.75 94.86 4243.27 4288.07
CITY 246 33.32 44.46 5954.80 6003.83
CITY 247 45.09 2.60 3473.13 3512.73
CITY 248 97.51 60.57 6293.73 6317.23
CITY 249 9.72 84.78 6864.97 6893.91
CITY 250 24.38 19.64 3047.09 3075.97
CITY 251 34.88 98.77 6511.02 6559.85
CITY 252 24.48 69.44 5616.34 5658.07
CITY 253 17.48 73.28 251.72 276.53
CITY 254 94.79 69.81 3434.63 3477.71
CITY 255 59.58 29.22 4482.25 4520.41
CITY 256 84.91 76.30 5759.81 5793.94
CITY 257 23.25 70.29 3654.92 3685.73
CITY 258 53.29 72.56 2814.46 2840.34
CITY 259 4.11 89.90 6102.67 6129.17
CITY 260 30.66 38.84 6961.61 6987.40
CITY 261 39.61 47.08 3884.86 3925.45
CITY 262 98.33 23.05 3810.71 3837.76
CITY 263 63.27 83.24 7483.35 7512.71
CITY 264 30.94 57.95 6671.71 6692.62
CITY 265 40.38 95.46 5721.86 5765.38
CITY 266 85.94 76.14 4297.82 4336.83
CITY 267 37.70 70.97 175.24 199.46
CITY 268 99.22 29.45 4689.53 4735.45
CITY 269 75.63 8.96 6315.04 6343.03
CITY 270 26.26 21.25 5795.11 5834.03
CITY 271 5.01 60.21 3679.48 3726.47
CITY 272 5.98 57.90 1576.26 1610.66
CITY 273 87.49 9.44 7088.10 7114.56
CITY 274 15.10 59.20 3846.69 3884.32
CITY 275 82.06 59.58 6350.09 6371.32
CITY 276 36.91 0.26 5073.85 5117.26
CITY 277 97.65 62.17 7157.99 7192.70
CITY 278 42.58 43.46 7518.72 7540.55
CITY 279 62.81 38.82 262.17 289.29
CITY 280 31.04 96.69 234.51 280.44
CITY 281 32.67 98.30 2056.20 2088.80
CITY 282 1.69 80.39 5852.80 5876.36
CITY 283 86.92 27.42 6986.10 7018.59
CITY 284 91.57 49.36 1492.37 1515.45
CITY 285 88.24 11.97 7504.53 7532.52
CITY 286 33.24 63.14 4991.31 5030.00
CITY 287 57.79 75.86 3608.38 3650.44
CITY 288 10.78 37.89 7545.94 7592.50
CITY 289 79.93 4.72 6579.79 6606.84
CITY 290 29.28 49.01 3169.27 3217.90
CITY 291 56.90 1.81 6401.97 6433.03
CITY 292 57.39 54.20 1552.94 1584.87
CITY 293 90.10 99.01 6774.45 6824.07
CITY 294 42.05 51.98 817.75 840.21
CITY 295 89.38 82.42 1649.65 1691.91
CITY 296 1.80 38.50 1600.34 1629.33
CITY 297 63.17 98.30 4988.21 5035.05
CITY 298 49.29 12.61 22.71 60.21
CITY 299 3.34 11.65 1495.55 1521.60
CITY 300 63.07 97.46 220.59 247.20
CITY 301 79.44 34.39 3289.18 3314.36
CITY 302 30.83 98.87 4267.79 4310.05
CITY 303 56.16 96.62 6243.87 6280.06
CITY 304 86.42 30.04 4536.88 4558.18
CITY 305 41.18 55.14 5336.60 5366.28
CITY 306 98.16 9.73 3079.63 3121.59
CITY 307 16.30 28.28 6420.75 6467.52
CITY 308 63.86 45.05 6035.82 6084.42
CITY 309 28.92 8.06 4873.81 4899.95
CITY 310 19.90 9.81 11.19 46.58
CITY 311 77.61 7.36 3018.17 3061.25
CITY 312 49.76 68.72 4754.09 4794.43
CITY 313 36.03 7.25 3862.54 3907.51
CITY 314 67.65 85.05 2883.28 2929.54
CITY 315 4.28 69.50 1439.89 1467.70
CITY 316 58.99 3.27 6036.36 6076.66
CITY 317 53.11 98.71 2486.12 2533.47
CITY 318 53.98 63.44 3685.21 3728.94
CITY 319 60.87 81.89 4143.99 4169.74
CITY 320 2.37 45.22 1569.42 1591.90
CITY 321 5.17 96.72 6015.12 6047.40
CITY 322 64.25 30.59 2700.90 2741.66
CITY 323 45.69 52.05 7212.24 7234.57
CITY 324 18.89 97.51 5502.72 5533.20
CITY 325 65.38 92.42 108.54 130.26
CITY 326 7.19 10.10 5408.40 5449.69
CITY 327 7.50 87.86 17.93 66.98
CITY 328 51.47 35.78 5543.45 5566.73
CITY 329 85.03 96.55 1029.00 1054.77
CITY 330 25.08 92.52 63.90 105.65
CITY 331 28.44 32.54 2423.42 2469.94
CITY 332 69.97 38.52 2460.45 2491.29
CITY 333 7.83 26.89 7131.61 7171.51
CITY 334 71.65 69.24 5584.48 5621.40
CITY 335 44.54 6.27 6397.56 6435.92
CITY 336 66.13 12.12 1108.83 1136.50
CITY 337 49.63 43.13 842.63 889.17
CITY 338 30.79 96.95 1199.43 1241.93
CITY 339 3.78 40.62 2609.64 2652.35
CITY 340 93.14 41.13 581.60 605.30
CITY 341 81.78 41.29 5438.37 5467.33
CITY 342 8.80 70.27 4850.34 4870.39
CITY 343 6.43 70.96 1669.16 1710.04
CITY 344 12.26 45.48 6285.23 6315.35
CITY 345 36.87 98.69 4952.55 4999.72
CITY 346 18.68 54.84 4926.64 4976.17
CITY 347 19.22 50.49 757.04 784.27
CITY 348 28.16 89.09 1333.92 1369.08
CITY 349 75.00 26.38 4588.74 4610.41
CITY 350 98.14 51.24 7581.03 7622.94
CITY 351 77.87 1.36 5558.40 5589.42
CITY 352 61.48 90.36 5552.97 5581.08
CITY 353 52.47 6.87 4136.91 4168.82
CITY 354 33.14 44.56 1363.70 1384.49
CITY 355 50.19 18.50 2182.54 2230.27
CITY 356 95.34 83.27 2837.22 2859.61
CITY 357 95.75 34.98 3506.32 3552.39
CITY 358 50.89 83.73 6663.33 6694.52
CITY 359 33.62 55.18 4514.17 4555.72
CITY 360 79.01 16.75 3229.25 3256.65
CITY 361 31.74 13.77 3684.04 3707.88
CITY 362 30.55 26.45 3992.97 4040.75
CITY 363 67.00 56.65 454.65 479.51
CITY 364 89.11 61.72 4899.36 4933.13
CITY 365 17.23 31.44 809.78 849.21
CITY 366 71.90 14.56 2378.06 2408.13
CITY 367 49.06 75.35 7518.12 7545.45
CITY 368 29.10 95.88 6572.75 6596.87
CITY 369 37.29 6.06 460.30 484.46
CITY 370 84.99 21.96 115.78 139.17
CITY 371 6.59 42.43 6340.40 6365.94
CITY 372 28.20 46.50 3640.00 3680.33
CITY 373 67.70 96.45 2826.78 2866.69
CITY 374 61.72 73.90 6787.48 6836.45
CITY 375 2.35 66.06 3253.96 3296.18
CITY 376 56.34 39.95 7118.40 7152.59
CITY 377 58.37 96.61 7129.85 7170.73
CITY 378 35.15 67.19 3319.54 3362.93
CITY 379 7.79 21.17 117.37 150.81
CITY 380 43.45 29.00 4739.58 4773.13
CITY 381 70.06 70.65 1446.47 1483.42
CITY 382 50.60 94.56 3371.74 3419.06
