NUM_CLIENTS 100
NUM_VEHICLES 80
CITY 0 0.0 0.0 0.0 4801
CITY 1 81.02 59.10 3600.13 3630.36
CITY 2 82.92 43.41 2037.01 2078.89
CITY 3 73.54 5.71 527.77 559.41
CITY 4 72.13 67.80 4080.22 4128.35
CITY 5 46.35 57.26 2704.32 2739.89
CITY 6 16.25 38.13 3545.05 3592.79
CITY 7 13.19 1.52 3800.85 3849.38
CITY 8 8.55 24.99 2583.44 2613.56
CITY 9 39.46 61.55 1724.80 1764.57
CITY 10 78.24 81.03 2892.52 2916.25
CITY 11 56.84 32.10 1264.08 1289.44
CITY 12 46.27 43.99 2221.39 2270.37
CITY 13 48.02 84.43 1042.79 1064.55
CITY 14 93.88 27.64 2903.57 2932.99
CITY 15 6.40 17.98 3641.50 3669.78
CITY 16 86.91 12.72 2998.43 3022.84
CITY 17 61.79 4.96 552.59 573.75
CITY 18 68.44 86.06 2759.26 2780.52
CITY 19 71.74 6.08 3397.68 3425.45
CITY 20 25.74 67.84 4075.36 4105.96
CITY 21 71.83 60.06 1668.07 1690.39
CITY 22 44.38 51.10 1133.52 1163.29
CITY 23 37.14 82.27 1982.11 2021.37
CITY 24 87.59 14.31 1558.13 1601.77
CITY 25 33.50 40.81 3101.03 3135.15
CITY 26 97.35 62.19 770.04 791.38
CITY 27 93.03 91.19 131.06 169.33
CITY 28 80.80 51.08 3712.12 3747.37
CITY 29 58.15 34.41 1028.69 1073.61
CITY 30 3.26 72.63 1816.75 1866.68
CITY 31 7.84 7.73 4445.29 4472.03
CITY 32 50.35 57.44 2609.17 2641.72
CITY 33 73.30 84.76 2512.09 2533.64
CITY 34 47.23 52.44 2100.86 2128.94
CITY 35 83.60 29.31 1166.94 1194.23
CITY 36 76.76 36.20 2171.05 2213.49
CITY 37 11.54 24.10 3484.20 3530.60
CITY 38 36.19 35.20 2407.26 2454.69
CITY 39 65.33 60.52 2138.56 2171.12
CITY 40 56.93 82.68 603.96 640.09
CITY 41 77.64 40.76 2782.33 2806.47
CITY 42 26.03 28.69 1497.94 1520.38
CITY 43 42.10 98.32 2740.87 2779.85
CITY 44 77.26 89.99 4165.04 4185.50
CITY 45 12.08 26.34 2639.26 2687.16
CITY 46 74.29 12.64 171.55 204.50
CITY 47 69.00 98.99 637.60 683.61
CITY 48 91.86 90.43 1690.06 1722.13
CITY 49 55.69 71.20 574.32 621.24
CITY 50 89.84 59.15 2933.44 2983.26
CITY 51 4.52 73.87 1692.85 1726.32
CITY 52 40.89 44.98 3967.81 3996.49
CITY 53 47.71 13.46 879.74 922.72
CITY 54 91.63 93.66 407.25 454.11
CITY 55 59.36 36.99 3088.83 3120.21
CITY 56 43.86 50.87 2798.09 2846.43
CITY 57 9.69 29.73 1627.24 1664.16
CITY 58 89.73 57.98 4011.71 4044.51
CITY 59 32.28 31.86 855.87 880.17
CITY 60 81.40 73.46 4699.82 4726.14
CITY 61 51.91 57.51 2927.98 2950.96
CITY 62 28.48 11.86 1308.32 1341.48
CITY 63 88.53 28.85 4360.78 4410.45
CITY 64 75.35 92.45 3169.56 3193.79
CITY 65 20.68 83.88 3588.81 3609.63
CITY 66 90.25 95.99 2569.33 2613.30
CITY 67 0.67 83.25 132.21 158.30
CITY 68 94.18 57.12 3480.84 3516.46
CITY 69 83.10 29.49 529.68 570.87
CITY 70 84.47 44.44 2059.37 2087.26
CITY 71 86.45 99.31 3478.68 3502.17
CITY 72 35.37 7.91 3771.13 3812.95
CITY 73 32.71 50.71 1319.03 1357.95
CITY 74 51.28 77.70 3360.99 3390.43
CITY 75 92.47 43.34 4430.36 4474.18
CITY 76 31.75 84.14 3144.42 3190.75
CITY 77 3.56 63.45 47.79 71.89
CITY 78 37.62 94.32 3202.34 3230.30
CITY 79 15.14 81.39 3487.81 3516.29
CITY 80 19.86 87.59 4517.90 4563.61
CITY 81 74.94 0.32 328.89 365.62
CITY 82 20.85 17.81 1992.49 2020.39
CITY 83 38.03 58.39 3033.41 3067.93
CITY 84 65.69 18.01 1432.78 1459.73
CITY 85 29.21 48.51 3787.37 3819.14
CITY 86 35.71 48.10 467.66 491.04
CITY 87 88.09 75.50 1371.95 1421.03
CITY 88 32.54 66.24 559.10 593.04
CITY 89 31.89 11.35 3314.33 3355.47
CITY 90 77.37 48.37 3825.18 3859.86
CITY 91 41.20 23.49 1389.30 1424.52
CITY 92 88.98 78.28 298.27 341.42
CITY 93 26.16 31.76 1865.52 1898.78
CITY 94 39.87 91.24 1282.09 1323.94
CITY 95 33.98 81.85 1472.65 1504.94
CITY 96 57.25 16.65 987.60 1026.36
CITY 97 94.79 61.33 1573.03 1611.18
CITY 98 1.99 72.22 3814.24 3836.95
CITY 99 70.47 91.22 3645.60 3682.18
CITY 100 65.49 51.86 1726.71 1752.66
