NUM_CLIENTS 353
NUM_VEHICLES 35
CITY 0 0.0 0.0 0.0 5045
CITY 1 59.00 18.32 4951.75 4982.16
CITY 2 51.34 55.79 1111.05 1144.75
CITY 3 24.81 79.81 2552.15 2598.91
CITY 4 24.63 93.43 1161.06 1191.27
CITY 5 62.91 83.83 1039.92 1065.34
CITY 6 23.00 31.02 4221.44 4246.02
CITY 7 75.82 93.34 108.09 145.19
CITY 8 37.43 71.46 2290.89 2312.54
CITY 9 23.02 4.48 4574.69 4606.69
CITY 10 12.55 82.15 1631.63 1676.20
CITY 11 48.75 8.98 4731.31 4761.04
CITY 12 85.92 5.41 2935.85 2984.85
CITY 13 63.40 69.83 1365.55 1390.12
CITY 14 64.76 68.71 1494.27 1524.50
CITY 15 30.55 7.87 3100.15 3131.29
CITY 16 37.23 8.76 1602.11 1637.43
CITY 17 81.27 94.14 3849.62 3871.88
CITY 18 9.11 24.95 4881.38 4930.59
CITY 19 34.53 2.13 3573.91 3600.60
CITY 20 68.86 61.12 1268.37 1311.23
CITY 21 6.84 71.30 2349.88 2379.87
CITY 22 49.72 75.65 1787.92 1836.40
CITY 23 89.41 39.23 3983.72 4008.93
CITY 24 51.49 64.96 4898.40 4930.69
CITY 25 1.74 78.38 601.02 633.34
CITY 26 84.54 7.44 3344.73 3380.82
CITY 27 36.47 94.85 2160.71 2190.19
CITY 28 0.93 77.91 2288.72 2336.90
CITY 29 31.27 28.92 273.40 311.61
CITY 30 65.95 50.10 1790.70 1830.27
CITY 31 59.56 46.06 386.35 412.04
CITY 32 21.58 96.44 119.77 167.77
CITY 33 4.20 76.55 189.52 210.84
CITY 34 91.65 76.53 2085.90 2108.78
CITY 35 5.01 21.65 743.25 788.19
CITY 36 52.44 55.73 2687.05 2713.26
CITY 37 28.10 97.38 1951.74 1975.18
CITY 38 93.83 55.49 568.84 617.85
CITY 39 47.31 53.57 1759.81 1795.63
CITY 40 68.51 93.26 4650.16 4671.54
CITY 41 35.05 3.52 2953.10 2983.13
CITY 42 40.03 55.68 3789.52 3820.93
CITY 43 17.61 3.43 2393.44 2418.12
CITY 44 48.83 82.41 3616.39 3665.90
CITY 45 11.23 66.88 4319.69 4353.11
CITY 46 63.23 45.81 1756.77 1785.25
CITY 47 46.61 22.33 3618.53 3661.96
CITY 48 95.94 22.19 3839.39 3877.50
CITY 49 95.23 52.04 2989.08 3027.95
CITY 50 56.97 10.32 1275.24 1324.55
CITY 51 60.76 20.44 2304.95 2327.33
CITY 52 38.75 26.34 176.42 209.46
CITY 53 52.69 72.32 2244.95 2267.01
CITY 54 56.12 76.29 4461.61 4484.13
CITY 55 30.43 43.11 1753.72 1791.94
CITY 56 36.54 40.22 4979.58 5007.05
CITY 57 75.05 50.38 4575.94 4615.62
CITY 58 20.95 93.20 81.21 102.18
CITY 59 34.95 83.49 1728.78 1758.71
CITY 60 79.10 24.02 2346.28 2380.58
CITY 61 79.46 1.84 999.31 1030.67
CITY 62 68.75 48.10 2956.55 2981.38
CITY 63 41.57 37.12 2734.79 2774.99
CITY 64 1.26 10.35 1311.79 1333.52
CITY 65 95.39 95.53 1448.91 1478.55
CITY 66 65.82 99.68 1477.46 1527.23
CITY 67 50.73 74.44 182.21 219.12
CITY 68 91.84 84.29 2837.30 2872.18
CITY 69 63.11 23.69 2547.46 2571.51
CITY 70 37.75 39.17 65.88 109.83
CITY 71 77.19 24.87 1097.70 1137.83
CITY 72 2.75 58.03 1453.79 1483.18
CITY 73 61.51 61.85 1129.00 1149.53
CITY 74 69.16 71.39 531.25 581.00
CITY 75 56.64 64.38 1568.89 1597.03
CITY 76 75.46 15.26 3092.89 3133.69
CITY 77 35.92 52.19 3988.24 4012.95
CITY 78 33.68 45.23 1634.90 1667.02
CITY 79 0.42 12.74 186.59 213.32
CITY 80 95.39 3.90 1909.30 1943.34
CITY 81 85.31 97.56 509.91 540.69
CITY 82 65.93 51.87 3679.21 3723.99
CITY 83 10.23 51.66 3142.02 3185.19
CITY 84 50.68 90.82 1682.39 1714.77
CITY 85 43.14 70.96 4001.19 4046.68
CITY 86 21.75 12.71 2633.39 2662.20
CITY 87 27.54 63.49 168.06 204.77
CITY 88 79.97 41.63 1630.29 1664.50
CITY 89 61.15 82.91 4047.52 4093.18
CITY 90 28.18 30.29 73.99 98.79
CITY 91 97.71 69.41 745.13 781.23
CITY 92 83.64 19.14 352.13 398.18
CITY 93 23.47 7.68 1833.12 1859.91
CITY 94 7.37 83.56 548.83 584.82
CITY 95 69.55 38.03 1901.34 1938.95
CITY 96 12.18 26.36 607.00 649.87
CITY 97 66.95 40.88 1914.26 1934.99
CITY 98 45.42 78.25 462.11 497.15
CITY 99 83.33 12.41 509.17 546.57
CITY 100 79.96 12.52 1575.07 1623.51
CITY 101 95.64 67.65 714.36 743.47
CITY 102 48.62 56.02 3342.06 3368.40
CITY 103 6.34 4.53 1307.86 1336.29
CITY 104 19.80 6.98 517.70 566.02
CITY 105 99.94 56.24 517.33 537.62
CITY 106 98.33 92.16 3483.55 3510.49
CITY 107 31.49 11.58 4365.00 4405.06
CITY 108 30.97 45.04 2509.13 2541.55
CITY 109 57.25 27.49 238.59 288.57
CITY 110 38.64 10.01 3299.61 3334.71
CITY 111 52.66 6.92 988.67 1016.55
CITY 112 80.72 76.29 1946.68 1976.12
CITY 113 12.51 76.46 2286.33 2326.18
CITY 114 47.24 26.88 272.99 314.76
CITY 115 2.73 21.48 4960.67 4994.16
CITY 116 25.83 62.74 3064.12 3113.20
CITY 117 44.98 60.43 1147.20 1185.46
CITY 118 70.80 39.32 4843.50 4881.95
CITY 119 8.90 81.58 2020.58 2049.59
CITY 120 0.43 38.53 1119.62 1152.41
CITY 121 80.91 35.06 4696.81 4737.90
CITY 122 55.65 34.77 4622.67 4654.57
CITY 123 8.76 83.65 405.66 455.56
CITY 124 60.26 64.40 1475.14 1518.74
CITY 125 16.57 22.59 187.07 235.00
CITY 126 2.13 28.09 1451.51 1487.14
CITY 127 46.39 30.03 2804.35 2847.59
CITY 128 63.61 81.63 2951.76 2987.02
CITY 129 51.68 46.73 4486.42 4513.82
CITY 130 80.81 2.54 267.52 314.28
CITY 131 79.79 0.39 358.72 393.31
CITY 132 95.58 86.16 3265.94 3295.34
CITY 133 90.75 59.55 4040.68 4085.16
CITY 134 93.42 44.42 515.80 563.75
CITY 135 7.39 10.66 3513.90 3546.60
CITY 136 5.21 3.65 3077.36 3102.46
CITY 137 9.28 28.66 430.22 479.38
CITY 138 35.67 84.92 2112.26 2140.64
CITY 139 23.24 66.56 2592.32 2632.23
CITY 140 73.04 98.49 4623.46 4654.68
CITY 141 16.18 56.75 543.95 587.23
CITY 142 2.65 21.11 1169.52 1196.83
CITY 143 0.13 93.68 276.73 315.24
CITY 144 79.70 58.36 1921.71 1953.84
CITY 145 34.80 71.93 3584.58 3633.29
CITY 146 61.34 64.76 2279.53 2302.64
CITY 147 45.44 96.15 4340.92 4383.82
CITY 148 69.45 15.48 2530.30 2571.83
CITY 149 15.22 91.82 3959.94 4004.29
CITY 150 82.27 84.58 1878.70 1908.59
CITY 151 66.13 83.56 766.40 800.78
CITY 152 81.21 55.34 3315.59 3343.41
CITY 153 7.82 92.54 1205.92 1243.22
CITY 154 79.10 89.45 2405.62 2443.89
CITY 155 44.03 3.34 29.29 60.20
CITY 156 64.11 47.77 1143.83 1173.42
CITY 157 60.75 11.84 3581.91 3613.56
CITY 158 33.90 39.32 4053.28 4090.00
CITY 159 18.80 87.69 3746.83 3778.62
CITY 160 40.06 81.96 2672.90 2710.78
CITY 161 1.56 93.87 3309.80 3348.65
CITY 162 32.77 48.60 4230.54 4257.46
CITY 163 71.73 25.05 660.94 701.81
CITY 164 98.22 72.43 4922.90 4954.82
CITY 165 74.74 96.49 1808.77 1832.55
CITY 166 83.38 64.84 1644.69 1683.32
CITY 167 17.36 98.49 35.40 75.41
CITY 168 78.38 79.63 554.87 598.00
CITY 169 5.54 81.80 2118.54 2151.00
CITY 170 84.61 45.97 2806.43 2850.06
CITY 171 96.79 74.70 3130.86 3153.32
CITY 172 94.76 85.54 6.03 46.21
CITY 173 55.60 13.99 3815.09 3851.01
CITY 174 30.30 97.15 4156.88 4195.61
CITY 175 76.42 68.66 4443.84 4485.10
CITY 176 56.07 40.49 638.64 678.86
CITY 177 21.81 6.14 3323.23 3359.10
CITY 178 49.38 88.90 4890.22 4938.68
CITY 179 24.50 99.19 4276.11 4324.27
CITY 180 96.94 72.46 350.69 374.84
CITY 181 98.78 77.21 2648.88 2672.97
CITY 182 13.97 41.07 3749.51 3785.30
CITY 183 98.40 82.19 607.21 638.75
CITY 184 63.81 62.74 3585.33 3630.19
CITY 185 15.55 41.35 3819.06 3859.77
CITY 186 43.64 23.87 2531.18 2560.69
CITY 187 62.57 59.11 2067.07 2100.94
CITY 188 27.39 83.66 735.97 779.42
CITY 189 66.64 71.30 3667.19 3706.95
CITY 190 97.75 13.99 4494.00 4518.47
CITY 191 88.69 80.50 4021.19 4068.54
CITY 192 17.48 88.81 1200.80 1238.29
CITY 193 60.50 62.46 1602.79 1648.59
CITY 194 93.63 31.30 4530.45 4562.89
CITY 195 25.73 30.13 2598.58 2641.38
CITY 196 24.83 92.18 3145.82 3188.82
CITY 197 72.96 43.50 564.26 613.42
CITY 198 11.61 30.91 4850.61 4877.23
CITY 199 42.61 2.43 3534.12 3554.86
CITY 200 56.19 47.89 4200.35 4229.87
CITY 201 34.77 67.48 3904.77 3926.44
CITY 202 64.03 38.87 4439.45 4482.85
CITY 203 53.06 92.91 260.39 308.06
CITY 204 57.71 68.81 78.98 120.87
CITY 205 95.45 95.37 2337.47 2360.96
CITY 206 17.86 72.45 1982.20 2023.95
CITY 207 21.64 19.03 2541.06 2563.23
CITY 208 79.63 17.52 1595.78 1635.51
CITY 209 58.94 95.14 2339.69 2366.51
CITY 210 45.54 91.70 2853.39 2891.44
CITY 211 35.90 48.89 2891.45 2934.36
CITY 212 6.74 96.17 4076.54 4104.18
CITY 213 45.14 68.22 367.08 401.47
CITY 214 21.66 39.15 4607.48 4627.83
CITY 215 71.05 42.57 4801.70 4833.49
CITY 216 65.29 86.28 519.84 544.65
CITY 217 94.81 29.17 4246.56 4272.72
CITY 218 3.06 1.44 214.59 246.53
CITY 219 24.92 74.31 2538.28 2562.66
CITY 220 96.40 62.83 4966.16 5002.92
CITY 221 51.13 22.32 4541.02 4586.95
CITY 222 79.94 3.93 2356.16 2397.64
CITY 223 52.48 8.32 3180.20 3207.09
CITY 224 42.68 35.31 4593.68 4630.02
CITY 225 14.93 0.27 668.00 689.92
CITY 226 44.92 2.25 1473.16 1509.50
CITY 227 25.34 67.34 2182.08 2223.58
CITY 228 49.01 69.82 3806.35 3832.63
CITY 229 39.56 6.62 3120.40 3162.32
CITY 230 35.35 9.14 3543.33 3563.88
CITY 231 36.34 8.08 2563.77 2602.32
CITY 232 68.86 76.86 3546.48 3570.34
CITY 233 87.71 20.80 238.04 264.34
CITY 234 1.07 45.18 644.36 674.03
CITY 235 15.35 65.42 1153.41 1194.58
CITY 236 19.04 27.17 711.02 755.59
CITY 237 27.47 99.58 1652.82 1678.96
CITY 238 11.47 43.47 2862.77 2908.25
CITY 239 56.03 86.45 558.73 591.19
CITY 240 39.64 12.40 4196.97 4240.50
CITY 241 61.22 83.61 2353.87 2394.15
CITY 242 0.92 20.63 7.17 38.38
CITY 243 90.99 6.43 94.21 117.19
CITY 244 39.10 58.03 21.40 61.97
CITY 245 28.74 78.88 1654.78 1675.61
CITY 246 32.92 65.59 2446.56 2475.54
CITY 247 58.01 41.29 3463.02 3498.49
CITY 248 58.63 29.57 594.48 614.66
CITY 249 81.81 65.42 4816.80 4849.04
CITY 250 57.31 70.51 493.08 534.65
CITY 251 19.51 32.99 811.33 841.27
CITY 252 15.98 24.45 812.41 852.23
CITY 253 97.96 93.54 1620.26 1665.39
CITY 254 19.31 45.60 2223.04 2252.17
CITY 255 34.98 27.10 286.04 327.03
CITY 256 71.31 49.69 2020.94 2069.09
CITY 257 74.62 67.64 2976.09 2997.49
CITY 258 10.65 11.58 1646.41 1671.19
CITY 259 32.46 50.65 2174.83 2200.28
CITY 260 44.53 54.33 2688.82 2720.88
CITY 261 22.10 98.32 1380.42 1418.05
CITY 262 96.94 1.99 4537.84 4568.60
CITY 263 90.24 89.09 2534.96 2576.16
CITY 264 59.30 11.77 2715.13 2737.15
CITY 265 88.88 84.34 4129.95 4153.89
CITY 266 60.92 89.29 1838.04 1879.12
CITY 267 95.96 76.82 3300.45 3331.38
CITY 268 87.93 4.52 3678.58 3709.16
CITY 269 40.68 32.12 2477.15 2515.37
CITY 270 85.26 10.70 940.89 974.37
CITY 271 59.24 54.83 91.52 120.68
CITY 272 33.14 41.17 713.27 759.49
CITY 273 32.51 86.80 519.88 569.80
CITY 274 0.06 57.00 4456.55 4487.25
CITY 275 53.06 46.48 4738.22 4782.16
CITY 276 10.90 34.86 4637.19 4662.23
CITY 277 11.63 20.51 1892.68 1928.33
CITY 278 77.69 6.08 4572.49 4598.36
CITY 279 45.85 68.08 351.39 391.54
CITY 280 63.56 88.81 2930.62 2972.27
CITY 281 0.70 98.84 2476.73 2508.44
CITY 282 10.58 11.68 1230.85 1275.96
CITY 283 60.43 63.91 2883.69 2929.50
CITY 284 59.44 46.65 3163.84 3211.71
CITY 285 69.59 93.50 4557.26 4602.95
CITY 286 22.03 52.09 2426.32 2462.55
CITY 287 51.90 35.28 4139.50 4174.90
CITY 288 73.39 96.32 2801.30 2839.75
CITY 289 39.66 65.20 2727.76 2770.77
CITY 290 77.59 96.92 2334.72 2375.62
CITY 291 5.11 90.94 2839.52 2878.87
CITY 292 47.03 49.64 1421.41 1458.88
CITY 293 61.17 78.30 3636.35 3681.07
CITY 294 78.18 31.26 3416.54 3455.81
CITY 295 25.27 80.00 1384.13 1429.63
CITY 296 4.32 40.30 4523.61 4548.72
CITY 297 42.60 38.56 3852.07 3882.37
CITY 298 65.42 29.77 2257.36 2288.00
CITY 299 56.80 68.94 154.81 198.82
CITY 300 25.91 34.09 3258.04 3293.50
CITY 301 92.09 51.57 4769.25 4808.35
CITY 302 86.22 74.08 2308.00 2346.17
CITY 303 78.28 96.61 1817.55 1863.20
CITY 304 45.04 75.63 4605.05 4639.96
CITY 305 41.66 98.62 2758.06 2789.41
CITY 306 52.62 99.60 1089.31 1118.51
CITY 307 3.89 84.10 3463.65 3485.35
CITY 308 44.29 66.99 4027.82 4073.03
CITY 309 46.57 38.79 4396.41 4436.99
CITY 310 85.99 31.63 127.58 166.37
CITY 311 49.19 53.46 1937.58 1962.28
CITY 312 19.07 71.55 2502.74 2531.22
CITY 313 23.63 18.91 2905.31 2943.43
CITY 314 12.99 55.43 3407.18 3428.48
CITY 315 18.73 8.70 4993.39 5017.54
CITY 316 82.14 80.12 1573.73 1598.49
CITY 317 23.79 69.44 3551.12 3595.39
CITY 318 28.47 45.05 1311.10 1351.80
CITY 319 18.84 96.86 1227.11 1261.57
CITY 320 7.48 42.39 3058.81 3105.40
CITY 321 58.52 71.04 1568.25 1598.59
CITY 322 45.15 98.86 4561.67 4586.13
CITY 323 4.10 11.35 1256.12 1281.96
CITY 324 97.44 26.55 4662.07 4692.89
CITY 325 27.41 47.01 1956.18 1999.16
CITY 326 10.78 56.37 4631.22 4669.13
CITY 327 95.66 14.75 3381.62 3424.29
CITY 328 1.43 41.85 148.17 190.22
CITY 329 10.34 15.38 4342.17 4389.36
CITY 330 54.10 23.69 3546.87 3567.67
CITY 331 38.62 28.33 2784.50 2815.08
CITY 332 67.12 93.68 1853.04 1882.75
CITY 333 93.96 58.06 255.02 304.11
CITY 334 21.22 33.28 33.05 68.00
CITY 335 76.82 60.57 3357.46 3405.15
CITY 336 21.64 64.62 2438.35 2484.09
CITY 337 19.17 72.32 308.27 348.62
CITY 338 41.11 2.92 888.83 931.08
CITY 339 24.42 56.56 3600.76 3650.25
CITY 340 83.51 94.80 2118.32 2166.20
CITY 341 1.74 94.69 917.89 939.75
CITY 342 44.41 94.89 3379.29 3411.30
CITY 343 45.79 60.55 2156.17 2204.33
CITY 344 46.22 91.77 335.34 365.56
CITY 345 10.78 3.87 1035.00 1080.45
CITY 346 25.29 61.16 2283.19 2321.17
CITY 347 89.40 91.24 1910.05 1951.89
CITY 348 55.12 19.36 1187.17 1227.75
CITY 349 23.12 73.47 4271.57 4293.74
CITY 350 59.63 57.80 1887.73 1927.20
CITY 351 14.67 0.24 1684.19 1704.94
CITY 352 8.50 17.33 2087.43 2133.40
CITY 353 89.77 12.59 725.86 752.86
