NUM_CLIENTS 55
NUM_VEHICLES 30
CITY 0 0.0 0.0 0.0 5000
CITY 1 72.96 89.73 234.13 279.55
CITY 2 17.74 0.93 2571.99 2596.20
CITY 3 46.98 3.90 2955.25 2981.54
CITY 4 73.98 29.31 3060.72 3105.42
CITY 5 41.92 17.46 2571.88 2596.42
CITY 6 80.94 66.87 1813.44 1861.18
CITY 7 78.66 3.00 1018.14 1050.25
CITY 8 37.32 84.14 3082.25 3103.11
CITY 9 2.58 2.85 2334.28 2376.33
CITY 10 14.43 40.77 2675.01 2717.88
CITY 11 72.25 16.97 504.57 535.03
CITY 12 22.27 41.99 337.65 386.71
CITY 13 46.44 41.51 4446.83 4480.04
CITY 14 85.69 80.94 13.56 47.85
CITY 15 89.95 25.69 1605.01 1641.21
CITY 16 95.69 66.84 486.21 520.99
CITY 17 83.11 57.12 631.61 667.06
CITY 18 80.54 14.26 3266.50 3308.79
CITY 19 71.73 28.23 3048.17 3075.67
CITY 20 25.07 73.00 1497.47 1538.79
CITY 21 46.21 59.08 2563.51 2613.14
CITY 22 26.67 89.95 1630.04 1661.29
CITY 23 14.52 73.64 4212.70 4255.14
CITY 24 79.98 63.19 3933.32 3982.71
CITY 25 1.43 63.46 4136.77 4163.91
CITY 26 39.68 1.17 2385.04 2430.77
CITY 27 18.77 86.95 4805.65 4837.82
CITY 28 99.27 45.32 1308.25 1341.45
CITY 29 74.50 65.55 2551.59 2581.71
CITY 30 99.67 18.63 1694.46 1740.62
CITY 31 77.20 45.63 486.73 532.41
CITY 32 76.33 26.29 3872.85 3905.65
CITY 33 2.54 54.33 477.24 526.50
CITY 34 83.01 12.03 3530.72 3554.50
CITY 35 34.76 45.26 2743.29 2791.48
CITY 36 96.63 97.17 912.11 956.71
CITY 37 88.56 51.09 710.04 750.46
CITY 38 77.59 19.87 3688.30 3724.07
CITY 39 77.99 56.29 2630.97 2652.38
CITY 40 53.32 53.95 3436.85 3486.77
CITY 41 16.68 15.87 3371.16 3410.21
CITY 42 85.89 22.63 4607.41 4648.89
CITY 43 54.08 95.51 2104.64 2130.70
CITY 44 4.89 96.91 1990.31 2022.01
CITY 45 52.17 42.13 2364.14 2393.79
CITY 46 72.15 30.00 379.86 421.11
CITY 47 66.81 20.88 3633.29 3671.11
CITY 48 6.68 75.52 703.10 737.53
CITY 49 16.03 97.21 4833.69 4883.04
CITY 50 39.12 15.94 2079.91 2117.65
