NUM_CLIENTS 1500
NUM_VEHICLES 800
CITY 0 0.0 0.0 0.0 9593
CITY 1 51.62 30.03 445.59 478.09
CITY 2 25.07 1.03 6232.21 6263.53
CITY 3 20.69 47.82 654.41 699.45
CITY 4 20.65 33.83 6936.96 6985.96
CITY 5 40.09 41.76 1329.02 1367.13
CITY 6 21.79 52.90 6893.17 6938.24
CITY 7 60.74 40.64 6414.48 6435.38
CITY 8 26.32 91.85 4998.77 5030.57
CITY 9 67.94 17.64 6625.16 6668.56
CITY 10 77.74 25.97 3316.55 3337.31
CITY 11 52.48 83.42 7369.50 7403.73
CITY 12 57.77 74.22 9133.02 9162.84
CITY 13 85.38 42.91 2463.53 2483.80
CITY 14 19.19 65.62 3076.47 3109.98
CITY 15 73.67 50.02 8416.54 8451.54
CITY 16 33.90 25.47 4169.57 4191.88
CITY 17 70.45 2.76 7933.58 7969.39
CITY 18 14.72 18.09 2012.48 2044.56
CITY 19 83.73 45.54 1976.11 1997.89
CITY 20 17.61 94.37 1413.50 1436.59
CITY 21 76.16 83.59 7923.65 7963.19
CITY 22 49.01 60.67 9244.73 9267.93
CITY 23 16.44 77.94 1512.54 1559.03
CITY 24 37.19 28.90 7990.55 8022.67
CITY 25 55.35 3.24 1685.15 1708.26
CITY 26 42.48 57.86 1986.48 2032.17
CITY 27 17.92 2.96 1727.68 1760.08
CITY 28 96.11 56.86 5249.27 5272.14
CITY 29 97.93 26.61 6479.17 6507.23
CITY 30 82.88 6.06 5218.52 5264.57
CITY 31 45.06 88.35 7250.06 7297.71
CITY 32 80.62 8.04 8817.07 8850.44
CITY 33 77.85 88.82 6542.50 6590.74
CITY 34 29.12 19.83 1771.22 1816.27
CITY 35 18.35 91.68 3601.42 3628.13
CITY 36 11.31 80.83 1534.42 1562.78
CITY 37 44.36 97.89 8741.08 8761.24
CITY 38 22.23 56.28 7078.08 7120.77
CITY 39 32.51 6.09 8408.35 8446.82
CITY 40 61.27 98.66 3108.70 3149.67
CITY 41 21.90 60.47 1222.79 1263.82
CITY 42 99.13 49.33 5166.57 5189.18
CITY 43 89.48 11.79 3705.15 3735.59
CITY 44 4.78 97.49 5379.10 5411.98
CITY 45 12.54 43.04 4011.78 4043.63
CITY 46 33.11 17.16 8237.10 8273.69
CITY 47 30.37 97.72 5616.47 5644.42
CITY 48 74.89 58.64 233.02 274.71
CITY 49 50.57 54.61 2882.79 2902.88
CITY 50 74.82 99.37 7193.47 7238.87
