NUM_CLIENTS 100
NUM_VEHICLES 60
CITY 0 0.0 0.0 0.0 1359
CITY 1 64.29 69.73 631.82 653.09
CITY 2 75.85 95.00 1249.79 1273.92
CITY 3 31.95 38.75 834.00 865.87
CITY 4 51.02 28.96 40.54 81.99
CITY 5 41.49 6.80 269.96 291.04
CITY 6 22.95 49.15 463.85 486.27
CITY 7 88.16 50.91 1086.92 1118.83
CITY 8 15.23 0.73 825.36 864.04
CITY 9 26.56 37.43 514.56 559.60
CITY 10 75.42 25.63 264.31 311.25
CITY 11 39.26 65.05 596.69 630.06
CITY 12 96.77 67.18 1010.25 1036.39
CITY 13 11.27 38.75 148.64 196.63
CITY 14 20.56 75.98 965.68 994.64
CITY 15 68.97 21.43 780.64 809.74
CITY 16 46.38 64.78 308.52 355.23
CITY 17 84.36 21.68 40.93 61.30
CITY 18 82.96 86.04 278.05 326.46
CITY 19 38.86 32.74 1288.51 1326.57
CITY 20 16.53 49.17 738.52 767.08
CITY 21 98.68 85.74 332.83 371.32
CITY 22 88.44 85.27 814.44 860.16
CITY 23 94.68 93.02 404.18 435.62
CITY 24 56.81 15.95 79.55 106.00
CITY 25 19.08 42.32 1148.50 1170.78
CITY 26 41.75 2.24 1010.81 1057.76
CITY 27 30.21 26.27 1218.23 1264.85
CITY 28 80.06 20.47 1204.31 1246.64
CITY 29 68.18 3.04 1219.42 1253.72
CITY 30 1.43 8.61 315.01 361.10
CITY 31 57.98 55.74 360.82 401.90
CITY 32 47.97 73.14 209.13 231.08
CITY 33 67.80 2.99 656.15 701.07
CITY 34 41.24 97.29 759.21 780.53
CITY 35 6.30 76.95 374.79 403.24
CITY 36 47.92 80.19 41.71 69.87
CITY 37 87.20 23.48 591.94 612.00
CITY 38 65.02 87.35 1095.17 1128.24
CITY 39 95.21 48.85 310.75 356.20
CITY 40 4.73 36.40 786.87 820.55
CITY 41 47.25 16.39 865.52 896.66
CITY 42 55.10 14.57 965.02 995.42
CITY 43 17.40 40.18 617.26 647.69
CITY 44 29.24 81.42 986.41 1021.24
CITY 45 54.23 36.03 570.79 608.86
CITY 46 88.48 33.28 475.91 509.91
CITY 47 75.37 86.18 223.39 244.68
CITY 48 50.64 85.97 821.96 859.92
CITY 49 54.02 83.20 217.10 261.06
CITY 50 13.95 81.63 277.35 318.15
CITY 51 8.17 41.90 155.33 190.37
CITY 52 4.20 10.38 15.25 63.28
CITY 53 66.46 16.47 304.59 345.88
CITY 54 33.49 11.69 960.68 1004.59
CITY 55 54.85 39.50 863.30 895.09
CITY 56 57.70 74.98 903.45 953.09
CITY 57 22.58 64.39 212.26 253.07
CITY 58 75.33 71.62 1170.25 1219.32
CITY 59 79.99 49.52 1199.68 1240.53
CITY 60 30.66 75.58 403.41 429.69
CITY 61 63.82 95.16 258.12 278.60
CITY 62 29.58 20.71 1085.13 1125.54
CITY 63 6.70 45.26 164.52 212.87
CITY 64 66.16 1.06 786.23 816.53
CITY 65 37.49 30.38 814.42 862.00
CITY 66 63.52 59.33 892.17 941.48
CITY 67 50.00 35.15 342.26 376.47
CITY 68 79.78 75.29 1009.95 1042.63
CITY 69 58.71 88.06 1242.91 1283.46
CITY 70 99.46 38.00 1260.64 1303.41
CITY 71 8.68 25.22 129.57 156.93
CITY 72 83.06 63.13 132.11 163.51
CITY 73 33.74 60.36 619.59 649.28
CITY 74 55.26 70.40 596.11 634.52
CITY 75 9.50 68.38 780.86 821.12
CITY 76 2.82 50.63 99.76 125.20
CITY 77 27.47 56.50 1050.90 1086.97
CITY 78 72.43 25.32 162.85 198.35
CITY 79 17.39 45.17 1118.77 1139.96
CITY 80 60.11 42.67 902.16 951.22
CITY 81 7.68 48.21 333.51 365.13
CITY 82 74.45 65.39 239.44 270.75
CITY 83 30.23 22.34 1134.37 1171.88
CITY 84 49.34 71.38 1060.14 1108.58
CITY 85 11.61 16.44 181.47 230.83
CITY 86 60.52 2.37 654.49 698.32
CITY 87 43.00 70.84 1176.10 1207.15
CITY 88 54.35 41.86 53.56 86.65
CITY 89 70.20 6.69 123.33 169.66
CITY 90 66.47 47.46 668.74 696.04
CITY 91 92.79 13.75 41.32 63.91
CITY 92 18.68 19.65 867.16 903.54
CITY 93 55.74 47.79 1271.15 1310.84
CITY 94 58.21 11.58 61.64 87.72
CITY 95 30.03 74.66 517.53 548.69
CITY 96 51.02 1.22 691.41 719.38
CITY 97 53.05 30.33 1064.09 1093.67
CITY 98 24.37 48.04 287.42 327.34
CITY 99 47.83 21.41 233.97 270.56
CITY 100 62.70 85.87 102.12 142.14
