NUM_CLIENTS 32
NUM_VEHICLES 3
CITY 0 0.0 0.0 0.0 4843
CITY 1 83.49 61.34 2738.50 2781.39
CITY 2 22.64 92.81 3102.38 3141.61
CITY 3 12.54 47.09 4141.84 4190.67
CITY 4 62.65 72.10 2720.62 2740.91
CITY 5 6.58 69.90 2314.68 2349.02
CITY 6 12.74 87.90 1943.65 1984.48
CITY 7 96.90 83.33 603.39 631.25
CITY 8 15.38 3.31 1977.55 2015.54
CITY 9 5.31 76.05 3440.57 3468.62
CITY 10 83.02 97.45 4372.99 4413.36
CITY 11 14.83 24.17 4525.66 4549.07
CITY 12 46.01 81.96 1898.04 1945.38
CITY 13 25.86 96.00 1573.34 1610.49
CITY 14 78.80 87.88 3039.41 3075.06
CITY 15 12.59 61.04 1067.76 1117.12
CITY 16 61.08 98.51 1308.00 1352.03
CITY 17 16.36 57.52 3054.92 3099.94
CITY 18 96.28 64.74 1548.34 1580.86
CITY 19 41.54 69.35 3774.57 3818.48
CITY 20 8.24 35.29 4136.57 4157.17
CITY 21 16.88 43.13 4374.93 4417.19
CITY 22 46.50 77.94 1930.06 1950.38
CITY 23 71.97 14.32 2697.35 2734.58
CITY 24 70.32 63.62 2072.13 2117.40
CITY 25 40.66 86.47 3091.11 3120.14
CITY 26 45.16 48.89 4035.87 4077.04
CITY 27 31.81 65.87 251.62 299.25
CITY 28 17.60 24.86 1919.85 1954.63
CITY 29 14.36 70.53 293.16 326.15
CITY 30 95.04 81.14 1282.80 1319.92
CITY 31 62.20 30.58 1108.13 1145.37
CITY 32 58.75 27.72 4091.65 4133.83
