NUM_CLIENTS 150
NUM_VEHICLES 90
CITY 0 0.0 0.0 0.0 1184
CITY 1 69.60 44.91 755.17 781.86
CITY 2 63.76 11.53 1024.09 1058.75
CITY 3 18.34 32.74 1070.50 1098.19
CITY 4 68.09 93.06 457.58 493.67
CITY 5 28.47 57.01 131.95 155.53
CITY 6 82.29 88.40 1078.03 1114.68
CITY 7 49.80 12.71 1129.01 1163.08
CITY 8 10.93 22.86 946.40 971.93
CITY 9 76.25 80.64 281.73 320.19
CITY 10 43.81 14.28 681.03 702.26
CITY 11 93.36 76.68 222.40 248.71
CITY 12 31.79 56.88 1076.21 1106.45
CITY 13 95.04 92.18 403.53 429.55
CITY 14 64.41 39.13 182.08 210.84
CITY 15 6.36 18.40 228.44 268.18
CITY 16 43.89 87.13 87.99 115.36
CITY 17 52.86 55.69 171.14 220.07
CITY 18 5.67 68.48 470.75 506.78
CITY 19 61.86 16.99 1058.47 1089.58
CITY 20 14.35 10.38 272.64 304.07
CITY 21 56.27 81.37 874.01 897.60
CITY 22 22.45 62.83 643.53 665.75
CITY 23 64.89 91.08 1063.43 1102.77
CITY 24 28.25 61.60 515.43 557.87
CITY 25 68.29 61.26 397.94 447.58
CITY 26 45.50 91.94 182.13 218.22
CITY 27 36.01 14.44 726.09 751.32
CITY 28 96.74 99.91 1001.30 1032.34
CITY 29 2.09 80.55 171.84 205.64
CITY 30 71.07 54.15 265.13 297.20
CITY 31 84.01 35.29 1068.67 1101.31
CITY 32 41.77 73.34 508.94 540.59
CITY 33 36.36 32.60 458.34 500.04
CITY 34 20.59 21.70 224.64 250.48
CITY 35 87.36 65.93 705.62 752.63
CITY 36 54.82 76.40 468.83 508.15
CITY 37 21.35 14.13 132.12 171.69
CITY 38 30.03 83.29 880.63 919.33
CITY 39 5.09 21.72 630.10 654.80
CITY 40 38.43 51.75 212.67 245.96
CITY 41 69.40 38.60 759.70 787.90
CITY 42 74.60 56.34 185.18 217.24
CITY 43 78.19 19.78 472.29 506.35
CITY 44 86.80 13.06 1056.73 1086.21
CITY 45 93.30 61.23 836.50 882.77
CITY 46 67.62 78.70 106.38 126.64
CITY 47 86.22 5.28 968.32 997.72
CITY 48 90.18 20.30 179.28 205.67
CITY 49 84.07 36.29 1031.99 1069.50
CITY 50 82.83 47.51 800.85 829.54
CITY 51 10.15 56.19 1022.52 1047.08
CITY 52 41.52 53.23 704.96 729.71
CITY 53 55.23 46.96 1115.23 1155.93
CITY 54 90.37 97.61 756.19 780.59
CITY 55 44.49 75.57 162.41 193.84
CITY 56 37.94 17.05 32.43 73.07
CITY 57 81.80 93.09 667.42 692.87
CITY 58 89.40 97.03 1073.98 1110.99
CITY 59 88.56 98.78 1006.42 1028.48
CITY 60 13.49 30.01 452.42 476.91
CITY 61 99.29 79.10 761.85 810.70
CITY 62 32.07 71.14 1076.41 1098.90
CITY 63 60.28 79.93 27.93 74.67
CITY 64 41.77 16.91 966.81 992.57
CITY 65 28.02 52.04 1039.50 1074.19
CITY 66 90.58 5.20 278.42 307.61
CITY 67 44.89 43.29 55.47 97.97
CITY 68 75.98 45.81 100.19 136.73
CITY 69 13.06 97.82 711.57 753.61
CITY 70 1.92 38.07 1026.70 1058.10
CITY 71 3.60 67.19 793.27 823.34
CITY 72 80.31 85.36 891.35 923.57
CITY 73 34.21 94.29 818.29 854.86
CITY 74 48.88 26.67 1036.61 1084.18
CITY 75 8.48 66.62 368.12 403.39
CITY 76 11.35 81.08 916.20 939.41
CITY 77 7.44 37.34 183.10 227.15
CITY 78 77.89 86.37 20.84 41.24
CITY 79 80.70 87.02 704.03 728.71
CITY 80 62.61 87.13 527.90 574.10
CITY 81 78.61 10.58 147.10 188.23
CITY 82 19.95 74.61 101.22 123.97
CITY 83 95.14 0.38 899.75 926.74
CITY 84 5.00 7.94 370.14 406.02
CITY 85 47.60 19.73 1120.43 1158.60
CITY 86 18.61 28.81 770.00 815.95
CITY 87 6.13 18.49 17.10 42.37
CITY 88 19.77 14.39 619.21 668.39
CITY 89 70.00 70.29 95.18 120.79
CITY 90 32.14 99.20 192.56 231.62
CITY 91 59.23 60.16 579.48 608.04
CITY 92 42.65 82.45 836.64 872.55
CITY 93 65.48 96.81 292.88 335.50
CITY 94 6.47 6.28 396.91 438.89
CITY 95 61.98 81.77 99.87 142.80
CITY 96 71.61 1.20 846.56 869.20
CITY 97 58.81 91.63 416.30 456.74
CITY 98 67.82 6.59 304.98 350.17
CITY 99 45.08 74.22 550.02 585.02
CITY 100 76.34 31.35 1132.99 1158.69
CITY 101 58.72 4.27 406.65 440.60
CITY 102 46.16 92.34 961.45 1010.61
CITY 103 46.36 89.91 518.25 542.51
CITY 104 75.06 41.96 37.52 61.70
CITY 105 31.67 98.98 720.58 752.57
CITY 106 1.40 79.14 753.83 779.02
CITY 107 59.29 18.39 116.61 148.35
CITY 108 14.99 33.73 34.37 66.14
CITY 109 30.35 95.52 627.45 654.28
CITY 110 48.65 72.37 496.53 544.95
CITY 111 15.98 96.91 77.17 126.01
CITY 112 6.69 32.33 545.81 574.49
CITY 113 23.52 94.33 913.27 945.76
CITY 114 1.30 30.80 188.27 227.18
CITY 115 68.41 42.90 146.96 170.84
CITY 116 28.19 72.48 917.21 963.13
CITY 117 36.96 97.04 80.95 114.36
CITY 118 41.70 20.95 376.65 403.65
CITY 119 87.19 31.25 1039.29 1088.47
CITY 120 78.68 55.50 658.80 688.73
CITY 121 19.44 12.71 371.74 410.72
CITY 122 97.11 22.89 676.35 703.46
CITY 123 81.97 48.86 538.00 558.58
CITY 124 51.10 9.56 853.22 891.92
CITY 125 8.13 49.09 687.32 734.05
CITY 126 95.83 26.60 515.22 558.54
CITY 127 79.13 27.62 170.83 216.26
CITY 128 5.90 24.66 721.57 751.39
CITY 129 82.48 48.26 174.24 202.42
CITY 130 32.00 98.53 689.76 725.85
CITY 131 82.41 64.58 1086.48 1124.41
CITY 132 12.04 73.34 836.70 862.54
CITY 133 79.88 28.25 898.76 931.45
CITY 134 81.86 1.09 303.35 327.67
CITY 135 2.53 65.16 866.91 889.27
CITY 136 46.49 90.98 175.92 214.70
CITY 137 55.53 59.38 862.51 885.74
CITY 138 27.36 27.59 803.88 837.48
CITY 139 16.29 12.85 1084.66 1108.38
CITY 140 86.77 55.26 424.56 454.01
CITY 141 72.05 55.01 716.87 756.26
CITY 142 39.55 32.66 949.75 970.78
CITY 143 28.29 56.56 649.03 695.53
CITY 144 5.59 71.73 158.22 180.13
CITY 145 6.79 15.16 597.61 645.81
CITY 146 23.50 75.47 1102.89 1133.03
CITY 147 41.26 75.09 563.52 599.87
CITY 148 52.47 64.18 455.09 479.74
CITY 149 82.28 81.44 514.11 537.57
CITY 150 91.14 26.08 278.93 318.28
