NUM_CLIENTS 150
NUM_VEHICLES 15
CITY 0 0.0 0.0 0.0 10080
CITY 1 10.75 51.06 9266.36 9308.18
CITY 2 69.95 96.07 5178.50 5202.25
CITY 3 9.59 67.67 3549.99 3596.40
CITY 4 99.03 62.84 1873.23 1898.67
CITY 5 58.53 69.06 2721.61 2765.36
CITY 6 26.37 71.70 4011.66 4059.45
CITY 7 90.52 85.21 5753.69 5778.99
CITY 8 12.80 5.27 5927.11 5971.91
CITY 9 70.10 27.74 5420.05 5442.03
CITY 10 18.81 93.80 1685.21 1729.32
CITY 11 33.75 58.80 2955.11 2980.41
CITY 12 7.44 11.44 4840.94 4869.32
CITY 13 37.74 6.06 3451.03 3486.38
CITY 14 5.55 63.85 5540.63 5564.05
CITY 15 95.53 93.98 21.08 55.91
CITY 16 11.10 34.01 9642.55 9684.11
CITY 17 44.23 19.62 9856.22 9880.87
CITY 18 5.95 89.10 9952.07 9986.00
CITY 19 74.68 43.08 5704.18 5735.40
CITY 20 18.68 47.82 4939.73 4965.34
CITY 21 88.49 84.21 7448.69 7473.40
CITY 22 0.18 26.18 4317.54 4354.82
CITY 23 74.51 53.81 8866.32 8913.54
CITY 24 89.67 88.86 697.14 730.26
CITY 25 91.42 64.94 2285.90 2307.43
CITY 26 70.23 72.40 3840.63 3863.40
CITY 27 91.12 47.50 8197.72 8219.32
CITY 28 14.49 29.25 379.72 404.69
CITY 29 16.20 1.66 2070.97 2107.46
CITY 30 83.44 1.87 7872.69 7920.28
CITY 31 8.67 70.94 6392.36 6437.48
CITY 32 23.78 80.77 9010.89 9056.19
CITY 33 78.21 80.12 2486.56 2509.28
CITY 34 6.85 88.12 5958.78 5985.67
CITY 35 48.18 23.12 2310.53 2344.41
CITY 36 56.78 51.95 8188.88 8224.75
CITY 37 92.98 7.28 9172.38 9221.57
CITY 38 4.08 14.07 2331.06 2365.13
CITY 39 39.91 89.65 7438.09 7458.29
CITY 40 74.12 48.41 6760.76 6794.53
CITY 41 42.69 15.73 4619.53 4653.23
CITY 42 3.44 88.42 5314.63 5345.67
CITY 43 37.31 84.21 7706.69 7745.22
CITY 44 6.56 91.54 3236.14 3265.39
CITY 45 6.81 12.25 7171.86 7210.68
CITY 46 26.12 53.72 6460.62 6504.88
CITY 47 12.14 58.24 2535.08 2583.44
CITY 48 67.11 20.52 2562.77 2588.03
CITY 49 71.77 65.26 9567.66 9611.44
CITY 50 91.44 0.93 5265.60 5290.16
CITY 51 81.56 44.37 9996.22 10042.99
CITY 52 66.44 27.34 3260.79 3283.19
CITY 53 60.18 63.10 7885.00 7927.47
CITY 54 43.34 67.42 3980.86 4001.19
CITY 55 74.55 68.05 8268.65 8298.81
CITY 56 49.94 49.59 4999.20 5026.28
CITY 57 51.14 98.76 1186.83 1220.33
CITY 58 43.49 22.47 1904.46 1932.72
CITY 59 52.40 80.77 7185.83 7206.18
CITY 60 92.05 93.59 7954.80 7979.33
CITY 61 97.45 52.02 8729.23 8763.64
CITY 62 78.09 28.50 5823.85 5873.44
CITY 63 9.00 55.98 891.27 940.33
CITY 64 88.39 69.58 6799.12 6821.32
CITY 65 28.75 11.49 6164.08 6198.89
CITY 66 63.23 90.38 3422.16 3460.14
CITY 67 37.67 83.18 8749.91 8777.07
CITY 68 2.50 69.47 4270.47 4315.97
CITY 69 94.46 1.37 4802.28 4830.43
CITY 70 51.76 96.98 10020.54 10045.46
CITY 71 32.01 26.88 4103.37 4150.86
CITY 72 46.40 59.95 624.98 666.43
CITY 73 97.07 80.12 8274.95 8309.58
CITY 74 19.88 58.00 7727.02 7761.40
CITY 75 19.26 53.35 5657.90 5684.01
CITY 76 72.59 96.37 3304.10 3342.17
CITY 77 89.83 82.53 3623.98 3672.08
CITY 78 97.23 23.57 2271.08 2318.18
CITY 79 93.30 74.28 3738.30 3766.35
CITY 80 13.34 18.34 4165.42 4192.00
CITY 81 35.60 41.84 4977.70 5013.20
CITY 82 19.51 92.87 8147.55 8181.76
CITY 83 79.67 76.01 3089.43 3137.15
CITY 84 99.71 85.61 5035.45 5071.92
CITY 85 27.30 46.54 1114.76 1146.04
CITY 86 62.46 31.63 2827.05 2857.70
CITY 87 73.38 78.97 8614.39 8639.26
CITY 88 26.08 87.35 9471.97 9506.58
CITY 89 93.55 40.14 7434.01 7474.83
CITY 90 93.02 30.62 4190.76 4226.29
CITY 91 59.40 72.77 1499.42 1525.92
CITY 92 51.52 39.69 2329.08 2375.13
CITY 93 94.89 3.01 983.36 1023.42
CITY 94 54.09 17.49 6527.55 6564.58
CITY 95 72.69 72.89 9229.89 9250.96
CITY 96 2.92 35.39 4293.36 4332.76
CITY 97 44.74 82.61 6675.94 6712.04
CITY 98 66.70 40.80 478.16 514.51
CITY 99 42.96 58.16 8869.12 8896.44
CITY 100 82.81 72.83 8492.89 8541.52
CITY 101 84.73 67.72 9789.80 9830.51
CITY 102 59.26 94.58 321.71 370.67
CITY 103 74.51 7.53 8214.95 8236.34
CITY 104 64.41 90.83 2420.37 2441.44
CITY 105 80.75 51.26 5305.00 5342.62
CITY 106 83.14 6.40 2243.78 2268.73
CITY 107 52.64 35.46 8598.46 8645.80
CITY 108 82.15 23.02 4088.51 4133.97
CITY 109 66.36 95.42 8792.79 8819.49
CITY 110 14.68 89.95 7899.71 7934.65
CITY 111 57.37 13.38 8926.64 8950.17
CITY 112 55.81 95.78 5756.50 5783.93
CITY 113 81.27 32.25 203.37 236.97
CITY 114 61.04 35.16 6429.78 6452.41
CITY 115 45.98 86.73 5766.23 5806.26
CITY 116 70.82 37.70 2439.36 2486.44
CITY 117 3.52 25.56 5784.26 5831.65
CITY 118 96.65 40.40 5167.95 5198.06
CITY 119 26.59 26.11 6451.09 6495.05
CITY 120 82.85 32.49 1560.55 1590.27
CITY 121 40.29 20.58 8680.62 8714.92
CITY 122 24.83 93.71 419.60 461.46
CITY 123 27.24 9.91 6696.19 6740.55
CITY 124 15.16 28.44 6541.36 6572.34
CITY 125 74.49 83.12 9847.25 9894.52
CITY 126 63.34 80.75 8061.66 8099.45
CITY 127 1.19 0.39 900.40 938.03
CITY 128 13.42 48.81 7246.59 7269.66
CITY 129 49.50 65.66 980.14 1011.73
CITY 130 41.61 41.76 2371.15 2392.49
CITY 131 3.72 26.07 6923.43 6962.64
CITY 132 47.48 76.55 4573.07 4604.09
CITY 133 25.52 37.37 2401.14 2430.78
CITY 134 74.21 42.80 1658.50 1683.07
CITY 135 53.54 70.90 4595.73 4643.45
CITY 136 38.70 5.64 4884.20 4927.67
CITY 137 90.20 57.72 5772.75 5820.17
CITY 138 9.12 15.41 1081.93 1108.72
CITY 139 55.49 36.88 2984.31 3020.63
CITY 140 86.83 62.22 9213.04 9234.74
CITY 141 31.08 50.96 6072.54 6104.59
CITY 142 43.47 55.21 3877.93 3908.99
CITY 143 67.03 59.75 3148.39 3179.73
CITY 144 70.10 56.61 4682.21 4716.08
CITY 145 36.86 91.40 7653.31 7678.13
CITY 146 29.17 4.54 821.47 862.40
CITY 147 13.35 61.24 8849.64 8870.40
CITY 148 8.95 2.56 4317.44 4355.25
CITY 149 81.03 17.07 985.38 1027.74
CITY 150 45.90 77.70 422.54 451.55
