NUM_CLIENTS 181
NUM_VEHICLES 18
CITY 0 0.0 0.0 0.0 8871
CITY 1 28.85 77.55 2924.57 2968.10
CITY 2 28.85 50.65 6282.02 6308.95
CITY 3 42.49 52.03 1765.94 1806.73
CITY 4 36.20 37.16 2525.91 2546.99
CITY 5 85.71 93.82 6079.86 6127.82
CITY 6 33.96 96.45 3104.74 3139.45
CITY 7 68.03 28.65 3350.01 3398.37
CITY 8 2.13 78.63 8405.13 8446.84
CITY 9 64.03 80.92 6482.25 6506.80
CITY 10 74.88 47.02 8490.09 8524.36
CITY 11 32.09 89.15 151.59 172.98
CITY 12 91.00 3.89 1881.85 1902.46
CITY 13 17.95 10.26 1233.89 1271.35
CITY 14 96.12 10.66 851.53 895.93
CITY 15 59.63 22.45 1685.07 1721.74
CITY 16 91.12 9.87 8610.88 8658.95
CITY 17 40.93 23.07 1173.71 1216.03
CITY 18 74.65 11.38 2329.47 2355.55
CITY 19 47.48 33.61 320.63 350.29
CITY 20 83.47 39.28 4794.75 4827.97
CITY 21 55.04 80.98 6754.97 6803.77
CITY 22 67.90 63.89 6717.68 6740.70
CITY 23 17.86 53.67 1642.50 1689.69
CITY 24 70.63 39.32 2978.79 3022.58
CITY 25 41.45 68.05 1831.44 1872.96
CITY 26 82.24 56.26 1660.79 1681.85
CITY 27 87.87 34.12 730.95 764.60
CITY 28 17.60 70.32 883.84 912.63
CITY 29 33.85 45.41 8715.17 8751.95
CITY 30 46.93 63.88 1425.84 1457.27
CITY 31 87.95 87.88 2908.57 2937.09
CITY 32 98.74 58.33 128.28 166.64
CITY 33 61.59 43.36 5354.65 5377.00
CITY 34 72.43 1.25 6138.21 6171.31
CITY 35 93.80 99.12 5023.59 5061.79
CITY 36 21.73 52.46 954.74 991.83
CITY 37 64.61 88.69 5536.62 5565.33
CITY 38 97.00 91.12 4058.75 4090.41
CITY 39 17.33 96.32 736.30 777.18
CITY 40 0.88 14.20 803.10 833.21
CITY 41 49.44 91.28 4584.38 4616.28
CITY 42 21.77 92.20 3996.64 4026.64
CITY 43 20.27 87.95 302.21 337.35
CITY 44 81.49 60.45 3602.50 3635.54
CITY 45 43.28 88.76 4701.95 4746.35
CITY 46 83.33 26.86 613.92 645.48
CITY 47 91.38 5.94 5921.05 5953.20
CITY 48 86.32 75.45 2687.73 2726.20
CITY 49 84.24 20.67 5412.91 5444.99
CITY 50 36.37 79.04 6607.38 6629.73
CITY 51 33.99 43.89 585.67 607.02
CITY 52 20.49 5.50 5832.10 5856.42
CITY 53 33.05 41.44 4915.28 4954.17
CITY 54 98.97 76.33 4833.96 4872.25
CITY 55 60.79 98.87 7653.54 7682.52
CITY 56 25.59 16.11 880.57 917.59
CITY 57 76.91 16.71 894.63 925.00
CITY 58 86.98 93.31 3821.62 3854.35
CITY 59 64.27 76.13 6673.92 6720.78
CITY 60 10.75 4.45 2404.04 2443.64
CITY 61 87.28 72.06 6424.09 6462.65
CITY 62 11.54 12.41 8504.08 8546.43
CITY 63 29.18 35.83 525.59 556.05
CITY 64 66.52 70.40 5949.77 5984.14
CITY 65 27.28 16.15 5305.03 5337.07
CITY 66 21.92 41.46 636.55 662.03
CITY 67 80.37 30.32 1196.63 1237.39
CITY 68 68.93 69.94 6525.79 6551.14
CITY 69 34.06 59.97 6385.51 6405.90
CITY 70 28.92 25.35 4735.72 4758.23
CITY 71 28.32 62.91 1219.34 1259.52
CITY 72 92.91 69.93 7255.50 7299.66
CITY 73 40.02 65.13 6628.70 6654.28
CITY 74 79.35 94.71 3815.16 3860.85
CITY 75 1.92 9.79 5711.74 5734.80
CITY 76 15.24 78.33 6785.32 6817.01
CITY 77 93.57 88.37 6874.59 6910.70
CITY 78 60.54 48.82 1423.68 1461.92
CITY 79 84.21 58.69 135.02 168.08
CITY 80 24.68 86.68 895.47 940.39
CITY 81 31.82 7.74 4138.65 4178.13
CITY 82 23.57 43.99 1193.26 1238.63
CITY 83 89.53 23.92 5279.88 5299.93
CITY 84 38.93 30.84 5708.69 5742.73
CITY 85 47.86 34.56 4064.35 4107.41
CITY 86 19.83 8.64 1220.45 1260.99
CITY 87 32.33 24.01 218.87 244.86
CITY 88 86.87 33.67 3376.67 3424.05
CITY 89 41.57 44.50 2217.81 2264.84
CITY 90 19.08 90.62 617.02 640.03
CITY 91 9.14 41.46 2000.62 2029.34
CITY 92 53.94 78.96 2656.32 2680.55
CITY 93 65.60 19.75 3245.73 3292.23
CITY 94 1.76 88.05 5423.98 5473.88
CITY 95 64.20 65.31 2744.93 2781.99
CITY 96 24.68 35.58 3360.64 3390.91
CITY 97 85.89 70.95 3811.58 3834.22
CITY 98 40.09 41.87 8000.21 8026.08
CITY 99 8.35 92.78 2865.25 2890.76
CITY 100 75.49 13.57 1227.93 1257.69
CITY 101 21.63 30.88 5821.41 5863.16
CITY 102 82.39 59.56 6723.79 6760.84
CITY 103 71.20 59.61 3584.24 3633.44
CITY 104 45.61 54.98 8807.97 8834.61
CITY 105 17.63 66.90 4376.96 4426.34
CITY 106 38.76 0.65 3821.41 3844.06
CITY 107 19.63 69.21 6938.81 6978.03
CITY 108 32.35 4.09 2718.38 2767.77
CITY 109 50.30 0.83 8349.47 8396.17
CITY 110 1.45 39.99 1250.28 1289.31
CITY 111 95.86 65.07 5037.88 5065.46
CITY 112 86.57 67.58 1105.88 1154.34
CITY 113 62.85 20.10 8190.96 8238.99
CITY 114 16.71 93.26 6442.47 6468.09
CITY 115 87.37 94.72 2306.69 2336.09
CITY 116 28.49 38.75 3688.76 3728.19
CITY 117 76.78 61.12 3823.90 3863.67
CITY 118 38.99 62.96 8177.04 8208.63
CITY 119 51.38 70.93 42.04 85.68
CITY 120 69.09 20.61 1169.59 1208.04
CITY 121 56.09 80.24 6340.32 6388.79
CITY 122 81.18 82.99 10.29 49.52
CITY 123 41.70 86.10 1064.04 1101.04
CITY 124 7.05 85.67 2497.37 2520.19
CITY 125 54.01 11.96 6481.16 6511.81
CITY 126 95.09 97.47 6518.86 6562.75
CITY 127 54.47 58.32 2878.12 2918.85
CITY 128 39.83 81.91 4546.65 4572.17
CITY 129 15.77 50.17 4995.41 5036.73
CITY 130 7.16 77.87 6645.07 6682.04
CITY 131 38.04 6.99 8253.22 8291.67
CITY 132 62.06 19.00 6454.48 6503.08
CITY 133 45.18 59.91 8036.82 8071.96
CITY 134 79.69 4.33 5014.33 5040.07
CITY 135 81.40 87.85 1963.32 2005.40
CITY 136 95.57 73.67 7216.82 7265.63
CITY 137 73.44 7.84 434.58 468.64
CITY 138 2.45 84.30 1225.89 1252.92
CITY 139 52.82 81.52 3198.83 3236.03
CITY 140 33.06 87.22 858.86 899.47
CITY 141 59.25 15.41 8401.46 8435.40
CITY 142 14.72 4.57 1805.24 1836.39
CITY 143 55.34 22.26 5083.94 5122.46
CITY 144 35.94 10.56 1058.23 1085.47
CITY 145 76.45 62.00 4385.13 4427.37
CITY 146 91.93 24.36 7265.91 7299.65
CITY 147 15.73 55.13 4126.28 4175.69
CITY 148 94.22 82.16 2168.77 2189.00
CITY 149 55.14 29.30 1148.82 1191.93
CITY 150 80.98 75.80 7375.38 7405.25
CITY 151 30.46 68.63 7023.69 7055.00
CITY 152 45.95 19.80 7924.71 7949.36
CITY 153 2.32 52.78 2729.43 2769.72
CITY 154 84.44 63.60 7140.50 7178.93
CITY 155 12.34 50.57 3872.80 3894.31
CITY 156 84.30 51.39 555.29 575.60
CITY 157 0.47 27.17 8133.77 8160.32
CITY 158 11.96 28.96 742.46 783.62
CITY 159 11.62 98.99 6181.32 6220.31
CITY 160 59.09 24.92 1720.26 1759.03
CITY 161 99.57 99.87 6642.58 6670.97
CITY 162 95.95 5.28 2490.06 2517.23
CITY 163 87.33 44.10 7284.22 7321.94
CITY 164 57.04 88.68 8509.95 8534.21
CITY 165 52.01 97.65 5732.42 5775.28
CITY 166 11.15 78.41 762.75 794.08
CITY 167 21.31 68.39 3603.13 3628.50
CITY 168 83.09 51.96 4641.89 4671.81
CITY 169 86.41 94.44 5775.84 5808.68
CITY 170 13.27 50.59 1727.26 1747.67
CITY 171 90.02 32.01 6279.88 6308.71
CITY 172 3.77 47.58 8178.83 8204.09
CITY 173 85.30 33.46 2361.84 2403.40
CITY 174 12.86 93.11 7022.20 7048.51
CITY 175 34.99 80.25 2066.48 2101.27
CITY 176 7.33 79.90 3628.67 3672.29
CITY 177 27.80 43.37 7255.37 7283.61
CITY 178 47.89 82.31 1504.94 1552.25
CITY 179 5.87 90.17 6845.54 6892.16
CITY 180 83.20 64.89 8290.87 8326.52
CITY 181 85.91 85.70 7604.21 7644.76
