NUM_CLIENTS 100
NUM_VEHICLES 50
CITY 0 0.0 0.0 0.0 9327
CITY 1 7.98 94.53 3128.90 3149.24
CITY 2 82.11 73.79 5729.55 5777.05
CITY 3 96.61 72.01 5850.76 5875.77
CITY 4 10.54 46.80 445.49 474.96
CITY 5 56.03 42.52 3929.56 3955.79
CITY 6 82.31 37.37 5829.71 5869.42
CITY 7 74.45 53.85 201.53 243.18
CITY 8 96.12 1.19 7758.46 7788.01
CITY 9 12.65 39.46 6924.38 6948.02
CITY 10 57.57 78.73 749.69 777.15
CITY 11 85.76 12.57 5324.67 5358.90
CITY 12 13.44 86.61 3249.39 3276.69
CITY 13 42.66 57.40 6405.01 6434.86
CITY 14 53.50 10.11 4664.71 4688.40
CITY 15 28.34 6.10 1266.87 1293.24
CITY 16 46.10 40.05 8403.83 8451.81
CITY 17 79.51 53.09 1915.68 1958.41
CITY 18 13.99 43.99 2021.24 2051.70
CITY 19 72.06 40.09 2283.62 2314.22
CITY 20 79.85 6.04 75.93 105.95
CITY 21 32.18 87.38 6972.07 7021.20
CITY 22 9.03 63.29 2715.03 2755.00
CITY 23 8.59 33.43 3585.52 3616.79
CITY 24 58.48 56.81 3318.95 3362.65
CITY 25 11.57 37.98 2290.60 2339.30
CITY 26 61.34 66.00 7778.70 7826.03
CITY 27 47.15 18.17 271.08 295.83
CITY 28 59.45 99.68 6035.00 6067.30
CITY 29 34.31 24.94 1651.09 1673.55
CITY 30 80.72 25.64 7581.14 7621.63
CITY 31 7.65 89.33 5787.53 5828.43
CITY 32 95.89 32.33 8272.86 8302.90
CITY 33 87.22 63.48 2786.51 2831.36
CITY 34 4.29 37.33 1163.18 1188.85
CITY 35 56.02 0.12 4554.68 4581.10
CITY 36 26.41 48.66 1942.45 1966.48
CITY 37 85.72 87.24 2449.97 2477.75
CITY 38 27.06 11.61 7006.38 7033.28
CITY 39 31.70 21.14 210.24 242.59
CITY 40 79.73 41.84 3736.56 3777.41
CITY 41 86.06 65.93 5633.33 5682.28
CITY 42 91.99 56.97 1614.43 1650.52
CITY 43 85.82 93.85 4728.27 4771.23
CITY 44 87.12 75.44 3259.06 3304.73
CITY 45 23.71 83.14 3055.61 3098.07
CITY 46 45.37 84.59 1152.49 1180.47
CITY 47 19.65 64.18 3946.79 3983.37
CITY 48 56.00 11.98 989.14 1020.65
CITY 49 83.21 27.10 6690.05 6734.92
CITY 50 20.31 94.71 5483.53 5526.33
CITY 51 90.11 50.73 1914.80 1948.90
CITY 52 65.19 35.91 4754.42 4796.39
CITY 53 21.44 28.40 4410.86 4431.28
CITY 54 25.11 23.25 88.11 108.48
CITY 55 91.31 94.21 3245.17 3280.55
CITY 56 63.69 41.91 224.92 261.27
CITY 57 39.59 34.87 7307.99 7357.08
CITY 58 92.38 6.78 7862.69 7908.56
CITY 59 23.26 8.50 332.96 372.53
CITY 60 45.02 13.40 2498.48 2526.86
CITY 61 1.97 70.73 4594.83 4632.58
CITY 62 70.42 9.97 2003.25 2031.37
CITY 63 99.78 24.02 5114.62 5136.88
CITY 64 62.14 71.46 2878.75 2927.39
CITY 65 92.36 14.42 2577.40 2625.97
CITY 66 2.82 73.02 5181.18 5205.71
CITY 67 38.98 25.58 8658.91 8691.11
CITY 68 18.33 37.32 9201.53 9246.79
CITY 69 79.35 18.55 139.63 184.61
CITY 70 69.39 67.34 1607.55 1630.54
CITY 71 53.36 62.19 338.48 367.64
CITY 72 52.58 9.92 3545.20 3566.71
CITY 73 1.20 54.62 4167.65 4207.23
CITY 74 5.61 93.00 7229.33 7250.28
CITY 75 33.52 79.24 3632.69 3676.77
CITY 76 72.14 7.01 3349.74 3382.02
CITY 77 54.37 3.12 3151.18 3185.45
CITY 78 31.30 5.99 4596.54 4620.64
CITY 79 95.53 56.31 124.21 168.16
CITY 80 21.62 46.15 1766.16 1809.52
CITY 81 65.43 17.17 876.69 902.81
CITY 82 81.30 56.64 6897.65 6931.82
CITY 83 7.56 38.98 1330.87 1354.47
CITY 84 80.43 25.39 8073.58 8114.87
CITY 85 27.93 40.75 1046.74 1081.62
CITY 86 56.95 54.72 9210.37 9232.42
CITY 87 83.42 45.48 2849.35 2881.56
CITY 88 98.33 14.47 2100.48 2129.52
CITY 89 85.68 93.07 1230.88 1261.69
CITY 90 9.28 39.73 1345.10 1370.54
CITY 91 91.14 26.99 772.51 821.14
CITY 92 91.39 66.43 167.70 195.85
CITY 93 74.19 44.61 7818.10 7864.60
CITY 94 37.58 2.26 6259.69 6292.31
CITY 95 62.55 31.58 2091.83 2115.74
CITY 96 40.90 65.15 5595.02 5624.02
CITY 97 55.72 97.05 6284.94 6313.05
CITY 98 34.49 69.20 5425.14 5455.66
CITY 99 38.23 13.14 995.09 1035.11
CITY 100 31.97 93.01 5398.22 5443.47
