NUM_CLIENTS 234
NUM_VEHICLES 23
CITY 0 0.0 0.0 0.0 2829
CITY 1 23.39 42.60 2296.38 2342.62
CITY 2 53.94 87.66 2356.80 2382.12
CITY 3 68.15 31.84 81.03 107.89
CITY 4 75.03 95.98 63.69 107.26
CITY 5 58.86 71.92 1191.33 1231.75
CITY 6 99.45 45.36 1945.61 1977.69
CITY 7 93.82 23.59 1125.73 1169.13
CITY 8 14.65 79.24 1014.57 1034.64
CITY 9 54.06 8.44 2336.25 2361.67
CITY 10 62.92 32.79 442.46 492.23
CITY 11 67.87 65.96 41.22 71.27
CITY 12 98.89 93.71 1908.47 1940.62
CITY 13 15.03 7.29 1809.97 1858.08
CITY 14 7.28 57.06 909.82 941.76
CITY 15 45.67 59.42 109.59 147.31
CITY 16 77.26 26.85 1194.86 1233.13
CITY 17 28.88 54.67 44.93 69.68
CITY 18 89.22 3.78 919.52 940.54
CITY 19 60.52 72.96 1840.57 1876.84
CITY 20 97.50 59.82 1921.42 1956.64
CITY 21 29.19 13.00 2452.44 2482.57
CITY 22 73.54 51.22 1749.43 1788.84
CITY 23 28.36 45.19 1516.48 1550.22
CITY 24 81.03 91.29 1932.18 1965.43
CITY 25 35.69 17.90 2487.75 2519.80
CITY 26 39.05 19.60 2137.35 2177.05
CITY 27 2.62 61.56 763.95 807.35
CITY 28 96.35 6.35 1744.71 1793.91
CITY 29 49.49 53.22 1068.45 1092.95
CITY 30 62.36 91.53 1405.63 1447.19
CITY 31 15.39 83.41 889.60 926.91
CITY 32 49.39 74.98 2196.88 2232.84
CITY 33 68.16 0.07 1788.42 1828.89
CITY 34 79.24 36.87 1932.80 1979.29
CITY 35 66.36 86.78 2099.72 2131.43
CITY 36 72.77 33.19 1268.99 1290.14
CITY 37 67.30 16.79 2500.45 2525.73
CITY 38 74.65 85.25 745.67 771.14
CITY 39 52.36 46.07 1095.11 1119.32
CITY 40 82.65 61.14 516.03 543.43
CITY 41 95.16 68.35 2054.68 2100.09
CITY 42 78.95 83.03 617.49 665.70
CITY 43 54.62 90.15 1591.24 1614.33
CITY 44 40.49 26.07 1902.14 1949.62
CITY 45 18.66 76.15 2007.61 2055.57
CITY 46 17.79 94.50 1081.24 1130.30
CITY 47 17.19 94.61 615.97 656.81
CITY 48 34.33 60.79 1907.61 1930.68
CITY 49 86.05 93.96 295.16 336.48
CITY 50 36.92 2.57 1794.74 1830.30
CITY 51 95.63 94.96 1552.59 1573.05
CITY 52 32.04 48.78 1890.01 1934.75
CITY 53 22.42 19.42 1745.57 1769.17
CITY 54 67.54 51.23 1603.38 1651.17
CITY 55 11.32 48.12 1345.73 1367.13
CITY 56 52.15 70.47 1617.31 1645.39
CITY 57 3.77 83.86 584.11 613.33
CITY 58 32.52 45.37 908.09 937.92
CITY 59 10.72 72.89 1017.42 1064.00
CITY 60 81.75 47.59 2350.69 2386.42
CITY 61 23.81 42.63 2366.48 2387.86
CITY 62 95.98 26.58 2352.72 2393.63
CITY 63 64.33 10.91 2641.12 2684.90
CITY 64 3.52 35.39 1268.98 1307.45
CITY 65 94.80 12.20 1644.43 1678.62
CITY 66 6.01 73.25 365.81 400.15
CITY 67 27.17 12.98 2347.43 2383.23
CITY 68 85.65 34.83 452.39 476.50
CITY 69 33.09 80.91 2249.30 2282.14
CITY 70 5.84 32.45 2147.96 2183.15
CITY 71 79.23 44.98 1228.88 1257.84
CITY 72 16.76 49.27 939.00 969.12
CITY 73 74.08 66.93 1504.41 1534.60
CITY 74 58.83 96.45 2213.76 2243.28
CITY 75 71.27 61.36 494.04 517.90
CITY 76 95.80 91.05 2689.06 2733.43
CITY 77 42.81 33.23 378.29 423.82
CITY 78 88.25 4.29 2227.71 2258.88
CITY 79 22.96 64.73 644.98 693.73
CITY 80 13.11 87.74 2454.09 2498.90
CITY 81 79.93 86.85 192.43 212.59
CITY 82 33.99 3.38 567.17 606.16
CITY 83 55.55 18.21 278.93 308.02
CITY 84 85.11 52.48 1064.54 1102.14
CITY 85 99.51 49.06 1388.35 1433.86
CITY 86 99.05 22.21 1247.78 1286.90
CITY 87 44.11 94.95 1787.30 1811.79
CITY 88 0.64 36.63 1432.06 1474.22
CITY 89 16.77 36.88 581.23 629.99
CITY 90 52.58 80.54 480.42 516.72
CITY 91 81.64 73.70 529.19 551.07
CITY 92 20.02 14.32 2337.60 2357.82
CITY 93 30.49 9.26 1048.12 1068.36
CITY 94 8.99 24.47 729.18 753.99
CITY 95 71.75 46.32 67.32 92.27
CITY 96 47.17 51.87 242.03 275.71
CITY 97 78.69 89.99 1334.14 1363.77
CITY 98 74.68 36.32 1744.47 1778.99
CITY 99 37.89 86.27 2618.20 2647.96
CITY 100 61.86 51.09 2155.16 2195.26
CITY 101 45.36 89.97 1539.01 1580.90
CITY 102 39.25 54.94 504.81 538.00
CITY 103 12.09 46.88 175.97 216.60
CITY 104 19.83 78.72 2023.96 2071.73
CITY 105 65.54 96.66 2658.64 2706.43
CITY 106 32.58 17.25 1602.50 1639.51
CITY 107 61.48 74.10 2449.85 2498.51
CITY 108 73.28 79.94 1826.49 1864.05
CITY 109 64.04 23.63 1530.28 1557.37
CITY 110 16.66 65.33 1952.16 1979.50
CITY 111 57.76 89.45 564.66 601.33
CITY 112 30.81 41.79 1359.22 1398.56
CITY 113 73.71 88.25 608.23 652.48
CITY 114 28.98 94.19 1586.93 1614.76
CITY 115 25.39 81.08 2153.53 2191.87
CITY 116 72.50 18.05 1241.73 1286.48
CITY 117 86.06 43.88 519.10 544.33
CITY 118 6.99 5.54 684.99 732.03
CITY 119 46.85 52.70 1383.11 1406.49
CITY 120 49.03 89.54 908.39 945.78
CITY 121 55.83 91.50 675.37 699.85
CITY 122 81.23 75.27 273.89 317.69
CITY 123 39.71 79.06 2398.22 2434.66
CITY 124 17.33 88.34 737.30 773.93
CITY 125 60.66 93.97 2458.93 2494.49
CITY 126 50.59 56.89 970.74 997.06
CITY 127 74.00 70.50 1034.32 1069.75
CITY 128 18.47 63.74 1095.89 1117.71
CITY 129 83.79 75.06 2772.18 2815.24
CITY 130 20.20 27.81 839.55 887.22
CITY 131 64.54 81.47 2376.56 2413.78
CITY 132 10.95 6.64 2320.98 2345.87
CITY 133 21.01 72.80 2497.04 2543.07
CITY 134 2.28 14.92 1604.01 1647.38
CITY 135 72.98 58.69 967.78 988.50
CITY 136 30.28 47.80 1816.78 1858.83
CITY 137 19.29 61.21 545.61 565.76
CITY 138 41.56 47.01 584.75 622.55
CITY 139 9.29 96.74 403.47 424.92
CITY 140 15.09 15.18 575.94 599.48
CITY 141 68.68 70.04 1279.30 1313.29
CITY 142 66.02 5.35 1683.62 1726.00
CITY 143 8.92 11.27 1119.09 1142.98
CITY 144 18.07 12.10 2005.52 2038.92
CITY 145 72.30 66.17 2572.05 2614.85
CITY 146 93.24 19.80 1731.24 1773.14
CITY 147 3.70 57.19 1199.00 1229.11
CITY 148 53.61 66.03 1265.40 1311.71
CITY 149 81.13 77.66 287.99 330.92
CITY 150 28.20 10.05 790.49 834.18
CITY 151 68.30 62.53 390.76 420.87
CITY 152 0.87 66.49 2728.93 2753.44
CITY 153 28.67 12.88 2334.34 2372.08
CITY 154 70.06 36.67 2689.17 2730.82
CITY 155 83.96 6.60 2062.33 2101.98
CITY 156 80.54 21.46 1853.46 1891.34
CITY 157 12.82 69.46 1379.93 1400.45
CITY 158 9.72 96.89 329.73 357.99
CITY 159 42.39 35.90 907.73 938.73
CITY 160 30.69 92.40 589.18 609.99
CITY 161 94.15 88.81 2163.51 2184.28
CITY 162 99.01 93.02 1174.02 1204.87
CITY 163 16.20 23.08 1375.21 1397.02
CITY 164 59.91 6.15 1997.66 2046.58
CITY 165 43.12 86.20 62.20 89.04
CITY 166 12.65 28.14 1806.61 1853.65
CITY 167 34.24 26.11 2401.21 2446.04
CITY 168 68.44 64.20 616.48 657.79
CITY 169 28.55 24.97 346.53 385.01
CITY 170 90.80 40.55 1379.46 1426.89
CITY 171 63.98 36.86 2481.77 2511.01
CITY 172 6.49 44.28 1881.57 1931.51
CITY 173 37.20 42.52 479.33 506.71
CITY 174 47.96 10.64 2325.38 2352.92
CITY 175 43.42 11.06 1542.18 1585.26
CITY 176 79.73 51.42 107.63 128.43
CITY 177 91.15 79.25 1539.13 1562.14
CITY 178 39.86 76.34 250.06 274.91
CITY 179 51.63 54.44 1436.33 1480.70
CITY 180 67.02 44.78 411.66 432.57
CITY 181 71.98 97.42 1957.26 1991.16
CITY 182 19.55 4.25 1258.78 1286.18
CITY 183 46.19 22.92 221.51 242.94
CITY 184 87.02 36.11 1474.80 1503.07
CITY 185 30.02 80.10 486.27 527.39
CITY 186 2.48 56.51 505.02 540.97
CITY 187 52.81 35.53 1183.60 1216.48
CITY 188 25.38 2.97 334.86 355.02
CITY 189 19.90 67.11 2423.76 2449.77
CITY 190 40.26 82.26 2555.17 2588.35
CITY 191 25.42 43.75 1093.88 1138.58
CITY 192 7.89 58.51 1457.91 1502.83
CITY 193 69.95 47.50 89.16 138.56
CITY 194 40.30 42.56 863.16 893.07
CITY 195 58.93 75.51 2209.59 2231.11
CITY 196 58.85 66.65 345.49 373.06
CITY 197 1.96 65.51 1627.28 1663.60
CITY 198 94.15 6.79 1986.71 2029.43
CITY 199 85.79 63.11 749.10 769.19
CITY 200 24.93 99.75 182.80 226.33
CITY 201 4.23 61.06 1394.60 1438.84
CITY 202 29.76 83.01 2283.54 2331.41
CITY 203 39.50 60.61 2750.37 2789.54
CITY 204 64.80 19.87 1640.49 1681.05
CITY 205 81.37 38.22 1546.63 1575.41
CITY 206 41.09 38.20 276.72 303.21
CITY 207 28.67 4.91 1333.62 1361.60
CITY 208 23.33 17.42 895.73 921.22
CITY 209 73.70 96.70 1861.18 1899.04
CITY 210 58.29 91.20 2766.97 2800.35
CITY 211 1.47 71.15 2531.87 2556.82
CITY 212 43.08 98.80 1835.04 1855.82
CITY 213 46.73 51.56 2278.26 2314.48
CITY 214 17.15 8.90 152.63 177.38
CITY 215 66.54 2.74 2232.23 2271.06
CITY 216 9.51 93.09 2602.57 2650.88
CITY 217 79.92 23.52 1901.80 1944.33
CITY 218 57.16 59.55 2459.28 2502.68
CITY 219 44.86 14.66 311.13 360.41
CITY 220 96.25 73.10 1493.72 1532.50
CITY 221 96.46 92.78 1412.34 1456.80
CITY 222 85.14 97.05 2579.12 2625.95
CITY 223 30.41 13.82 2106.02 2139.56
CITY 224 88.02 35.61 1426.03 1473.84
CITY 225 57.11 44.04 1408.53 1441.66
CITY 226 1.15 17.26 2256.19 2283.97
CITY 227 4.68 47.43 1315.23 1338.04
CITY 228 84.26 84.21 1056.71 1079.27
CITY 229 59.57 9.15 1800.66 1823.18
CITY 230 15.78 89.10 1873.99 1911.71
CITY 231 79.15 59.99 1176.84 1223.95
CITY 232 15.04 72.62 1089.66 1137.96
CITY 233 67.03 84.79 1846.88 1868.38
CITY 234 4.31 35.46 1982.49 2010.25
