NUM_CLIENTS 334
NUM_VEHICLES 33
CITY 0 0.0 0.0 0.0 5649
CITY 1 26.51 44.26 438.44 469.05
CITY 2 62.84 73.83 1540.15 1573.45
CITY 3 25.27 31.97 202.01 241.16
CITY 4 25.32 77.47 1351.25 1386.10
CITY 5 60.05 0.56 4059.14 4099.51
CITY 6 74.80 61.11 1762.68 1789.49
CITY 7 62.37 33.28 151.09 184.32
CITY 8 81.47 27.97 4853.77 4874.75
CITY 9 96.78 52.50 2097.37 2133.33
CITY 10 19.87 53.37 5178.59 5216.00
CITY 11 18.65 60.72 1386.73 1424.76
CITY 12 30.29 74.03 240.19 287.76
CITY 13 81.14 2.92 1239.68 1265.95
CITY 14 96.76 87.55 489.13 509.17
CITY 15 87.99 21.84 4539.66 4580.85
CITY 16 83.84 31.42 256.94 299.08
CITY 17 14.12 36.10 1290.35 1326.34
CITY 18 63.16 43.19 1131.51 1160.25
CITY 19 39.46 28.11 2391.00 2431.75
CITY 20 99.78 95.39 2206.54 2239.50
CITY 21 3.73 21.84 4798.97 4823.06
CITY 22 48.57 82.22 3193.54 3227.77
CITY 23 11.15 59.46 4381.55 4422.81
CITY 24 75.79 28.37 4567.20 4588.80
CITY 25 8.88 17.90 2739.22 2760.56
CITY 26 80.42 11.02 4892.70 4922.54
CITY 27 39.17 97.68 1469.01 1515.45
CITY 28 47.58 63.38 1132.03 1157.92
CITY 29 23.61 83.45 2391.42 2419.33
CITY 30 21.50 32.14 4827.52 4858.66
CITY 31 70.58 47.31 3303.65 3349.30
CITY 32 2.29 80.86 1925.71 1968.43
CITY 33 64.13 18.34 177.51 220.33
CITY 34 2.90 40.35 2955.47 2985.50
CITY 35 75.62 6.05 477.01 522.40
CITY 36 69.96 68.02 670.48 695.28
CITY 37 18.23 88.30 2234.71 2257.56
CITY 38 21.84 10.98 1050.39 1084.24
CITY 39 36.39 64.46 2916.62 2945.54
CITY 40 67.22 69.99 5408.81 5456.09
CITY 41 24.85 41.12 2802.57 2822.84
CITY 42 91.67 50.50 5482.60 5517.28
CITY 43 6.61 4.49 4494.01 4526.14
CITY 44 64.12 11.91 167.76 200.58
CITY 45 4.08 3.58 2547.93 2574.08
CITY 46 53.78 64.55 2471.22 2513.14
CITY 47 51.23 19.63 59.52 87.15
CITY 48 84.14 35.13 1192.96 1240.85
CITY 49 32.86 28.47 3798.32 3844.36
CITY 50 87.76 62.02 2683.09 2718.51
CITY 51 61.43 18.91 4853.61 4890.24
CITY 52 81.92 24.49 3713.37 3745.07
CITY 53 98.60 24.57 5309.10 5341.94
CITY 54 74.42 32.56 3494.76 3539.61
CITY 55 94.82 99.38 4976.15 5012.68
CITY 56 65.90 90.10 5579.49 5617.12
CITY 57 2.40 99.58 5440.65 5461.66
CITY 58 62.63 37.17 28.44 69.83
CITY 59 34.23 42.33 3499.34 3520.97
CITY 60 74.32 15.90 4666.23 4705.70
CITY 61 89.89 60.71 3348.85 3387.53
CITY 62 38.11 21.89 5371.65 5416.33
CITY 63 16.51 24.59 4757.39 4789.38
CITY 64 26.47 0.32 1370.78 1403.98
CITY 65 64.27 11.73 1977.68 2021.83
CITY 66 84.16 80.43 3821.97 3848.23
CITY 67 16.34 11.75 4850.87 4889.71
CITY 68 35.73 9.34 5466.82 5496.61
CITY 69 2.20 12.80 438.88 487.30
CITY 70 14.00 3.90 5580.58 5626.21
CITY 71 93.33 12.63 5087.06 5116.09
CITY 72 87.45 78.18 182.15 209.28
CITY 73 96.77 90.95 1940.56 1976.48
CITY 74 70.88 21.75 2890.23 2923.54
CITY 75 82.46 60.00 4954.98 4992.59
CITY 76 52.54 74.85 1516.74 1558.24
CITY 77 63.81 32.74 2946.57 2969.72
CITY 78 85.80 53.58 2721.22 2767.01
CITY 79 18.78 51.52 773.13 821.08
CITY 80 85.20 58.69 4860.34 4883.30
CITY 81 34.33 87.08 2044.36 2078.37
CITY 82 41.88 52.79 2944.79 2986.50
CITY 83 33.65 33.84 229.66 251.27
CITY 84 51.33 57.52 4075.68 4121.26
CITY 85 62.06 84.50 1465.83 1500.88
CITY 86 38.77 67.52 1895.73 1940.47
CITY 87 76.22 51.25 1577.38 1619.56
CITY 88 88.48 84.53 4126.99 4162.30
CITY 89 13.62 25.53 2280.04 2308.75
CITY 90 23.73 33.24 2483.83 2529.35
CITY 91 59.57 36.11 4388.80 4426.84
CITY 92 79.99 93.42 2061.93 2091.91
CITY 93 51.08 85.88 2843.11 2884.47
CITY 94 66.40 44.66 4344.62 4373.62
CITY 95 76.76 45.20 2780.76 2815.55
CITY 96 37.21 87.39 2071.28 2117.66
CITY 97 11.75 21.68 2504.87 2550.41
CITY 98 73.67 81.22 1390.34 1428.22
CITY 99 61.57 1.70 347.83 376.38
CITY 100 33.09 36.42 5505.34 5541.77
CITY 101 31.05 68.80 2329.49 2376.38
CITY 102 92.20 84.55 590.82 623.61
CITY 103 19.75 56.36 4412.53 4452.30
CITY 104 48.86 15.40 2038.11 2064.74
CITY 105 90.16 93.01 4347.75 4380.68
CITY 106 26.35 73.42 116.58 145.61
CITY 107 78.22 91.13 5519.10 5553.83
CITY 108 67.95 39.73 1104.93 1126.81
CITY 109 28.30 36.78 633.67 672.50
CITY 110 27.63 49.64 5200.85 5245.42
CITY 111 5.59 28.29 2041.04 2077.71
CITY 112 79.03 35.32 3485.30 3515.39
CITY 113 83.08 92.36 4487.15 4535.90
CITY 114 42.40 55.82 5430.25 5456.69
CITY 115 37.30 97.01 3684.29 3725.27
CITY 116 86.06 41.46 2849.75 2886.56
CITY 117 78.23 35.61 43.55 93.21
CITY 118 74.38 9.17 2814.85 2857.63
CITY 119 5.08 20.09 2651.96 2683.08
CITY 120 32.96 47.15 1797.61 1822.38
CITY 121 62.57 57.91 3264.61 3291.31
CITY 122 55.60 88.72 4358.47 4396.95
CITY 123 96.55 87.03 3741.42 3774.02
CITY 124 52.35 95.57 4945.89 4995.39
CITY 125 54.63 64.62 136.86 159.50
CITY 126 36.86 79.01 3089.91 3127.83
CITY 127 9.28 36.94 1145.61 1166.92
CITY 128 40.59 4.85 3421.49 3447.18
CITY 129 67.79 23.74 1215.73 1252.85
CITY 130 24.30 58.74 1035.48 1055.56
CITY 131 66.91 23.62 3138.33 3171.76
CITY 132 16.96 65.49 5330.59 5367.38
CITY 133 61.49 52.82 1586.35 1634.52
CITY 134 51.97 75.27 2307.99 2341.57
CITY 135 40.42 74.77 1528.35 1573.65
CITY 136 13.51 0.79 1302.25 1337.62
CITY 137 9.27 29.39 4159.26 4191.40
CITY 138 29.21 27.81 4075.68 4108.07
CITY 139 27.48 3.00 2592.90 2629.66
CITY 140 76.65 76.50 4264.34 4302.32
CITY 141 43.41 23.96 3325.15 3364.69
CITY 142 51.83 68.31 3077.58 3110.89
CITY 143 85.47 27.26 3171.71 3201.05
CITY 144 52.65 66.38 1713.04 1761.54
CITY 145 38.40 60.99 5502.46 5539.53
CITY 146 70.31 24.93 4537.28 4567.19
CITY 147 43.72 31.10 807.22 845.67
CITY 148 1.02 15.26 2121.21 2165.03
CITY 149 75.90 84.69 5256.02 5300.18
CITY 150 26.83 95.52 2175.78 2208.33
CITY 151 99.60 51.94 5367.97 5391.62
CITY 152 98.64 18.21 778.85 822.30
CITY 153 14.59 66.50 3638.94 3688.18
CITY 154 64.56 26.63 3136.48 3160.60
CITY 155 90.33 22.66 1163.41 1197.99
CITY 156 55.80 26.98 5494.01 5534.27
CITY 157 6.43 51.47 2754.37 2783.40
CITY 158 88.33 52.08 1829.65 1864.70
CITY 159 5.15 26.55 1846.00 1883.53
CITY 160 68.65 91.34 1822.76 1866.03
CITY 161 66.26 65.17 3729.41 3773.13
CITY 162 37.18 80.11 2813.03 2849.87
CITY 163 0.21 88.67 1888.68 1934.17
CITY 164 13.18 39.56 4191.47 4231.02
CITY 165 26.11 25.54 3368.66 3395.11
CITY 166 41.42 22.42 2614.13 2645.16
CITY 167 10.74 96.21 1988.38 2034.87
CITY 168 79.96 17.76 344.07 368.60
CITY 169 98.07 51.01 2480.79 2514.46
CITY 170 9.98 36.87 283.92 313.69
CITY 171 63.16 9.27 5436.69 5467.12
CITY 172 94.41 2.17 1905.52 1936.74
CITY 173 10.13 22.38 4922.22 4958.64
CITY 174 4.97 8.76 1473.16 1498.79
CITY 175 18.56 18.58 3150.30 3196.34
CITY 176 47.58 42.33 3976.51 4002.65
CITY 177 85.42 67.16 3873.61 3895.04
CITY 178 27.91 20.72 3068.07 3088.12
CITY 179 4.06 98.17 4481.44 4519.91
CITY 180 7.74 82.35 241.98 272.89
CITY 181 12.69 8.15 1496.45 1530.23
CITY 182 83.86 77.85 5141.58 5178.99
CITY 183 76.66 36.18 3351.55 3381.56
CITY 184 13.27 1.89 1008.89 1047.38
CITY 185 42.92 95.75 4489.13 4515.60
CITY 186 90.36 50.38 1084.75 1114.12
CITY 187 86.73 62.75 2682.68 2729.58
CITY 188 71.95 12.35 224.79 247.10
CITY 189 59.53 15.31 4980.00 5004.20
CITY 190 40.15 58.77 1609.72 1653.82
CITY 191 20.12 45.99 1581.81 1615.22
CITY 192 96.64 15.50 1586.86 1609.34
CITY 193 12.63 28.20 4478.36 4503.75
CITY 194 42.50 35.14 4792.15 4817.42
CITY 195 20.12 8.64 2316.99 2347.66
CITY 196 51.02 41.85 814.91 848.52
CITY 197 33.18 14.98 2558.20 2582.36
CITY 198 5.41 24.20 3522.09 3556.28
CITY 199 5.74 45.47 1758.56 1778.80
CITY 200 88.93 35.62 4189.88 4235.14
CITY 201 68.52 43.66 2729.11 2761.90
CITY 202 0.27 46.24 425.61 447.74
CITY 203 17.78 69.78 511.24 542.73
CITY 204 86.95 59.88 4536.27 4585.43
CITY 205 36.50 79.57 3215.78 3242.67
CITY 206 69.63 23.13 3525.38 3556.49
CITY 207 52.97 73.41 3924.13 3973.18
CITY 208 87.09 41.86 2648.78 2670.46
CITY 209 44.24 29.68 813.42 836.67
CITY 210 52.80 3.21 1519.62 1551.50
CITY 211 26.51 74.99 4390.30 4429.14
CITY 212 68.41 73.92 3211.23 3235.51
CITY 213 3.45 6.88 4338.19 4385.37
CITY 214 32.30 30.48 2824.27 2867.64
CITY 215 9.85 60.68 1065.83 1097.57
CITY 216 36.50 24.78 5489.94 5516.03
CITY 217 23.81 31.57 3967.83 3998.88
CITY 218 30.27 46.55 4873.99 4894.07
CITY 219 81.96 89.97 669.18 712.31
CITY 220 26.35 45.08 2513.80 2553.00
CITY 221 14.67 78.63 60.04 109.04
CITY 222 26.96 6.15 4585.11 4615.34
CITY 223 70.01 62.24 3089.52 3129.92
CITY 224 80.50 86.26 5153.46 5192.29
CITY 225 56.54 47.07 2514.40 2559.62
CITY 226 53.91 38.07 607.16 638.52
CITY 227 44.44 3.68 3383.51 3418.32
CITY 228 73.95 96.79 4334.92 4362.09
CITY 229 76.35 6.92 320.29 350.71
CITY 230 36.31 82.53 470.10 501.46
CITY 231 76.91 18.92 4017.14 4039.35
CITY 232 58.89 99.50 2104.06 2143.37
CITY 233 2.79 60.22 4572.26 4613.94
CITY 234 4.32 35.04 4016.59 4055.47
CITY 235 92.81 87.01 4636.17 4685.54
CITY 236 33.40 20.26 4708.41 4742.42
CITY 237 66.39 85.25 5545.64 5591.59
CITY 238 0.67 26.10 1007.41 1027.78
CITY 239 53.80 64.80 2381.69 2421.27
CITY 240 72.12 45.02 3252.83 3297.40
CITY 241 41.07 76.01 5476.90 5521.81
CITY 242 65.76 78.76 4586.04 4607.99
CITY 243 56.11 51.25 4843.77 4885.95
CITY 244 2.64 60.64 5259.09 5285.70
CITY 245 83.84 58.76 380.75 409.10
CITY 246 57.18 81.46 376.49 410.51
CITY 247 4.90 19.63 761.09 801.80
CITY 248 66.68 52.74 1930.12 1975.44
CITY 249 66.83 69.03 2585.80 2630.50
CITY 250 85.11 78.49 473.83 513.96
CITY 251 46.41 69.77 2836.01 2882.44
CITY 252 10.06 56.32 2389.67 2429.35
CITY 253 73.52 90.88 1712.78 1733.63
CITY 254 49.09 20.23 1780.12 1817.96
CITY 255 39.03 79.82 3840.06 3889.77
CITY 256 81.74 14.93 1982.61 2027.09
CITY 257 84.43 97.09 2062.64 2089.85
CITY 258 92.75 83.39 5228.07 5267.96
CITY 259 79.71 73.06 4380.86 4419.15
CITY 260 35.17 4.87 1998.42 2031.15
CITY 261 74.70 87.93 4045.16 4077.64
CITY 262 47.29 36.31 675.51 699.43
CITY 263 11.30 72.69 1467.72 1501.20
CITY 264 98.04 49.91 3399.78 3431.00
CITY 265 98.49 92.85 3732.67 3781.03
CITY 266 65.46 30.69 3006.93 3038.11
CITY 267 60.44 59.03 4208.91 4234.24
CITY 268 14.46 3.61 449.34 475.35
CITY 269 69.70 89.21 2383.97 2421.31
CITY 270 14.87 80.99 626.73 649.40
CITY 271 42.02 58.53 1059.05 1090.13
CITY 272 67.82 21.29 427.21 470.15
CITY 273 47.84 21.67 1796.92 1828.72
CITY 274 13.26 79.78 4051.98 4086.31
CITY 275 23.21 32.94 1855.97 1888.68
CITY 276 17.17 13.58 3782.33 3825.60
CITY 277 95.61 25.36 2822.91 2846.32
CITY 278 55.85 40.32 4784.31 4821.99
CITY 279 29.04 36.84 2531.07 2568.19
CITY 280 16.52 12.75 3241.87 3264.35
CITY 281 64.48 51.07 1879.29 1927.27
CITY 282 79.32 56.77 1550.38 1592.02
CITY 283 84.40 37.35 4244.24 4283.69
CITY 284 31.63 96.54 3878.56 3913.41
CITY 285 48.25 84.50 441.64 470.66
CITY 286 7.42 12.55 1686.80 1715.85
CITY 287 31.93 34.97 2815.76 2856.63
CITY 288 6.87 33.04 1969.27 2014.98
CITY 289 14.07 96.87 884.20 922.77
CITY 290 51.56 73.31 1053.14 1090.89
CITY 291 85.46 45.07 1972.74 2005.28
CITY 292 88.21 25.66 1116.82 1139.83
CITY 293 53.58 88.99 4428.76 4478.06
CITY 294 80.66 53.71 1816.95 1848.94
CITY 295 75.90 22.78 5166.41 5205.71
CITY 296 27.26 80.19 338.42 379.93
CITY 297 1.56 14.59 2725.51 2767.97
CITY 298 47.39 62.22 1952.97 1998.22
CITY 299 15.03 92.08 7.82 53.35
CITY 300 79.97 50.49 4911.95 4950.40
CITY 301 61.13 93.81 3591.77 3618.19
CITY 302 15.56 84.75 3514.25 3541.61
CITY 303 44.83 95.32 1176.56 1205.76
CITY 304 50.28 63.42 564.07 593.82
CITY 305 49.95 85.51 1677.28 1708.37
CITY 306 5.32 9.25 5474.03 5506.39
CITY 307 84.16 87.88 903.52 929.14
CITY 308 83.22 33.43 1810.35 1842.84
CITY 309 16.27 91.20 5383.51 5428.43
CITY 310 34.17 25.07 2180.17 2221.45
CITY 311 16.96 66.36 3189.28 3209.40
CITY 312 83.65 8.34 2490.57 2530.56
CITY 313 22.91 38.49 5112.28 5159.83
CITY 314 80.14 92.59 4665.09 4692.86
CITY 315 68.52 72.07 283.51 305.03
CITY 316 79.14 92.63 2942.22 2991.77
CITY 317 5.15 57.81 4332.45 4355.70
CITY 318 18.99 13.35 1454.39 1497.26
CITY 319 8.54 17.73 5109.82 5134.78
CITY 320 63.31 48.76 2236.02 2267.51
CITY 321 4.16 60.74 2441.85 2481.78
CITY 322 8.59 73.19 5080.24 5108.34
CITY 323 19.17 67.41 2434.17 2464.96
CITY 324 80.36 14.05 1906.71 1954.92
CITY 325 80.01 6.73 5065.92 5106.82
CITY 326 87.93 55.19 2459.33 2497.71
CITY 327 66.70 72.70 3072.76 3109.73
CITY 328 70.39 17.77 4495.96 4533.74
CITY 329 17.02 81.44 4830.74 4870.04
CITY 330 10.26 28.31 3193.83 3241.15
CITY 331 27.03 11.29 616.78 636.98
CITY 332 8.41 81.56 5383.31 5424.11
CITY 333 39.68 57.72 1061.35 1084.98
CITY 334 85.47 41.22 861.33 908.50
