NUM_CLIENTS 115
NUM_VEHICLES 11
CITY 0 0.0 0.0 0.0 8267
CITY 1 36.48 19.61 1167.38 1196.20
CITY 2 56.31 17.64 2768.33 2798.52
CITY 3 57.91 31.15 4545.60 4592.18
CITY 4 47.56 45.76 562.36 592.07
CITY 5 68.41 60.86 2863.95 2904.84
CITY 6 51.35 58.45 7502.03 7549.45
CITY 7 78.35 27.86 7367.39 7410.67
CITY 8 17.41 43.32 5929.26 5963.78
CITY 9 61.09 78.61 1636.06 1679.43
CITY 10 85.56 43.05 6304.45 6324.46
CITY 11 59.95 14.12 4514.35 4554.18
CITY 12 66.12 70.37 4588.00 4612.60
CITY 13 69.46 48.14 845.52 872.19
CITY 14 65.73 79.02 387.35 425.04
CITY 15 86.13 74.86 2906.49 2951.30
CITY 16 37.55 59.28 5620.98 5660.23
CITY 17 99.68 54.65 7936.05 7978.20
CITY 18 51.80 56.54 2262.06 2284.43
CITY 19 28.56 57.19 1688.27 1731.25
CITY 20 8.38 31.98 6218.49 6259.72
CITY 21 31.77 96.43 1398.11 1440.56
CITY 22 12.52 51.79 3230.76 3271.56
CITY 23 78.50 71.58 6164.35 6196.62
CITY 24 16.98 68.47 6078.14 6114.64
CITY 25 86.70 14.46 5416.44 5449.27
CITY 26 35.41 9.33 5712.89 5734.74
CITY 27 44.02 81.18 6569.53 6605.00
CITY 28 43.78 64.80 2390.97 2419.64
CITY 29 32.13 27.09 7590.39 7616.36
CITY 30 0.40 64.57 6430.33 6474.77
CITY 31 76.33 96.69 6064.86 6098.93
CITY 32 29.10 64.83 2411.70 2444.31
CITY 33 84.08 82.50 2845.79 2868.80
CITY 34 21.00 40.14 1648.66 1673.91
CITY 35 36.69 85.94 7819.29 7846.56
CITY 36 43.36 3.98 3753.19 3783.78
CITY 37 68.75 81.36 3318.55 3340.23
CITY 38 99.96 18.68 7447.14 7477.23
CITY 39 45.65 98.85 3514.27 3535.61
CITY 40 38.66 64.07 2934.48 2969.95
CITY 41 36.10 14.80 672.79 694.21
CITY 42 51.29 40.98 2844.24 2889.67
CITY 43 20.92 38.55 8035.74 8070.64
CITY 44 86.56 64.85 2133.83 2159.25
CITY 45 27.20 67.44 6884.48 6910.34
CITY 46 43.60 28.35 6933.40 6962.95
CITY 47 78.76 38.78 58.53 104.99
CITY 48 55.22 68.64 63.52 98.93
CITY 49 10.57 63.22 4364.56 4401.11
CITY 50 59.24 71.09 4780.04 4819.27
CITY 51 47.68 56.64 4157.42 4194.69
CITY 52 22.04 84.10 869.23 907.54
CITY 53 47.79 60.39 791.49 821.47
CITY 54 9.73 52.47 608.12 650.23
CITY 55 45.66 74.45 842.62 863.58
CITY 56 51.99 71.28 5617.75 5647.34
CITY 57 12.51 41.15 2516.15 2559.63
CITY 58 33.38 68.61 5050.77 5075.81
CITY 59 10.74 79.60 6851.44 6897.61
CITY 60 33.70 74.95 4005.73 4040.41
CITY 61 7.77 8.34 5047.62 5091.74
CITY 62 90.09 56.94 950.88 980.66
CITY 63 71.32 79.31 4017.37 4065.88
CITY 64 80.01 78.34 2831.83 2870.34
CITY 65 95.25 42.31 3039.42 3062.21
CITY 66 51.87 12.75 3593.24 3639.57
CITY 67 62.60 33.76 3150.17 3188.06
CITY 68 45.58 46.88 6304.64 6332.19
CITY 69 69.32 41.34 4396.13 4442.18
CITY 70 98.69 19.52 998.23 1041.76
CITY 71 2.35 20.17 3305.30 3346.71
CITY 72 31.12 59.28 6947.94 6996.77
CITY 73 44.10 44.59 5305.90 5334.77
CITY 74 69.98 30.46 2078.47 2102.74
CITY 75 51.53 88.89 8167.92 8194.46
CITY 76 98.06 65.95 868.80 892.61
CITY 77 32.99 32.60 4464.30 4498.99
CITY 78 47.11 82.14 7394.20 7424.74
CITY 79 21.79 6.51 544.69 574.00
CITY 80 66.53 37.34 4482.06 4521.94
CITY 81 32.32 41.81 4623.35 4656.22
CITY 82 74.51 54.55 6484.88 6513.67
CITY 83 88.46 7.82 2530.21 2555.17
CITY 84 74.43 64.12 4261.62 4302.50
CITY 85 90.16 64.01 2166.18 2211.12
CITY 86 2.55 36.86 3769.35 3816.26
CITY 87 61.09 72.49 8006.29 8054.62
CITY 88 42.16 38.24 3465.98 3490.69
CITY 89 71.31 4.26 3459.33 3494.29
CITY 90 4.93 23.63 4986.77 5013.19
CITY 91 37.59 85.50 4001.62 4029.30
CITY 92 84.69 3.35 6042.46 6092.21
CITY 93 55.87 20.30 3854.76 3878.42
CITY 94 77.21 11.20 1528.44 1569.58
CITY 95 90.21 21.78 7535.93 7564.19
CITY 96 62.23 24.55 6056.43 6091.77
CITY 97 47.74 68.42 7555.61 7590.17
CITY 98 68.75 92.09 6701.25 6748.71
CITY 99 21.12 66.43 3592.00 3623.84
CITY 100 90.11 70.23 792.48 840.87
CITY 101 93.21 47.49 6497.03 6531.98
CITY 102 90.60 62.22 4321.76 4357.12
CITY 103 30.46 85.36 5141.59 5183.35
CITY 104 61.92 87.94 3822.90 3860.33
CITY 105 8.53 29.23 4920.27 4954.02
CITY 106 96.19 84.26 3424.32 3463.74
CITY 107 61.21 93.10 4839.04 4886.28
CITY 108 17.69 22.53 5897.78 5941.87
CITY 109 9.64 53.89 5335.26 5380.94
CITY 110 78.12 91.18 7791.81 7834.67
CITY 111 67.06 96.22 3225.03 3270.73
CITY 112 54.20 66.03 4983.14 5018.89
CITY 113 14.61 2.09 1538.92 1570.48
CITY 114 81.03 6.05 1876.05 1897.54
CITY 115 31.69 13.98 770.61 798.79
