NUM_CLIENTS 100
NUM_VEHICLES 80
CITY 0 0.0 0.0 0.0 7216
CITY 1 26.38 52.58 4847.61 4887.33
CITY 2 56.14 14.61 351.66 381.50
CITY 3 42.01 60.54 3423.61 3471.67
CITY 4 98.83 66.90 3825.43 3868.54
CITY 5 52.24 85.81 1939.32 1966.80
CITY 6 10.36 0.80 6409.01 6446.14
CITY 7 12.91 69.13 833.97 868.33
CITY 8 4.34 32.68 6444.95 6480.50
CITY 9 19.27 63.03 5622.94 5654.06
CITY 10 47.26 58.56 6158.03 6181.80
CITY 11 24.44 4.29 2000.35 2033.34
CITY 12 30.44 92.89 1071.82 1110.15
CITY 13 56.66 82.30 1022.11 1064.23
CITY 14 35.58 13.64 831.50 873.51
CITY 15 46.15 85.85 6195.07 6230.93
CITY 16 59.49 19.03 4177.30 4216.14
CITY 17 83.96 96.38 3984.28 4017.19
CITY 18 80.62 92.27 4371.47 4419.80
CITY 19 26.11 36.05 2144.95 2172.74
CITY 20 32.73 38.79 615.70 642.38
CITY 21 54.20 37.10 6343.19 6372.09
CITY 22 18.36 82.88 1137.58 1177.70
CITY 23 13.57 85.80 1404.72 1438.45
CITY 24 18.31 40.66 4704.50 4725.06
CITY 25 23.20 45.08 4156.51 4191.65
CITY 26 69.31 80.10 2845.53 2890.18
CITY 27 83.12 3.27 5673.76 5723.41
CITY 28 65.11 71.08 6430.27 6467.34
CITY 29 28.06 75.33 6874.49 6899.08
CITY 30 80.47 8.97 4752.02 4786.64
CITY 31 88.93 6.44 1895.58 1945.38
CITY 32 30.21 84.15 428.23 455.09
CITY 33 79.39 83.47 6788.52 6813.42
CITY 34 81.51 60.95 2016.05 2047.77
CITY 35 18.12 75.16 5232.68 5275.30
CITY 36 75.88 19.90 965.16 1014.98
CITY 37 62.36 23.38 985.31 1009.34
CITY 38 40.13 99.15 1552.31 1598.64
CITY 39 22.97 21.95 1825.04 1859.09
CITY 40 6.77 69.23 4806.86 4839.70
CITY 41 45.63 93.28 86.61 132.29
CITY 42 14.20 47.84 4374.88 4417.41
CITY 43 31.52 89.86 415.50 443.84
CITY 44 37.02 5.61 6747.82 6773.01
CITY 45 23.08 58.17 5517.13 5561.61
CITY 46 17.06 2.90 1948.23 1995.76
CITY 47 79.24 4.67 3875.56 3909.31
CITY 48 94.65 79.96 5802.78 5846.69
CITY 49 91.73 1.64 3260.39 3285.28
CITY 50 16.34 79.71 2104.38 2150.81
CITY 51 5.85 81.43 5178.15 5225.64
CITY 52 25.89 88.31 3320.15 3363.44
CITY 53 10.16 91.73 4605.53 4646.26
CITY 54 32.11 26.05 767.61 811.21
CITY 55 60.07 86.23 6634.02 6655.52
CITY 56 35.98 54.16 3851.50 3899.12
CITY 57 15.41 67.76 4510.57 4540.75
CITY 58 87.22 6.41 1123.13 1161.09
CITY 59 80.27 58.49 4933.99 4965.55
CITY 60 75.82 28.17 1832.79 1868.01
CITY 61 73.95 94.72 3484.01 3522.82
CITY 62 45.14 76.94 556.07 581.66
CITY 63 13.00 8.60 347.38 383.31
CITY 64 96.60 4.20 4996.94 5046.41
CITY 65 55.28 80.73 5325.10 5346.60
CITY 66 91.63 97.60 539.07 584.72
CITY 67 86.30 48.47 4973.30 5017.24
CITY 68 93.25 59.83 2532.65 2570.28
CITY 69 61.94 25.18 2550.09 2588.04
CITY 70 73.52 89.74 792.81 815.87
CITY 71 17.55 90.53 6774.90 6817.35
CITY 72 24.98 55.76 1310.87 1331.52
CITY 73 85.72 14.97 818.53 843.82
CITY 74 67.91 68.51 1875.38 1921.75
CITY 75 38.25 95.81 6513.17 6555.37
CITY 76 0.15 53.96 1409.01 1458.30
CITY 77 29.44 44.28 6485.06 6505.62
CITY 78 50.22 51.86 3649.36 3686.76
CITY 79 33.06 27.10 158.91 183.90
CITY 80 86.02 61.38 2711.56 2746.78
CITY 81 34.94 61.21 6271.18 6296.87
CITY 82 68.19 49.68 4474.73 4521.84
CITY 83 39.73 63.47 1507.06 1555.49
CITY 84 59.77 31.65 1678.57 1704.12
CITY 85 92.13 47.42 5697.52 5722.32
CITY 86 35.87 15.36 3003.79 3050.36
CITY 87 34.93 8.37 5802.93 5826.95
CITY 88 65.41 57.27 6646.81 6671.33
CITY 89 28.58 7.13 6622.58 6671.23
CITY 90 76.86 21.84 1095.10 1124.63
CITY 91 75.75 70.11 2888.31 2921.39
CITY 92 46.33 72.02 1113.24 1145.49
CITY 93 82.67 72.27 4762.16 4810.78
CITY 94 4.27 37.70 2408.87 2436.64
CITY 95 51.44 64.63 3954.56 3977.48
CITY 96 20.48 10.70 4695.04 4737.85
CITY 97 4.04 27.26 3834.40 3879.93
CITY 98 70.44 15.70 5870.21 5892.72
CITY 99 85.05 9.44 5941.15 5984.61
CITY 100 37.21 29.61 4752.61 4799.12
