NUM_CLIENTS 439
NUM_VEHICLES 43
CITY 0 0.0 0.0 0.0 9073
CITY 1 9.84 36.76 732.82 756.44
CITY 2 94.46 9.38 3464.67 3488.62
CITY 3 76.59 37.07 8030.44 8069.46
CITY 4 59.20 39.72 1470.83 1508.59
CITY 5 9.74 27.07 433.99 457.40
CITY 6 14.06 24.23 3869.05 3913.42
CITY 7 39.91 81.69 3566.00 3590.28
CITY 8 9.51 56.10 1624.80 1660.66
CITY 9 63.29 55.60 7857.43 7892.80
CITY 10 68.64 45.99 808.80 831.10
CITY 11 61.57 84.38 4798.30 4827.51
CITY 12 66.95 44.36 412.37 461.61
CITY 13 1.26 81.81 6695.44 6723.11
CITY 14 23.26 0.17 5658.20 5679.12
CITY 15 99.79 16.46 851.46 874.87
CITY 16 7.86 29.81 4612.33 4641.66
CITY 17 88.60 9.24 6671.98 6714.12
CITY 18 2.09 76.02 2789.32 2826.33
CITY 19 53.25 58.87 1323.53 1353.36
CITY 20 41.27 30.03 8409.90 8452.42
CITY 21 76.07 92.98 5330.29 5362.88
CITY 22 72.01 60.91 2226.36 2257.16
CITY 23 6.12 10.40 3284.65 3324.65
CITY 24 19.81 4.38 237.56 280.84
CITY 25 85.89 7.05 37.49 78.57
CITY 26 10.63 68.53 3626.68 3668.69
CITY 27 85.48 31.08 6226.96 6267.19
CITY 28 13.55 64.10 279.32 317.30
CITY 29 48.87 53.09 6933.03 6980.59
CITY 30 88.54 51.19 4823.28 4860.50
CITY 31 60.44 22.63 2533.53 2580.43
CITY 32 5.58 36.99 1282.93 1330.65
CITY 33 49.85 46.12 748.38 775.06
CITY 34 57.07 85.35 5866.09 5898.20
CITY 35 2.56 97.20 671.14 691.37
CITY 36 66.10 27.25 6108.83 6137.67
CITY 37 10.95 73.56 1421.76 1447.57
CITY 38 89.43 2.86 3960.02 4000.99
CITY 39 39.04 98.87 4755.38 4786.66
CITY 40 81.78 13.42 6294.04 6337.86
CITY 41 78.67 57.60 7600.12 7635.52
CITY 42 25.02 71.96 6773.44 6794.97
CITY 43 80.42 48.14 7029.03 7076.88
CITY 44 69.38 8.84 8086.33 8111.10
CITY 45 41.65 38.83 3126.11 3171.82
CITY 46 69.30 10.08 3865.34 3897.19
CITY 47 41.96 9.51 4136.01 4179.80
CITY 48 11.21 8.31 1072.62 1093.79
CITY 49 49.41 10.46 6214.72 6235.26
CITY 50 33.76 52.65 5113.49 5156.45
CITY 51 56.97 49.05 5320.72 5346.29
CITY 52 94.82 40.93 3262.18 3308.32
CITY 53 13.72 46.04 705.43 726.28
CITY 54 71.24 84.67 7914.34 7939.97
CITY 55 87.18 60.74 5667.21 5706.58
CITY 56 53.55 84.05 3769.73 3804.85
CITY 57 67.23 66.92 5735.96 5778.17
CITY 58 19.12 1.00 2281.64 2310.05
CITY 59 14.51 59.27 7888.08 7933.31
CITY 60 54.02 21.69 7454.67 7478.39
CITY 61 68.99 6.45 2169.51 2216.54
CITY 62 54.41 82.64 86.63 107.04
CITY 63 0.74 24.73 8412.18 8458.43
CITY 64 34.47 30.93 6635.21 6682.01
CITY 65 56.72 83.28 956.76 985.88
CITY 66 87.56 43.27 6638.96 6663.40
CITY 67 35.19 54.83 336.34 378.52
CITY 68 80.09 4.64 2931.62 2953.31
CITY 69 68.22 46.10 5430.61 5450.82
CITY 70 39.09 39.49 7748.44 7791.77
CITY 71 76.27 91.04 4658.90 4684.69
CITY 72 52.17 88.09 4787.88 4824.11
CITY 73 38.04 40.86 8205.41 8237.85
CITY 74 41.30 19.39 8604.16 8644.32
CITY 75 47.50 6.65 8275.68 8309.41
CITY 76 18.52 41.10 8327.66 8364.78
CITY 77 29.92 67.33 1623.42 1654.96
CITY 78 9.93 85.46 6382.11 6421.09
CITY 79 46.21 53.99 6576.83 6616.98
CITY 80 26.48 69.02 2326.33 2371.31
CITY 81 79.49 75.22 4261.68 4292.53
CITY 82 79.26 80.46 4263.14 4311.10
CITY 83 4.09 43.00 2395.72 2441.00
CITY 84 53.43 54.35 8594.13 8640.20
CITY 85 87.48 97.97 4808.00 4852.63
CITY 86 38.55 51.66 5339.10 5370.14
CITY 87 2.50 22.57 5179.03 5226.63
CITY 88 20.09 46.13 3954.22 3982.57
CITY 89 71.53 29.88 1518.03 1541.06
CITY 90 27.65 62.34 5921.79 5957.93
CITY 91 30.97 55.21 8006.62 8031.85
CITY 92 66.38 92.88 8442.00 8471.32
CITY 93 29.30 17.69 4283.72 4316.84
CITY 94 72.77 79.54 7585.50 7633.31
CITY 95 18.50 41.06 1466.76 1514.23
CITY 96 23.26 50.16 5147.33 5174.59
CITY 97 31.85 29.67 3580.04 3615.04
CITY 98 80.35 24.90 6868.78 6913.83
CITY 99 97.65 94.16 378.92 426.38
CITY 100 32.19 95.83 3492.20 3524.75
CITY 101 48.72 80.22 6002.98 6024.69
CITY 102 90.26 56.63 26.91 65.53
CITY 103 69.51 72.11 5511.57 5559.40
CITY 104 63.32 79.21 7393.53 7438.89
CITY 105 82.39 89.09 3580.28 3612.86
CITY 106 46.54 59.67 3358.59 3381.37
CITY 107 3.96 71.48 3167.95 3209.82
CITY 108 16.30 48.24 3589.67 3611.74
CITY 109 97.93 72.62 5369.44 5393.71
CITY 110 2.58 45.36 8259.08 8296.79
CITY 111 70.30 37.36 216.29 237.93
CITY 112 25.68 27.42 3107.37 3152.91
CITY 113 83.34 38.22 2149.63 2197.98
CITY 114 37.44 44.88 1411.03 1442.22
CITY 115 15.48 88.43 7853.28 7873.94
CITY 116 11.36 31.93 5127.26 5171.93
CITY 117 56.14 56.45 197.47 223.29
CITY 118 2.92 74.43 5793.39 5834.66
CITY 119 70.24 2.89 8505.62 8539.31
CITY 120 0.48 83.34 1377.43 1419.38
CITY 121 51.94 60.78 7497.08 7521.31
CITY 122 64.81 89.12 4345.73 4376.70
CITY 123 49.15 61.13 2445.02 2476.30
CITY 124 86.54 32.52 7495.93 7524.24
CITY 125 96.76 29.35 2552.77 2585.33
CITY 126 97.70 60.43 8775.32 8817.16
CITY 127 88.75 44.13 4297.25 4336.26
CITY 128 28.58 79.32 4779.08 4819.38
CITY 129 43.90 37.17 7413.16 7444.16
CITY 130 77.57 58.18 2499.71 2533.17
CITY 131 24.21 38.59 6148.49 6193.91
CITY 132 61.69 55.95 3277.22 3309.17
CITY 133 14.44 66.70 4426.09 4472.64
CITY 134 32.62 8.65 4213.03 4248.94
CITY 135 24.05 99.39 613.20 641.74
CITY 136 90.23 66.51 3982.02 4015.37
CITY 137 40.76 19.68 4022.21 4063.84
CITY 138 95.40 99.77 1743.85 1779.56
CITY 139 43.88 77.61 9018.80 9063.41
CITY 140 49.73 87.37 8562.43 8611.49
CITY 141 87.49 66.74 4561.27 4596.93
CITY 142 38.20 66.76 7062.70 7104.61
CITY 143 17.47 0.92 6190.21 6211.13
CITY 144 82.05 32.44 4827.20 4856.08
CITY 145 17.54 82.29 3656.57 3684.43
CITY 146 40.70 9.26 6507.66 6553.39
CITY 147 77.19 34.61 775.01 796.92
CITY 148 89.22 67.67 2106.35 2141.98
CITY 149 62.86 50.18 7595.14 7633.85
CITY 150 53.16 83.08 3881.42 3916.69
CITY 151 31.49 10.80 5765.71 5798.81
CITY 152 40.99 5.31 7116.24 7151.07
CITY 153 79.99 73.80 5113.09 5151.51
CITY 154 46.31 10.70 8097.24 8137.87
CITY 155 36.96 86.71 1660.02 1689.27
CITY 156 73.80 26.30 3481.46 3528.48
CITY 157 33.48 68.83 8438.08 8476.11
CITY 158 71.83 56.12 8716.19 8765.24
CITY 159 19.57 31.72 3423.23 3450.39
CITY 160 0.57 81.62 1435.64 1482.15
CITY 161 71.66 8.25 5887.60 5922.61
CITY 162 5.99 8.23 2508.59 2544.16
CITY 163 3.19 76.48 4814.44 4847.73
CITY 164 68.58 81.55 3003.45 3036.85
CITY 165 48.59 29.01 5821.58 5846.07
CITY 166 18.05 88.34 616.20 640.02
CITY 167 66.24 99.98 4960.81 5005.51
CITY 168 24.10 39.02 7324.60 7374.37
CITY 169 62.37 24.90 5302.11 5341.35
CITY 170 52.44 39.00 4655.40 4698.01
CITY 171 20.63 57.76 7052.46 7099.24
CITY 172 51.05 75.69 3852.75 3886.97
CITY 173 90.07 18.96 481.22 505.53
CITY 174 91.48 39.24 5505.41 5533.71
CITY 175 56.40 97.74 6553.14 6591.20
CITY 176 37.96 93.00 253.52 282.42
CITY 177 52.45 97.36 7366.17 7390.58
CITY 178 84.46 29.10 6501.06 6531.01
CITY 179 89.57 92.20 5325.87 5360.86
CITY 180 98.60 26.79 2711.68 2758.92
CITY 181 96.99 8.21 6567.59 6608.12
CITY 182 79.67 68.73 386.90 435.30
CITY 183 45.85 58.59 6185.05 6229.87
CITY 184 58.89 9.20 721.67 745.83
CITY 185 18.17 75.19 3078.96 3101.85
CITY 186 13.85 68.48 3193.74 3220.05
CITY 187 50.96 3.20 2622.58 2645.83
CITY 188 38.77 33.19 8989.12 9023.77
CITY 189 0.12 53.74 8175.22 8210.17
CITY 190 37.18 61.45 6775.40 6801.57
CITY 191 15.84 72.54 239.87 267.12
CITY 192 76.01 46.43 6739.83 6767.02
CITY 193 42.62 95.51 7946.15 7975.44
CITY 194 27.22 63.58 700.43 722.29
CITY 195 80.55 20.89 1969.45 1996.40
CITY 196 93.17 80.80 7317.67 7344.95
CITY 197 71.53 95.86 4341.01 4362.66
CITY 198 35.55 34.29 1570.20 1608.83
CITY 199 88.54 27.76 3079.35 3128.14
CITY 200 41.96 14.85 2449.16 2471.96
CITY 201 13.62 66.53 721.20 751.87
CITY 202 98.04 94.21 4527.92 4563.51
CITY 203 73.54 16.84 1858.76 1893.08
CITY 204 11.95 11.11 8329.44 8372.50
CITY 205 46.74 66.30 4065.15 4086.91
CITY 206 49.82 61.98 6087.41 6136.59
CITY 207 65.19 64.75 7594.20 7623.20
CITY 208 89.76 81.81 2710.91 2755.68
CITY 209 46.89 65.41 8696.07 8718.15
CITY 210 23.06 11.02 7293.02 7333.82
CITY 211 41.52 52.64 4389.37 4412.88
CITY 212 4.15 29.85 3493.74 3522.61
CITY 213 60.14 80.24 7994.71 8031.87
CITY 214 27.98 42.74 2587.02 2622.42
CITY 215 70.87 80.75 7221.25 7241.69
CITY 216 85.69 55.48 3112.58 3153.94
CITY 217 13.52 19.04 1691.32 1735.41
CITY 218 35.00 83.84 4429.17 4451.30
CITY 219 15.46 30.57 996.53 1016.73
CITY 220 23.53 78.12 7345.59 7393.47
CITY 221 51.63 84.17 279.81 307.29
CITY 222 97.59 93.38 8038.14 8079.56
CITY 223 30.76 96.43 377.67 417.13
CITY 224 82.43 57.88 5598.76 5640.60
CITY 225 68.33 11.70 7413.92 7453.81
CITY 226 81.73 22.06 5974.04 6015.38
CITY 227 34.55 14.35 5243.72 5287.37
CITY 228 17.22 88.97 7778.21 7824.69
CITY 229 98.78 47.16 6194.04 6242.86
CITY 230 4.01 87.20 1613.14 1662.79
CITY 231 35.89 13.13 1505.13 1541.39
CITY 232 23.50 71.85 3460.15 3503.14
CITY 233 52.91 52.83 2629.90 2661.39
CITY 234 84.93 11.65 7662.16 7708.10
CITY 235 28.60 86.33 1636.33 1680.60
CITY 236 82.44 89.69 5538.76 5561.75
CITY 237 12.18 48.71 5122.61 5166.33
CITY 238 41.87 5.83 3635.28 3671.21
CITY 239 72.77 36.51 6469.23 6512.59
CITY 240 18.28 94.81 1776.21 1808.95
CITY 241 23.86 98.73 480.05 520.71
CITY 242 89.97 34.03 3554.35 3603.36
CITY 243 19.92 74.20 7079.40 7127.94
CITY 244 93.32 69.50 3153.28 3198.61
CITY 245 27.54 8.80 8757.32 8790.14
CITY 246 81.36 77.79 5736.01 5765.43
CITY 247 89.73 38.16 3750.71 3784.71
CITY 248 77.32 93.24 6605.15 6632.78
CITY 249 61.40 93.79 2508.87 2550.30
CITY 250 30.50 1.73 8432.43 8477.50
CITY 251 83.69 10.97 6857.86 6906.76
CITY 252 26.31 44.73 2447.23 2489.18
CITY 253 1.72 47.47 4580.44 4605.79
CITY 254 95.88 14.73 7643.21 7691.45
CITY 255 68.51 68.98 2013.96 2046.79
CITY 256 77.06 16.44 6589.64 6635.77
CITY 257 20.91 23.53 2973.10 2996.57
CITY 258 27.59 47.07 3653.13 3686.99
CITY 259 99.92 99.87 3943.86 3965.13
CITY 260 65.15 3.57 8005.09 8043.04
CITY 261 85.25 12.26 8095.57 8120.45
CITY 262 73.17 49.96 6786.71 6825.41
CITY 263 62.55 20.61 2719.35 2759.29
CITY 264 8.52 5.61 3561.92 3599.59
CITY 265 67.51 96.38 8078.93 8101.52
CITY 266 32.00 69.93 5714.80 5755.08
CITY 267 4.78 1.89 4339.32 4374.27
CITY 268 33.85 32.85 8544.17 8570.53
CITY 269 50.90 76.23 6635.50 6672.04
CITY 270 93.77 49.12 6002.98 6039.10
CITY 271 27.46 38.82 8416.88 8446.47
CITY 272 10.54 19.80 4887.52 4914.86
CITY 273 36.69 98.80 6102.46 6148.04
CITY 274 54.92 30.87 5559.42 5584.24
CITY 275 40.29 27.98 2916.05 2937.43
CITY 276 46.99 80.99 8676.86 8710.33
CITY 277 22.85 87.04 5965.15 5987.15
CITY 278 42.22 19.26 399.01 427.85
CITY 279 72.43 56.50 748.18 782.37
CITY 280 23.30 62.70 4818.31 4864.66
CITY 281 16.50 64.80 4221.66 4254.21
CITY 282 77.46 72.73 5463.20 5501.62
CITY 283 0.03 69.52 2713.01 2748.17
CITY 284 61.62 38.82 5510.57 5541.35
CITY 285 40.29 84.08 766.45 808.56
CITY 286 55.61 55.07 1169.95 1192.56
CITY 287 1.74 48.08 4535.53 4564.65
CITY 288 36.10 80.89 201.76 236.56
CITY 289 22.32 19.82 3405.47 3428.86
CITY 290 26.19 86.49 8520.95 8556.00
CITY 291 59.17 98.85 852.19 892.77
CITY 292 12.01 47.49 5835.96 5872.33
CITY 293 21.79 90.14 5951.41 5995.37
CITY 294 95.94 93.63 6022.88 6047.97
CITY 295 2.87 80.92 6928.02 6974.74
CITY 296 57.34 15.32 6981.62 7017.48
CITY 297 24.06 1.08 7216.23 7246.72
CITY 298 5.91 70.28 4978.74 5012.54
CITY 299 40.57 98.58 2216.16 2258.50
CITY 300 61.71 71.90 7780.30 7815.51
CITY 301 34.80 23.25 8851.67 8899.12
CITY 302 24.00 8.54 5485.73 5528.35
CITY 303 18.64 72.48 1476.02 1509.61
CITY 304 94.07 90.81 4566.31 4592.60
CITY 305 4.71 58.29 6186.07 6230.37
CITY 306 13.77 95.73 712.79 749.49
CITY 307 38.61 47.38 8108.10 8142.83
CITY 308 66.55 11.92 2038.36 2059.67
CITY 309 5.33 91.64 7865.56 7898.66
CITY 310 49.81 31.93 6829.13 6856.98
CITY 311 47.37 61.33 4529.28 4568.44
CITY 312 0.58 79.24 255.08 275.54
CITY 313 82.62 22.77 532.18 577.33
CITY 314 63.82 72.14 2492.93 2529.36
CITY 315 1.84 91.57 719.04 760.83
CITY 316 89.72 83.47 6954.94 6992.06
CITY 317 10.89 66.05 5040.00 5081.80
CITY 318 7.80 15.00 6928.41 6976.58
CITY 319 26.66 24.98 4044.91 4077.53
CITY 320 28.90 37.74 4671.28 4718.87
CITY 321 88.19 31.03 5060.78 5107.46
CITY 322 37.33 68.83 4920.57 4965.43
CITY 323 20.64 39.72 2962.20 3005.01
CITY 324 30.96 88.40 8395.67 8434.55
CITY 325 59.06 29.15 4163.08 4212.95
CITY 326 11.87 18.51 6075.19 6117.80
CITY 327 86.57 78.84 2010.15 2045.81
CITY 328 13.13 74.59 3135.88 3159.52
CITY 329 47.01 63.51 7027.14 7058.50
CITY 330 88.69 13.56 3637.78 3678.28
CITY 331 58.03 38.50 7631.81 7677.13
CITY 332 87.23 72.87 8825.26 8871.34
CITY 333 67.41 67.51 4532.84 4571.86
CITY 334 69.60 37.68 4114.05 4161.20
CITY 335 29.64 53.90 3827.73 3872.92
CITY 336 44.99 66.36 2885.14 2932.40
CITY 337 46.40 43.37 1930.39 1970.35
CITY 338 80.57 50.70 354.04 387.91
CITY 339 3.40 81.50 4732.37 4758.13
CITY 340 73.10 78.03 2120.43 2167.45
CITY 341 56.59 27.90 6968.72 7009.45
CITY 342 92.66 71.89 3916.01 3952.89
CITY 343 40.43 33.78 470.98 498.35
CITY 344 81.91 90.47 3321.20 3366.41
CITY 345 0.30 74.34 3242.88 3265.32
CITY 346 45.99 87.78 1895.83 1917.83
CITY 347 21.79 63.82 4637.42 4670.59
CITY 348 56.05 16.75 5671.97 5707.73
CITY 349 1.51 16.44 6444.70 6484.98
CITY 350 15.64 65.66 3126.62 3169.94
CITY 351 87.06 49.99 5580.70 5607.24
CITY 352 51.21 53.75 4494.96 4535.47
CITY 353 43.86 73.19 6547.22 6592.20
CITY 354 67.23 78.37 91.62 115.44
CITY 355 68.50 64.92 3120.11 3148.57
CITY 356 77.29 29.36 710.44 755.23
CITY 357 31.03 85.01 27.54 63.92
CITY 358 88.97 54.12 3582.13 3605.85
CITY 359 70.33 75.45 1428.84 1467.13
CITY 360 63.12 82.87 3402.86 3430.54
CITY 361 42.25 83.04 8788.05 8833.80
CITY 362 96.99 25.06 3767.56 3791.79
CITY 363 69.59 69.41 3535.18 3568.84
CITY 364 26.60 50.54 3423.66 3460.45
CITY 365 49.25 8.34 6436.52 6460.80
CITY 366 10.10 87.45 3592.36 3625.83
CITY 367 6.30 86.58 691.37 725.32
CITY 368 46.48 0.73 7092.40 7133.87
CITY 369 57.23 59.86 6464.29 6485.64
CITY 370 81.00 91.01 7817.63 7854.13
CITY 371 66.83 2.24 1556.23 1583.50
CITY 372 99.24 58.26 3587.46 3616.85
CITY 373 19.08 31.24 983.38 1031.08
CITY 374 8.99 23.79 811.14 860.44
CITY 375 89.91 25.68 793.95 826.18
CITY 376 94.39 36.42 2956.50 3000.69
CITY 377 18.33 24.73 1862.72 1912.25
CITY 378 36.42 7.50 7162.58 7205.23
CITY 379 74.60 8.71 5918.01 5950.19
CITY 380 2.35 19.64 1802.88 1838.25
CITY 381 71.50 50.90 3002.62 3024.25
CITY 382 93.72 26.19 2937.67 2984.65
CITY 383 31.71 65.15 580.19 617.19
CITY 384 41.32 23.10 2342.81 2363.40
CITY 385 39.28 43.52 3852.85 3897.09
CITY 386 77.97 47.99 4577.14 4600.11
CITY 387 84.60 26.47 2787.55 2817.81
CITY 388 27.40 85.63 4940.61 4973.61
CITY 389 77.09 6.48 7403.60 7430.08
CITY 390 91.74 57.07 6033.25 6059.15
CITY 391 35.12 75.69 7520.40 7548.72
CITY 392 94.75 37.86 1882.77 1907.37
CITY 393 71.11 63.70 3645.55 3668.50
CITY 394 90.42 14.48 4112.34 4133.82
CITY 395 29.92 65.55 935.76 960.95
CITY 396 76.59 99.32 7015.87 7065.25
CITY 397 23.55 51.64 6824.50 6865.84
CITY 398 73.29 56.09 5195.98 5220.73
CITY 399 1.72 4.87 5465.03 5514.85
CITY 400 85.88 23.91 6100.82 6149.08
CITY 401 65.88 81.82 7224.87 7248.68
CITY 402 58.25 22.00 7860.71 7893.56
CITY 403 48.96 78.54 1002.66 1043.49
CITY 404 91.11 16.88 2644.44 2681.66
CITY 405 10.81 51.09 6712.99 6756.18
CITY 406 0.26 2.66 1562.68 1589.85
CITY 407 53.20 51.23 8223.77 8273.55
CITY 408 62.26 26.83 1046.11 1080.93
CITY 409 8.93 45.01 1103.92 1145.38
CITY 410 43.67 49.15 7306.25 7329.10
CITY 411 14.06 94.88 7824.22 7851.33
CITY 412 94.59 70.32 5098.00 5125.47
CITY 413 20.96 20.63 8172.61 8200.02
CITY 414 43.18 71.18 4903.19 4937.00
CITY 415 13.73 31.11 3194.58 3239.45
CITY 416 2.20 27.27 8387.42 8434.75
CITY 417 2.80 25.37 2404.26 2437.65
CITY 418 49.64 75.60 3871.85 3896.82
CITY 419 66.62 53.83 699.46 738.98
CITY 420 29.02 38.62 1453.14 1500.66
CITY 421 40.02 37.54 5394.78 5414.90
CITY 422 52.32 85.33 2570.13 2616.12
CITY 423 96.07 89.15 5765.81 5798.98
CITY 424 23.07 97.10 1465.15 1512.33
CITY 425 95.80 25.22 7724.39 7750.39
CITY 426 98.49 55.62 1938.49 1973.86
CITY 427 7.86 34.04 938.64 968.91
CITY 428 13.64 52.15 4377.42 4421.82
CITY 429 28.01 34.72 67.01 94.75
CITY 430 28.30 9.03 3828.08 3854.53
CITY 431 26.89 0.35 4134.72 4163.71
CITY 432 73.21 38.67 2903.06 2945.73
CITY 433 21.69 57.90 5703.07 5731.11
CITY 434 83.58 66.28 6810.49 6838.83
CITY 435 37.42 57.68 5298.56 5328.14
CITY 436 0.52 55.01 6292.34 6325.83
CITY 437 31.81 80.91 4458.26 4499.77
CITY 438 78.42 74.39 6034.63 6055.46
CITY 439 42.79 17.79 7143.54 7163.56
