NUM_CLIENTS 499
NUM_VEHICLES 49
CITY 0 0.0 0.0 0.0 4440
CITY 1 68.57 53.35 440.72 462.08
CITY 2 56.34 79.71 1164.68 1206.53
CITY 3 95.50 86.50 2167.01 2193.50
CITY 4 7.39 25.10 2389.93 2413.04
CITY 5 1.04 28.29 2873.05 2910.76
CITY 6 65.77 77.17 208.79 238.14
CITY 7 89.90 16.15 4003.03 4027.54
CITY 8 56.18 88.17 3745.62 3793.39
CITY 9 40.42 54.43 144.78 193.73
CITY 10 87.62 60.22 1081.91 1106.24
CITY 11 95.48 76.97 1131.82 1178.68
CITY 12 93.45 30.24 1146.37 1171.05
CITY 13 5.99 31.93 327.88 349.72
CITY 14 47.81 98.44 422.18 467.30
CITY 15 92.81 9.97 4042.23 4073.69
CITY 16 7.98 78.72 434.09 475.15
CITY 17 8.64 49.55 892.39 916.45
CITY 18 70.54 58.30 1358.43 1403.86
CITY 19 1.62 13.54 3978.27 4018.34
CITY 20 0.43 97.06 2286.11 2330.20
CITY 21 8.83 9.20 581.76 617.77
CITY 22 85.11 29.91 600.19 634.73
CITY 23 69.72 77.26 2667.24 2716.33
CITY 24 47.64 51.01 2154.87 2183.71
CITY 25 42.87 60.52 1048.52 1092.18
CITY 26 7.97 91.80 2192.00 2230.44
CITY 27 11.12 98.59 536.08 573.41
CITY 28 28.63 24.95 666.19 696.64
CITY 29 87.70 7.61 1042.49 1090.09
CITY 30 21.78 5.14 2620.00 2653.00
CITY 31 66.19 38.85 1784.62 1812.22
CITY 32 34.44 16.72 1418.74 1461.47
CITY 33 49.68 31.19 329.48 353.65
CITY 34 36.33 48.66 3550.31 3598.33
CITY 35 46.65 54.28 3094.01 3122.29
CITY 36 52.57 90.98 1869.78 1907.92
CITY 37 50.67 98.20 2624.71 2674.15
CITY 38 3.06 10.60 4347.89 4388.92
CITY 39 34.07 45.14 4122.56 4170.07
CITY 40 20.82 36.41 2216.36 2262.96
CITY 41 85.17 18.42 2801.49 2824.08
CITY 42 15.61 40.42 3338.25 3369.10
CITY 43 36.70 25.90 3836.71 3871.00
CITY 44 66.33 8.30 3771.10 3810.72
CITY 45 27.45 83.88 22.36 66.91
CITY 46 50.92 95.57 1848.10 1873.50
CITY 47 4.05 70.04 1953.90 1998.14
CITY 48 87.69 0.34 2801.57 2845.95
CITY 49 40.92 59.95 2951.47 3001.11
CITY 50 80.42 10.03 595.18 619.40
CITY 51 47.17 16.85 2201.59 2224.93
CITY 52 35.12 79.27 708.27 735.15
CITY 53 55.22 18.10 2441.13 2469.65
CITY 54 53.61 47.10 3803.18 3838.96
CITY 55 35.79 60.60 2614.23 2635.18
CITY 56 27.29 3.90 3298.25 3326.29
CITY 57 60.53 11.58 1637.58 1681.04
CITY 58 70.45 93.60 1523.46 1544.35
CITY 59 85.30 77.43 852.71 901.73
CITY 60 94.37 92.76 723.17 762.47
CITY 61 59.20 92.35 33.61 81.49
CITY 62 28.93 63.96 4109.08 4139.86
CITY 63 48.94 98.05 2628.71 2662.64
CITY 64 24.03 12.76 2372.57 2418.12
CITY 65 2.37 30.01 2730.84 2778.14
CITY 66 71.23 32.94 1322.63 1361.03
CITY 67 87.16 12.62 3345.67 3388.50
CITY 68 9.56 65.58 1263.93 1300.60
CITY 69 79.99 28.78 3879.82 3903.69
CITY 70 3.64 8.50 2238.63 2275.30
CITY 71 61.02 2.26 974.64 1004.97
CITY 72 98.13 55.92 3118.52 3139.27
CITY 73 99.54 46.47 2568.95 2592.41
CITY 74 14.59 22.19 2900.27 2942.03
CITY 75 71.87 25.06 4028.76 4055.94
CITY 76 72.05 59.63 60.32 104.75
CITY 77 55.25 95.78 4016.70 4060.23
CITY 78 59.24 30.61 3372.20 3408.55
CITY 79 27.83 57.59 3233.55 3278.57
CITY 80 60.27 42.99 2799.21 2839.89
CITY 81 35.93 15.32 2667.96 2704.26
CITY 82 1.48 6.67 212.79 242.73
CITY 83 45.97 23.35 3319.48 3350.62
CITY 84 89.37 8.30 1397.55 1430.87
CITY 85 9.32 22.27 2914.44 2936.52
CITY 86 58.77 55.18 614.66 641.26
CITY 87 2.05 28.04 2102.42 2134.37
CITY 88 61.38 64.01 3726.58 3755.45
CITY 89 30.13 77.39 2190.16 2237.44
CITY 90 32.31 87.64 40.17 68.63
CITY 91 18.42 74.39 3955.19 3980.41
CITY 92 30.15 0.48 140.08 162.48
CITY 93 70.94 30.78 3161.44 3191.70
CITY 94 94.23 39.83 474.17 510.21
CITY 95 31.53 28.18 4199.86 4247.71
CITY 96 38.42 83.41 2472.01 2503.37
CITY 97 16.22 16.45 1985.06 2012.24
CITY 98 76.29 22.16 633.91 677.76
CITY 99 67.57 29.11 795.83 822.50
CITY 100 8.26 64.00 4045.92 4070.10
CITY 101 38.69 4.61 88.92 133.77
CITY 102 60.51 39.23 3972.16 4012.87
CITY 103 60.01 44.26 435.53 464.39
CITY 104 15.70 13.88 575.19 604.25
CITY 105 40.73 54.16 3376.34 3423.50
CITY 106 35.92 24.07 773.05 805.23
CITY 107 60.41 47.48 4348.37 4368.52
CITY 108 22.13 12.62 1558.24 1579.23
CITY 109 21.54 83.90 2574.16 2609.17
CITY 110 30.21 78.02 3605.61 3625.84
CITY 111 15.12 41.80 2947.55 2969.02
CITY 112 57.65 64.30 929.13 967.70
CITY 113 48.94 48.72 2650.26 2670.32
CITY 114 64.61 18.38 2553.96 2584.21
CITY 115 9.95 14.62 3695.00 3726.30
CITY 116 71.79 28.08 2160.89 2196.31
CITY 117 36.85 96.98 1356.97 1398.78
CITY 118 57.94 62.16 3944.49 3971.30
CITY 119 28.57 77.96 3191.34 3240.66
CITY 120 13.67 23.43 4224.82 4264.34
CITY 121 46.87 91.60 2346.34 2368.61
CITY 122 33.15 28.96 3221.90 3267.03
CITY 123 44.39 78.24 519.20 548.08
CITY 124 75.69 19.58 2696.68 2744.06
CITY 125 92.00 67.01 4276.01 4308.85
CITY 126 42.07 42.80 256.43 281.74
CITY 127 47.09 89.63 1835.42 1859.17
CITY 128 78.38 16.01 379.91 420.92
CITY 129 32.12 54.74 1785.76 1807.99
CITY 130 72.14 5.99 579.68 601.76
CITY 131 11.39 47.85 2401.74 2449.57
CITY 132 2.40 62.92 2097.64 2130.47
CITY 133 33.53 13.55 871.07 905.66
CITY 134 53.92 58.58 314.38 338.52
CITY 135 81.87 51.68 1248.88 1284.26
CITY 136 41.41 91.16 367.83 396.41
CITY 137 15.22 31.16 94.71 115.57
CITY 138 74.65 45.36 1477.90 1525.15
CITY 139 56.98 53.79 3985.52 4009.98
CITY 140 24.33 69.73 909.52 937.31
CITY 141 34.46 65.87 2204.68 2236.08
CITY 142 61.26 12.68 2101.70 2150.64
CITY 143 71.36 10.33 2893.50 2919.55
CITY 144 68.30 41.27 2502.85 2549.32
CITY 145 34.08 21.03 2299.45 2320.69
CITY 146 9.84 27.48 3822.80 3867.24
CITY 147 80.38 16.37 1878.79 1907.57
CITY 148 43.11 86.58 3849.26 3895.40
CITY 149 36.88 80.55 2141.67 2191.47
CITY 150 31.59 34.54 4224.22 4271.50
CITY 151 48.90 83.44 2952.89 2982.32
CITY 152 75.14 61.36 4290.91 4318.71
CITY 153 44.13 29.35 1869.53 1894.47
CITY 154 81.41 57.78 3108.81 3153.73
CITY 155 2.17 40.68 606.21 626.39
CITY 156 41.33 12.96 2491.25 2521.06
CITY 157 53.38 33.38 482.27 526.83
CITY 158 5.42 42.17 554.78 588.20
CITY 159 41.79 49.22 2622.05 2648.99
CITY 160 31.96 2.18 1935.33 1978.66
CITY 161 25.74 87.73 3803.82 3826.00
CITY 162 57.55 30.12 3813.49 3853.19
CITY 163 90.10 18.60 3456.78 3485.56
CITY 164 49.34 55.01 3762.37 3810.41
CITY 165 69.92 72.99 27.45 74.77
CITY 166 97.25 72.30 2035.38 2081.70
CITY 167 37.36 86.40 1278.84 1318.50
CITY 168 45.90 20.36 2852.31 2888.21
CITY 169 9.36 45.28 2987.98 3036.39
CITY 170 98.50 14.40 1066.84 1100.18
CITY 171 73.11 15.61 246.28 283.30
CITY 172 70.32 31.67 3151.00 3182.84
CITY 173 40.02 72.98 51.59 77.50
CITY 174 63.01 67.09 3725.80 3769.32
CITY 175 80.80 42.63 19.07 41.09
CITY 176 13.83 79.38 665.30 709.95
CITY 177 84.10 89.13 3160.98 3196.52
CITY 178 50.34 26.84 1702.00 1729.59
CITY 179 96.47 54.31 898.16 940.74
CITY 180 42.29 45.14 2529.77 2550.46
CITY 181 79.00 16.64 4290.41 4326.61
CITY 182 40.55 72.38 2801.42 2842.34
CITY 183 38.12 85.18 2810.10 2837.70
CITY 184 91.74 89.07 3848.75 3886.73
CITY 185 2.40 98.54 4026.63 4055.02
CITY 186 71.52 5.20 3806.51 3830.88
CITY 187 62.16 76.36 410.82 447.74
CITY 188 21.51 4.99 2867.04 2913.74
CITY 189 0.09 10.83 1456.61 1488.36
CITY 190 47.52 78.71 2329.32 2370.05
CITY 191 70.85 6.00 3853.43 3879.93
CITY 192 52.39 50.96 2804.87 2846.72
CITY 193 3.57 25.53 299.12 327.58
CITY 194 27.19 6.39 1780.88 1827.69
CITY 195 33.99 68.71 3659.67 3685.40
CITY 196 63.43 10.30 2261.08 2287.59
CITY 197 31.03 31.97 2219.96 2245.87
CITY 198 62.45 1.20 4048.35 4083.84
CITY 199 31.78 28.18 482.86 528.08
CITY 200 45.08 26.23 400.41 448.23
CITY 201 3.72 88.86 3469.46 3509.17
CITY 202 40.48 60.63 3046.29 3085.66
CITY 203 20.42 70.17 1913.74 1936.94
CITY 204 51.60 38.93 4306.38 4341.90
CITY 205 42.24 8.52 2507.95 2552.74
CITY 206 38.54 35.62 3230.35 3265.99
CITY 207 66.40 15.98 288.30 334.40
CITY 208 71.94 86.48 1461.17 1510.54
CITY 209 20.74 18.96 1565.20 1601.37
CITY 210 58.81 42.20 1930.42 1954.92
CITY 211 36.96 36.47 1051.03 1078.46
CITY 212 65.61 77.05 2235.30 2263.77
CITY 213 38.79 65.95 413.82 460.98
CITY 214 70.04 33.52 190.15 230.59
CITY 215 53.94 26.77 1867.17 1903.61
CITY 216 60.48 20.80 3576.92 3620.21
CITY 217 0.65 78.87 1496.87 1521.60
CITY 218 82.57 17.88 3309.84 3342.74
CITY 219 56.02 64.73 1119.65 1141.74
CITY 220 37.10 73.87 268.80 298.40
CITY 221 87.48 37.06 1316.23 1339.42
CITY 222 23.86 80.38 2050.64 2076.35
CITY 223 91.53 53.52 2477.29 2511.45
CITY 224 88.60 84.24 2804.81 2847.77
CITY 225 22.38 86.50 3707.84 3756.35
CITY 226 79.34 46.91 4038.16 4086.66
CITY 227 11.60 87.88 2200.54 2224.75
CITY 228 12.83 73.25 2864.36 2912.00
CITY 229 19.84 78.02 269.89 303.17
CITY 230 8.29 7.32 3631.76 3673.25
CITY 231 27.87 19.35 2963.85 2998.51
CITY 232 88.84 96.43 1531.23 1570.99
CITY 233 84.88 69.17 1962.48 1996.57
CITY 234 75.74 83.42 3440.46 3487.56
CITY 235 93.47 67.79 2557.46 2591.70
CITY 236 37.62 70.98 1907.47 1950.62
CITY 237 40.26 45.53 1299.42 1337.64
CITY 238 72.34 37.76 3752.11 3777.95
CITY 239 77.90 1.61 2699.82 2730.82
CITY 240 16.15 82.41 1236.00 1260.15
CITY 241 67.45 68.22 1600.28 1643.69
CITY 242 62.41 95.72 800.29 845.43
CITY 243 57.95 76.02 1070.62 1109.33
CITY 244 1.33 2.13 3043.50 3077.84
CITY 245 24.32 5.01 500.54 535.32
CITY 246 64.05 11.43 3985.56 4015.42
CITY 247 74.52 9.62 303.98 345.24
CITY 248 90.95 41.91 134.90 155.89
CITY 249 40.13 56.05 3151.00 3191.08
CITY 250 84.47 90.97 2624.66 2670.57
CITY 251 91.85 20.33 1398.85 1434.08
CITY 252 71.37 35.82 3926.55 3964.56
CITY 253 10.78 57.05 2072.05 2094.79
CITY 254 25.21 24.25 3934.52 3969.68
CITY 255 41.32 63.36 3744.95 3785.31
CITY 256 24.01 15.58 3848.26 3871.01
CITY 257 99.49 49.49 608.93 648.65
CITY 258 42.33 14.63 2275.99 2305.30
CITY 259 53.87 26.39 3902.59 3949.63
CITY 260 98.85 49.81 564.27 584.35
CITY 261 81.08 68.92 3225.06 3264.79
CITY 262 2.08 39.11 217.87 247.00
CITY 263 74.63 78.99 1403.17 1440.85
CITY 264 55.95 33.79 915.19 939.49
CITY 265 87.74 40.06 2860.97 2902.86
CITY 266 87.91 69.61 869.87 896.90
CITY 267 89.86 84.50 3993.04 4024.48
CITY 268 71.28 83.26 881.39 901.78
CITY 269 90.71 5.69 165.57 187.15
CITY 270 82.08 58.86 289.59 322.89
CITY 271 11.40 0.36 4128.85 4174.46
CITY 272 53.17 4.49 2312.33 2361.80
CITY 273 23.06 69.90 1223.40 1253.45
CITY 274 88.08 60.01 788.93 829.42
CITY 275 62.16 23.01 4054.00 4095.19
CITY 276 63.34 41.72 388.60 431.71
CITY 277 39.39 53.38 2821.44 2856.80
CITY 278 81.08 14.03 601.89 640.95
CITY 279 51.99 34.88 4320.38 4363.21
CITY 280 30.31 45.89 3061.62 3089.31
CITY 281 45.80 0.37 1525.45 1566.98
CITY 282 7.37 82.82 4380.63 4401.72
CITY 283 34.89 54.85 931.08 974.47
CITY 284 24.45 86.20 1899.34 1947.23
CITY 285 60.47 61.87 1274.05 1298.23
CITY 286 55.77 98.74 3279.31 3303.51
CITY 287 42.22 23.28 4384.29 4426.29
CITY 288 35.60 2.88 3198.00 3230.16
CITY 289 48.58 47.89 3805.14 3840.41
CITY 290 47.87 86.97 549.91 585.84
CITY 291 81.05 21.67 4068.81 4101.79
CITY 292 52.60 66.48 1569.58 1592.21
CITY 293 65.47 87.91 3434.37 3459.21
CITY 294 92.43 17.19 697.64 730.39
CITY 295 43.50 51.47 3034.06 3054.40
CITY 296 69.92 19.47 2825.32 2847.89
CITY 297 39.52 81.70 741.95 778.45
CITY 298 64.08 67.60 3135.01 3184.04
CITY 299 0.07 29.14 2562.58 2606.84
CITY 300 56.56 10.62 1419.98 1458.66
CITY 301 48.03 15.23 1416.72 1454.82
CITY 302 49.60 29.64 2410.31 2435.94
CITY 303 55.70 95.96 2336.36 2365.88
CITY 304 92.43 91.85 4131.83 4160.55
CITY 305 77.32 10.94 4158.32 4189.94
CITY 306 48.28 58.27 2509.57 2558.18
CITY 307 13.91 95.73 3788.45 3834.47
CITY 308 35.09 9.28 2339.33 2361.74
CITY 309 11.42 97.70 2307.31 2328.49
CITY 310 87.30 36.11 191.35 232.90
CITY 311 18.36 26.98 3090.59 3116.01
CITY 312 94.79 56.12 3902.68 3933.17
CITY 313 46.31 4.98 1022.49 1042.99
CITY 314 14.13 19.62 542.13 584.06
CITY 315 14.99 63.36 280.12 315.33
CITY 316 83.56 3.61 1208.29 1245.44
CITY 317 96.90 40.15 2823.33 2853.67
CITY 318 99.55 16.21 3735.81 3768.05
CITY 319 21.08 11.91 2461.88 2493.42
CITY 320 88.64 1.36 4180.27 4219.44
CITY 321 1.98 13.61 1148.77 1173.95
CITY 322 38.49 71.06 609.74 650.79
CITY 323 57.42 36.35 2061.43 2105.21
CITY 324 63.51 99.41 3061.09 3090.89
CITY 325 88.41 69.04 3541.67 3584.55
CITY 326 30.51 94.60 4218.93 4249.95
CITY 327 40.80 77.70 2177.61 2199.10
CITY 328 38.04 90.32 3463.65 3494.50
CITY 329 30.39 93.97 960.84 990.75
CITY 330 6.56 38.08 1883.91 1920.38
CITY 331 53.65 82.27 1553.78 1600.00
CITY 332 19.86 74.75 1175.06 1201.01
CITY 333 29.67 74.14 1003.73 1051.93
CITY 334 35.32 54.70 1883.13 1907.93
CITY 335 41.65 49.45 1906.04 1937.78
CITY 336 29.97 31.32 677.19 723.01
CITY 337 81.14 47.28 2302.66 2322.80
CITY 338 50.79 60.89 1069.86 1113.05
CITY 339 65.04 77.15 2678.27 2704.82
CITY 340 82.91 25.18 1070.52 1119.79
CITY 341 43.06 59.71 1480.38 1516.45
CITY 342 35.60 76.32 3470.06 3499.63
CITY 343 5.96 99.45 139.96 165.20
CITY 344 26.91 46.35 3217.06 3237.31
CITY 345 45.79 28.04 4028.99 4071.74
CITY 346 75.85 56.71 3059.58 3092.98
CITY 347 91.47 49.00 622.85 672.01
CITY 348 31.47 63.49 4047.96 4087.97
CITY 349 96.95 0.48 2468.18 2489.04
CITY 350 42.17 33.51 4358.42 4381.72
CITY 351 3.85 13.27 3060.72 3080.86
CITY 352 99.25 2.32 812.11 848.98
CITY 353 31.17 34.34 3883.91 3908.09
CITY 354 46.40 26.48 3001.79 3041.96
CITY 355 23.25 22.38 2157.56 2203.31
CITY 356 75.84 18.81 3500.97 3542.72
CITY 357 10.06 14.22 2883.44 2920.72
CITY 358 27.48 86.89 1760.85 1786.39
CITY 359 46.07 26.42 2420.47 2465.69
CITY 360 38.03 18.32 2931.81 2955.14
CITY 361 5.11 36.35 980.92 1006.69
CITY 362 71.49 35.01 1284.32 1332.96
CITY 363 25.95 75.66 4288.15 4332.09
CITY 364 82.38 62.58 2566.40 2596.12
CITY 365 7.84 66.56 4052.67 4082.99
CITY 366 35.75 75.58 965.45 999.06
CITY 367 3.13 76.49 595.78 621.37
CITY 368 84.52 41.57 877.11 910.37
CITY 369 38.53 99.77 616.34 638.95
CITY 370 31.75 47.56 4228.99 4270.56
CITY 371 76.25 74.72 3341.01 3368.73
CITY 372 10.15 75.33 126.20 153.93
CITY 373 11.85 97.57 2875.46 2907.23
CITY 374 1.41 62.14 259.94 297.07
CITY 375 8.38 83.23 1055.79 1099.49
CITY 376 23.49 61.85 1475.16 1497.37
CITY 377 74.47 94.10 1364.26 1385.23
CITY 378 32.99 61.55 2590.86 2615.14
CITY 379 82.09 91.44 3090.12 3122.68
CITY 380 22.76 80.38 4160.15 4208.72
CITY 381 21.53 78.16 3633.97 3669.91
CITY 382 55.61 95.73 1354.65 1384.98
CITY 383 93.58 65.76 2854.43 2876.15
CITY 384 36.93 81.59 1759.24 1790.23
CITY 385 85.90 14.48 771.34 813.01
CITY 386 10.71 25.54 2069.36 2112.37
CITY 387 44.16 46.66 2662.00 2683.92
CITY 388 71.83 29.28 106.60 135.16
CITY 389 25.88 89.53 2288.67 2329.89
CITY 390 64.69 24.87 3876.07 3907.25
CITY 391 91.54 8.46 167.41 207.01
CITY 392 15.68 98.13 2123.92 2147.48
CITY 393 64.25 32.07 1791.12 1831.62
CITY 394 11.47 67.31 2053.20 2077.00
CITY 395 90.32 95.99 3551.06 3598.35
CITY 396 21.36 16.17 489.67 522.49
CITY 397 68.53 8.34 235.20 270.30
CITY 398 22.86 61.86 688.05 725.86
CITY 399 24.62 56.72 331.52 361.18
CITY 400 21.78 46.05 3415.48 3438.90
CITY 401 2.69 13.69 2255.78 2289.32
CITY 402 0.10 64.35 1520.07 1557.91
CITY 403 61.88 72.90 1638.17 1664.07
CITY 404 25.43 31.78 45.45 95.09
CITY 405 0.59 77.61 1656.28 1700.48
CITY 406 24.40 49.44 2690.71 2737.32
CITY 407 74.48 30.97 1519.91 1541.57
CITY 408 59.44 50.30 1986.87 2018.76
CITY 409 23.77 77.91 1194.96 1233.10
CITY 410 71.88 20.57 1791.50 1832.19
CITY 411 67.94 29.76 302.06 343.39
CITY 412 14.62 78.88 2378.08 2400.97
CITY 413 7.55 24.36 2412.13 2436.10
CITY 414 17.25 4.85 3294.00 3317.01
CITY 415 24.46 37.53 441.41 470.73
CITY 416 14.89 9.85 2350.48 2386.89
CITY 417 36.17 23.60 138.40 174.91
CITY 418 19.70 73.12 3869.71 3909.88
CITY 419 52.30 72.37 2797.20 2823.87
CITY 420 84.11 23.76 2481.84 2521.87
CITY 421 8.60 93.84 2102.30 2129.67
CITY 422 38.04 1.26 3288.49 3326.26
CITY 423 30.63 48.61 2116.61 2137.99
CITY 424 2.31 12.94 1128.14 1169.66
CITY 425 78.05 96.65 4009.50 4043.20
CITY 426 43.37 26.90 1603.16 1646.99
CITY 427 79.45 67.13 3678.60 3708.22
CITY 428 18.03 45.88 2322.69 2345.12
CITY 429 11.01 78.11 3307.75 3346.42
CITY 430 79.85 30.39 1139.39 1170.29
CITY 431 60.55 14.18 1735.93 1766.08
CITY 432 82.27 60.00 1990.95 2025.91
CITY 433 23.63 44.61 3004.32 3027.81
CITY 434 75.52 50.10 1823.05 1847.29
CITY 435 42.57 58.47 1759.48 1783.51
CITY 436 40.17 82.92 4054.90 4088.11
CITY 437 21.88 2.53 1595.57 1621.80
CITY 438 9.84 54.45 3740.60 3774.93
CITY 439 28.65 99.28 728.18 752.38
CITY 440 68.74 92.76 3342.65 3371.32
CITY 441 38.08 6.88 1304.35 1336.08
CITY 442 38.13 49.42 899.04 925.60
CITY 443 29.69 68.00 314.40 348.12
CITY 444 77.91 68.42 764.37 804.50
CITY 445 37.46 29.55 995.49 1033.52
CITY 446 99.03 73.71 909.65 957.34
CITY 447 26.19 2.72 1098.61 1128.00
CITY 448 53.86 56.54 2603.95 2651.02
CITY 449 92.70 21.65 2419.80 2463.18
CITY 450 23.13 2.83 2376.24 2410.83
CITY 451 60.34 64.07 1762.87 1789.68
CITY 452 84.29 76.55 2531.51 2556.94
CITY 453 95.21 77.95 3103.50 3151.94
CITY 454 11.36 64.38 2118.41 2140.14
CITY 455 32.98 22.31 282.78 330.01
CITY 456 4.99 74.28 3009.75 3047.12
CITY 457 8.20 45.17 563.16 587.87
CITY 458 47.98 51.86 89.65 125.75
CITY 459 44.64 58.34 4341.28 4373.29
CITY 460 5.34 82.74 1469.18 1502.63
CITY 461 61.28 79.01 3192.32 3232.00
CITY 462 83.26 47.71 1250.53 1288.96
CITY 463 62.43 5.69 707.80 753.85
CITY 464 10.65 12.42 1225.51 1271.12
CITY 465 79.05 98.78 1562.60 1604.74
CITY 466 55.29 53.45 447.80 496.02
CITY 467 96.79 43.27 2162.15 2201.10
CITY 468 68.47 95.76 3101.82 3134.02
CITY 469 24.33 99.32 878.51 901.33
CITY 470 59.64 98.11 1609.04 1639.61
CITY 471 81.80 74.48 3306.96 3330.06
CITY 472 59.67 60.88 956.66 1004.08
CITY 473 50.71 8.87 3684.00 3710.34
CITY 474 85.29 71.05 2845.91 2892.52
CITY 475 5.36 53.04 4160.66 4201.60
CITY 476 11.38 20.72 3614.28 3649.27
CITY 477 42.60 49.38 827.63 868.12
CITY 478 17.17 38.90 3522.87 3563.60
CITY 479 42.16 12.05 3676.97 3699.28
CITY 480 61.39 52.69 1175.47 1196.57
CITY 481 84.79 31.05 2643.01 2664.69
CITY 482 47.62 16.33 1568.36 1597.23
CITY 483 51.59 33.29 987.34 1028.19
CITY 484 90.38 82.03 1029.10 1067.03
CITY 485 58.60 75.85 542.88 577.33
CITY 486 27.85 73.25 2650.49 2675.12
CITY 487 91.08 77.72 3915.78 3938.95
CITY 488 80.87 6.97 2634.87 2677.07
CITY 489 32.27 88.06 293.12 335.29
CITY 490 98.15 94.87 1115.33 1150.13
CITY 491 42.10 17.95 4104.91 4149.47
CITY 492 99.15 70.67 1781.53 1802.65
CITY 493 69.62 39.52 2508.66 2536.49
CITY 494 25.82 82.48 3175.41 3212.06
CITY 495 31.83 9.38 1710.40 1753.68
CITY 496 60.31 0.87 3388.26 3422.37
CITY 497 39.99 66.15 1482.39 1531.13
CITY 498 4.61 58.71 3054.40 3083.58
CITY 499 88.19 57.93 2040.53 2079.42
