NUM_CLIENTS 150
NUM_VEHICLES 75
CITY 0 0.0 0.0 0.0 8574
CITY 1 78.56 58.86 6133.12 6165.98
CITY 2 68.07 99.45 3871.73 3912.73
CITY 3 40.27 93.82 2018.88 2051.03
CITY 4 77.99 14.65 6756.53 6787.48
CITY 5 0.23 54.06 728.18 773.40
CITY 6 18.04 62.92 2801.66 2826.44
CITY 7 99.22 67.87 5625.45 5645.90
CITY 8 33.51 98.89 7988.12 8028.72
CITY 9 40.49 15.03 630.35 669.89
CITY 10 93.71 7.28 4868.24 4898.07
CITY 11 39.79 45.67 5068.77 5089.96
CITY 12 59.06 77.26 2296.16 2329.06
CITY 13 60.90 28.88 4664.83 4685.31
CITY 14 15.83 89.22 331.73 361.65
CITY 15 3.39 60.52 6222.13 6262.00
CITY 16 54.23 97.50 5103.27 5144.01
CITY 17 50.74 29.19 1116.72 1163.19
CITY 18 33.77 73.54 4370.92 4409.80
CITY 19 64.73 28.36 3857.17 3893.54
CITY 20 45.79 81.03 7782.59 7823.45
CITY 21 44.14 35.69 1534.37 1581.22
CITY 22 40.17 39.05 1678.65 1721.72
CITY 23 65.67 2.62 5251.07 5279.32
CITY 24 78.02 96.35 550.48 589.31
CITY 25 97.34 49.49 4541.13 4572.66
CITY 26 14.99 62.36 7803.02 7838.19
CITY 27 71.85 15.39 7111.43 7141.03
CITY 28 57.68 49.39 6393.49 6437.21
CITY 29 53.21 68.16 15.57 54.88
CITY 30 68.23 79.24 3148.95 3189.81
CITY 31 88.30 66.36 7398.34 7441.01
CITY 32 39.02 72.77 2835.60 2869.30
CITY 33 3.83 67.30 1439.67 1486.66
CITY 34 17.59 74.65 7268.03 7296.08
CITY 35 18.26 52.36 3932.28 3964.10
CITY 36 14.04 82.65 5215.35 5240.92
CITY 37 24.66 95.16 5829.54 5871.72
CITY 38 84.67 78.95 7079.25 7105.91
CITY 39 94.06 54.62 7685.52 7722.70
CITY 40 10.31 40.49 2229.84 2270.38
CITY 41 91.60 18.66 6493.40 6535.07
CITY 42 93.22 17.79 8055.94 8087.61
CITY 43 96.86 17.19 8064.80 8091.44
CITY 44 69.46 34.33 5185.98 5226.57
CITY 45 10.22 86.05 8009.58 8032.77
CITY 46 71.06 36.92 228.46 267.84
CITY 47 51.89 95.63 8094.70 8131.46
CITY 48 1.56 32.04 4162.86 4203.26
CITY 49 82.49 22.42 1663.07 1701.92
CITY 50 12.00 67.54 4371.81 4409.12
CITY 51 92.63 11.32 4107.08 4141.61
CITY 52 4.69 52.15 6009.70 6047.16
CITY 53 26.91 3.77 7149.52 7175.83
CITY 54 30.76 32.52 3872.60 3902.41
CITY 55 32.78 10.72 6216.13 6247.11
CITY 56 88.61 81.75 4061.43 4106.81
CITY 57 52.45 23.81 3639.09 3684.64
CITY 58 4.58 95.98 2272.63 2318.03
CITY 59 69.71 64.33 938.92 987.43
CITY 60 79.25 3.52 3022.76 3056.46
CITY 61 61.57 94.80 1048.82 1086.58
CITY 62 47.29 6.01 6246.52 6270.47
CITY 63 47.80 27.17 1114.91 1160.25
CITY 64 52.68 85.65 2975.56 3000.45
CITY 65 13.68 33.09 6898.66 6942.94
CITY 66 42.82 5.84 2772.41 2815.60
CITY 67 50.64 79.23 3839.42 3872.69
CITY 68 29.87 16.76 4204.95 4235.09
CITY 69 33.73 74.08 5708.55 5744.79
CITY 70 33.95 58.83 8222.05 8265.95
CITY 71 31.73 71.27 5234.60 5259.93
CITY 72 12.89 95.80 7761.88 7810.91
CITY 73 81.24 42.81 2839.16 2863.24
CITY 74 85.10 88.25 375.04 419.09
CITY 75 37.25 22.96 5521.45 5548.42
CITY 76 95.85 13.11 7479.94 7526.44
CITY 77 82.71 79.93 7404.28 7426.36
CITY 78 0.56 33.99 297.68 323.80
CITY 79 63.30 55.55 1560.82 1583.83
CITY 80 30.33 85.11 4478.08 4509.57
CITY 81 58.64 99.51 4187.22 4222.21
CITY 82 85.03 99.05 1900.84 1934.31
CITY 83 63.73 44.11 8093.68 8132.98
CITY 84 14.97 0.64 3128.63 3164.09
CITY 85 73.87 16.77 3150.26 3176.53
CITY 86 95.87 52.58 6867.05 6892.23
CITY 87 54.34 81.64 6285.21 6310.92
CITY 88 6.29 20.02 1229.31 1274.55
CITY 89 0.71 30.49 798.43 829.75
CITY 90 0.81 8.99 2093.79 2121.66
CITY 91 16.02 71.75 3953.57 3974.29
CITY 92 16.51 47.17 4426.05 4448.67
CITY 93 45.60 78.69 7671.34 7705.74
CITY 94 32.08 74.68 3102.18 3141.01
CITY 95 48.38 37.89 7355.35 7403.61
CITY 96 32.54 61.86 4360.04 4403.31
CITY 97 66.98 45.36 7669.63 7706.25
CITY 98 72.96 39.25 4687.37 4712.82
CITY 99 43.95 12.09 4001.13 4023.03
CITY 100 68.75 19.83 6712.32 6754.17
CITY 101 92.58 65.54 8239.80 8288.51
CITY 102 92.61 32.58 1479.04 1516.34
CITY 103 56.69 61.48 6318.83 6365.27
CITY 104 95.53 73.28 6816.12 6855.83
CITY 105 58.52 64.04 2021.62 2058.14
CITY 106 23.65 16.66 5572.36 5613.44
CITY 107 24.45 57.76 7625.96 7652.05
CITY 108 55.59 30.81 3567.79 3602.46
CITY 109 64.46 73.71 7523.66 7550.22
CITY 110 80.82 28.98 8029.32 8066.45
CITY 111 26.10 25.39 6912.84 6956.09
CITY 112 61.12 72.50 1546.44 1579.85
CITY 113 82.49 86.06 3745.91 3771.51
CITY 114 17.43 6.99 482.00 509.39
CITY 115 90.11 46.85 4496.88 4531.81
CITY 116 11.25 49.03 7633.29 7663.09
CITY 117 57.96 55.83 7800.15 7827.44
CITY 118 14.92 81.23 6418.90 6441.86
CITY 119 79.32 39.71 6741.05 6786.94
CITY 120 54.80 17.33 7531.02 7558.98
CITY 121 55.42 60.66 8010.83 8057.38
CITY 122 51.86 50.59 4853.80 4884.28
CITY 123 21.06 74.00 6011.97 6043.13
CITY 124 51.43 18.47 5437.05 5468.88
CITY 125 6.09 83.79 6400.67 6450.59
CITY 126 76.86 20.20 2378.00 2407.06
CITY 127 92.25 64.54 6946.12 6991.78
CITY 128 57.39 10.95 575.40 620.46
CITY 129 16.30 21.01 6207.83 6254.79
CITY 130 86.76 2.28 1280.42 1317.74
CITY 131 77.92 72.98 5006.69 5037.14
CITY 132 2.40 30.28 4079.43 4119.04
CITY 133 73.49 19.29 5221.25 5247.14
CITY 134 0.49 41.56 4012.40 4038.72
CITY 135 59.35 9.29 8246.57 8270.92
CITY 136 4.84 15.09 1302.32 1328.54
CITY 137 11.81 68.68 5973.22 6007.03
CITY 138 46.66 66.02 465.53 503.70
CITY 139 74.60 8.92 969.61 1001.69
CITY 140 12.95 18.07 1039.83 1081.48
CITY 141 44.65 72.30 5643.86 5691.63
CITY 142 76.00 93.24 1695.36 1734.05
CITY 143 72.97 3.70 4879.02 4911.96
CITY 144 33.73 53.61 5632.11 5665.77
CITY 145 87.69 81.13 6622.39 6645.50
CITY 146 76.44 28.20 865.31 893.84
CITY 147 78.98 68.30 5334.22 5358.43
CITY 148 33.72 0.87 5671.16 5720.62
CITY 149 15.01 28.67 1106.67 1151.87
CITY 150 59.14 70.06 3132.32 3181.35
