NUM_CLIENTS 50
NUM_VEHICLES 30
CITY 0 0.0 0.0 0.0 9596
CITY 1 75.82 69.06 6169.33 6204.05
CITY 2 79.29 9.31 2123.14 2163.90
CITY 3 30.62 58.16 4523.01 4558.94
CITY 4 42.55 74.59 3164.43 3205.51
CITY 5 27.09 25.14 1160.57 1186.35
CITY 6 11.96 53.59 7278.24 7303.79
CITY 7 21.64 48.42 6919.64 6968.94
CITY 8 52.46 28.30 968.62 994.44
CITY 9 22.75 17.94 144.92 180.94
CITY 10 27.43 97.43 5286.83 5327.75
CITY 11 12.63 86.85 4691.02 4737.20
CITY 12 57.41 46.94 4210.31 4235.84
CITY 13 5.14 94.11 4565.63 4610.29
CITY 14 40.07 7.41 6012.39 6034.00
CITY 15 14.92 56.28 2907.38 2957.19
CITY 16 11.85 76.44 5791.85 5835.57
CITY 17 22.57 52.26 4306.11 4339.39
CITY 18 86.02 99.00 2922.11 2960.74
CITY 19 60.96 74.01 9046.22 9072.45
CITY 20 21.10 66.04 1507.70 1532.91
CITY 21 7.51 0.27 4306.00 4343.82
CITY 22 29.13 23.15 6751.53 6792.62
CITY 23 45.40 68.74 8820.42 8864.05
CITY 24 62.51 66.12 8913.46 8946.22
CITY 25 54.46 64.76 8672.61 8717.41
CITY 26 7.14 16.59 2943.39 2985.85
CITY 27 56.92 28.86 1195.84 1236.50
CITY 28 69.97 94.27 4782.50 4817.32
CITY 29 8.04 3.99 4129.83 4159.49
CITY 30 25.04 9.13 9182.78 9227.86
CITY 31 57.52 95.08 9541.92 9582.09
CITY 32 26.95 4.02 7221.78 7255.89
CITY 33 65.15 91.61 1740.68 1778.24
CITY 34 63.48 49.17 880.09 910.53
CITY 35 33.33 67.01 8189.34 8219.24
CITY 36 69.37 28.82 9023.37 9067.77
CITY 37 55.01 45.48 3009.24 3038.93
CITY 38 97.02 40.42 4917.19 4966.83
CITY 39 65.77 54.26 3950.73 3976.36
CITY 40 36.18 75.64 5973.90 6016.70
CITY 41 20.36 54.92 8856.29 8889.43
CITY 42 69.83 12.14 9289.93 9328.19
CITY 43 23.93 15.84 5262.80 5299.37
CITY 44 9.32 99.23 8715.70 8749.54
CITY 45 11.75 83.21 4762.51 4804.01
CITY 46 50.89 27.34 7969.93 8019.33
CITY 47 24.37 55.13 3667.88 3715.53
CITY 48 50.82 87.93 8249.36 8277.65
CITY 49 79.00 41.49 8918.99 8954.22
CITY 50 82.05 28.28 2857.03 2894.64
