NUM_CLIENTS 60
NUM_VEHICLES 50
CITY 0 0.0 0.0 0.0 4453
CITY 1 86.94 66.49 3685.66 3734.56
CITY 2 42.17 63.81 3810.68 3839.09
CITY 3 72.41 27.59 1115.59 1150.82
CITY 4 41.96 83.63 4328.70 4351.19
CITY 5 10.11 80.60 1076.38 1111.22
CITY 6 59.11 66.56 466.72 510.15
CITY 7 70.85 56.07 3688.75 3720.03
CITY 8 51.90 92.52 1690.71 1728.76
CITY 9 59.03 79.36 4201.24 4238.50
CITY 10 11.75 76.40 1594.56 1634.74
CITY 11 90.38 42.18 1739.72 1782.05
CITY 12 34.73 78.81 3753.86 3791.06
CITY 13 52.28 94.02 3582.21 3621.06
CITY 14 77.76 66.91 122.64 159.65
CITY 15 2.41 94.59 444.05 491.67
CITY 16 80.19 72.91 3741.55 3769.15
CITY 17 81.84 34.40 4286.94 4314.40
CITY 18 44.60 4.78 2022.89 2072.62
CITY 19 26.32 79.36 929.81 972.94
CITY 20 54.73 32.19 1773.00 1803.46
CITY 21 81.55 84.47 3773.25 3803.26
CITY 22 61.64 73.99 3683.58 3710.41
CITY 23 82.87 10.13 3181.49 3220.67
CITY 24 31.29 49.72 827.94 859.42
CITY 25 26.47 70.74 1550.16 1594.34
CITY 26 89.58 75.48 4224.24 4253.92
CITY 27 11.15 58.18 4002.49 4043.50
