NUM_CLIENTS 250
NUM_VEHICLES 230
CITY 0 0.0 0.0 0.0 5042
CITY 1 96.67 73.73 3078.35 3125.63
CITY 2 20.93 0.27 1164.98 1191.48
CITY 3 92.95 61.49 724.09 758.35
CITY 4 0.02 7.78 4841.75 4865.86
CITY 5 80.72 42.54 2359.95 2389.03
CITY 6 76.00 24.08 1969.15 2012.37
CITY 7 70.62 35.50 4188.15 4217.66
CITY 8 7.82 60.54 1075.65 1100.63
CITY 9 63.38 27.77 721.85 754.97
CITY 10 44.16 69.51 1258.19 1281.79
CITY 11 89.98 65.21 896.86 942.84
CITY 12 85.54 77.07 1733.73 1766.45
CITY 13 61.70 87.63 4596.46 4622.19
CITY 14 37.42 93.32 4969.27 4995.15
CITY 15 36.10 19.49 2930.39 2960.24
CITY 16 91.10 91.58 2514.92 2535.31
CITY 17 27.30 64.72 3206.82 3238.77
CITY 18 99.57 70.43 1375.93 1397.65
CITY 19 57.22 3.04 3587.22 3621.35
CITY 20 60.75 45.45 875.73 918.23
CITY 21 64.75 54.56 527.57 558.65
CITY 22 61.29 71.33 3525.50 3550.80
CITY 23 85.09 8.28 4165.31 4188.89
CITY 24 44.34 71.06 1575.53 1621.26
CITY 25 27.75 85.26 3273.73 3315.86
CITY 26 33.27 67.20 4492.14 4539.07
CITY 27 16.92 98.63 3607.68 3638.67
CITY 28 1.42 66.45 2084.40 2124.43
CITY 29 6.15 19.29 3802.76 3827.19
CITY 30 26.66 17.26 231.74 270.00
CITY 31 68.87 40.93 3175.06 3220.33
CITY 32 94.11 31.12 2802.71 2826.24
CITY 33 46.63 83.61 438.93 486.83
CITY 34 8.82 91.80 919.22 941.81
CITY 35 31.75 62.66 110.17 135.26
CITY 36 1.04 63.79 2303.46 2349.78
CITY 37 94.32 30.78 3402.20 3450.48
CITY 38 86.46 74.74 3687.27 3716.58
CITY 39 37.93 28.71 1399.80 1436.75
CITY 40 41.40 83.53 1369.09 1395.06
CITY 41 97.93 25.94 2200.08 2222.85
CITY 42 35.52 36.36 3857.95 3893.64
CITY 43 82.95 68.70 859.30 907.79
CITY 44 58.52 15.57 2843.32 2893.13
CITY 45 43.39 64.60 3407.81 3436.47
CITY 46 34.22 96.85 2758.13 2800.42
CITY 47 26.90 51.33 1059.82 1086.36
CITY 48 26.08 92.19 2585.84 2624.78
CITY 49 47.52 46.72 1619.14 1656.05
CITY 50 65.83 90.13 1616.06 1639.20
CITY 51 35.89 90.10 800.89 835.16
CITY 52 33.67 90.30 942.19 972.93
CITY 53 16.27 54.68 3756.69 3789.86
CITY 54 61.66 59.36 3469.99 3511.92
CITY 55 47.36 24.36 3613.84 3651.87
CITY 56 48.26 40.12 209.92 257.79
CITY 57 23.43 93.48 4627.75 4650.98
CITY 58 42.59 26.94 2887.05 2924.84
CITY 59 16.40 16.64 1507.50 1545.41
CITY 60 69.76 52.41 4750.34 4787.38
CITY 61 13.95 66.34 3938.65 3960.27
CITY 62 9.04 79.29 714.76 745.14
CITY 63 39.60 46.06 3291.19 3317.20
CITY 64 17.21 30.75 929.65 975.38
CITY 65 43.65 72.41 777.92 814.58
CITY 66 77.56 0.49 803.78 826.78
CITY 67 54.98 39.40 1068.63 1102.80
CITY 68 37.63 46.35 1219.34 1266.85
CITY 69 38.76 31.84 4669.48 4701.47
CITY 70 32.71 28.32 3371.60 3417.78
CITY 71 59.69 53.41 1738.09 1778.19
CITY 72 97.02 2.69 4422.00 4447.34
CITY 73 23.52 36.23 2508.25 2528.30
CITY 74 59.92 39.82 394.96 421.86
CITY 75 49.99 4.42 1514.25 1537.04
CITY 76 38.41 17.99 761.02 790.36
CITY 77 67.53 48.07 1310.40 1359.05
CITY 78 17.95 39.82 2587.43 2610.62
CITY 79 80.62 34.63 3660.17 3699.84
CITY 80 40.45 80.69 811.52 835.39
CITY 81 50.70 68.63 67.73 107.35
CITY 82 67.02 42.25 281.58 314.32
CITY 83 74.21 11.60 4031.10 4078.34
CITY 84 50.21 78.10 3557.30 3602.63
CITY 85 97.18 11.17 900.98 933.70
CITY 86 75.96 87.03 408.61 428.81
CITY 87 94.82 70.76 1294.54 1329.99
CITY 88 61.45 87.22 2176.61 2210.56
CITY 89 3.98 86.79 2302.97 2324.47
CITY 90 59.93 36.93 2130.85 2171.10
CITY 91 76.68 2.35 1341.37 1370.16
CITY 92 41.71 44.68 1493.06 1514.13
CITY 93 11.17 73.19 2656.78 2688.67
CITY 94 17.52 53.50 638.00 662.34
CITY 95 49.35 89.27 1730.71 1764.46
CITY 96 61.72 91.88 4511.64 4559.61
CITY 97 82.05 56.91 212.47 242.27
CITY 98 3.83 60.94 3616.02 3660.40
CITY 99 10.11 51.26 3623.94 3654.07
CITY 100 63.67 30.20 2006.48 2032.00
CITY 101 74.68 72.16 3710.06 3732.43
CITY 102 91.23 96.52 3963.94 4001.07
CITY 103 99.49 61.56 2696.08 2739.90
CITY 104 69.43 4.88 2866.36 2892.82
CITY 105 93.55 27.48 3441.92 3467.49
CITY 106 50.16 4.57 1996.18 2021.61
CITY 107 28.49 0.51 1041.95 1085.41
CITY 108 65.72 27.48 2313.88 2357.59
CITY 109 63.49 9.71 1130.08 1171.35
CITY 110 22.11 61.14 3637.71 3675.99
CITY 111 46.06 42.08 2975.44 3011.68
CITY 112 47.56 55.77 1718.58 1748.17
CITY 113 82.26 15.18 4266.40 4301.37
CITY 114 53.22 17.00 1953.29 1985.37
CITY 115 66.07 57.13 401.63 436.22
CITY 116 98.49 8.31 3736.59 3772.48
CITY 117 30.40 75.09 2259.37 2293.39
CITY 118 15.59 58.49 3120.09 3157.04
CITY 119 41.54 76.49 3753.42 3781.93
CITY 120 74.41 98.97 1879.67 1915.79
CITY 121 37.84 94.88 625.25 657.12
CITY 122 21.13 11.06 1451.54 1497.48
CITY 123 76.69 98.44 4886.86 4923.36
CITY 124 35.20 21.78 4496.09 4524.45
CITY 125 77.05 63.03 3319.22 3359.82
CITY 126 63.31 63.62 2512.48 2548.46
CITY 127 22.51 40.40 3780.52 3809.11
CITY 128 92.46 15.70 4360.99 4392.99
CITY 129 0.33 82.99 3810.94 3850.63
CITY 130 68.34 9.83 2900.35 2932.89
CITY 131 41.83 18.89 154.68 181.41
CITY 132 60.97 50.34 411.08 448.20
CITY 133 40.88 2.28 3048.09 3073.08
CITY 134 62.55 68.44 4752.10 4772.78
CITY 135 60.13 78.99 1949.69 1985.03
CITY 136 19.30 91.32 2290.60 2332.30
CITY 137 23.93 47.22 3561.13 3587.13
CITY 138 13.27 6.48 163.89 201.22
CITY 139 45.92 68.37 2220.28 2247.54
CITY 140 17.69 46.14 3205.35 3249.46
CITY 141 83.79 87.21 4538.03 4565.38
CITY 142 72.20 6.98 3739.57 3780.03
CITY 143 40.63 51.98 2352.58 2384.14
CITY 144 78.30 95.76 4410.88 4447.01
CITY 145 71.58 60.70 4938.24 4979.68
CITY 146 43.85 82.78 307.86 352.21
CITY 147 82.83 72.52 208.81 240.80
CITY 148 92.74 62.93 2202.31 2245.93
CITY 149 10.36 84.71 3786.06 3823.45
CITY 150 79.16 72.20 1835.73 1875.42
CITY 151 14.20 24.31 2414.27 2442.20
CITY 152 33.00 69.37 2292.96 2334.23
CITY 153 75.25 75.70 1716.05 1756.73
CITY 154 33.07 45.04 1294.97 1323.23
CITY 155 3.57 14.00 2609.50 2630.28
CITY 156 88.02 56.35 3566.17 3595.37
CITY 157 71.58 56.76 1528.22 1569.61
CITY 158 67.33 15.44 4021.50 4045.36
CITY 159 60.74 85.91 1291.90 1318.73
CITY 160 85.09 58.32 749.15 769.51
CITY 161 36.42 50.86 4345.50 4381.00
CITY 162 47.70 90.00 4854.51 4893.83
CITY 163 58.71 50.11 2617.27 2648.61
CITY 164 92.61 64.84 4348.24 4382.70
CITY 165 48.40 37.99 3341.69 3363.63
CITY 166 22.48 20.64 757.74 796.00
CITY 167 72.88 11.96 991.17 1026.13
CITY 168 56.94 63.86 70.78 113.17
CITY 169 81.89 78.77 4484.51 4526.75
CITY 170 36.36 3.28 3130.73 3179.30
CITY 171 50.74 27.15 4800.97 4846.37
CITY 172 53.77 7.94 3985.23 4018.63
CITY 173 52.29 24.47 3982.00 4007.48
CITY 174 93.63 85.75 1147.59 1189.11
CITY 175 17.74 97.94 1334.03 1362.36
CITY 176 74.31 73.33 4580.82 4628.00
CITY 177 13.25 30.28 1044.92 1072.24
CITY 178 76.17 47.73 499.58 546.03
CITY 179 5.11 79.00 373.96 408.31
CITY 180 44.19 47.60 507.58 545.26
CITY 181 59.83 30.00 57.84 90.73
CITY 182 90.50 72.00 2215.24 2254.52
CITY 183 58.89 63.49 3774.12 3823.88
CITY 184 25.17 40.72 1358.84 1397.78
CITY 185 32.86 48.33 1423.67 1463.03
CITY 186 26.42 53.22 1709.57 1749.91
CITY 187 50.31 62.59 565.34 608.04
CITY 188 18.22 0.65 4460.76 4496.04
CITY 189 49.58 17.88 3798.50 3838.69
CITY 190 9.46 86.20 1715.99 1756.60
CITY 191 82.26 19.36 551.60 578.56
CITY 192 30.72 30.54 3828.31 3862.46
CITY 193 68.47 92.76 1057.67 1097.83
CITY 194 32.38 19.19 1984.07 2009.22
CITY 195 15.79 66.26 1632.54 1668.04
CITY 196 47.38 59.52 2087.04 2128.84
CITY 197 22.87 26.29 4664.83 4709.87
CITY 198 37.08 30.62 3630.47 3675.34
CITY 199 31.53 30.80 2816.29 2859.17
CITY 200 0.57 94.00 285.54 317.81
CITY 201 64.58 13.99 2286.22 2314.45
CITY 202 81.85 20.22 3308.36 3336.03
CITY 203 83.26 2.37 2139.80 2171.27
CITY 204 55.81 73.90 3983.02 4021.55
CITY 205 44.01 27.40 380.79 405.61
CITY 206 72.28 94.15 2964.03 3012.59
CITY 207 94.67 78.12 1953.29 2002.09
CITY 208 70.65 24.98 4926.88 4964.46
CITY 209 5.93 5.61 1717.29 1753.43
CITY 210 43.81 28.42 2360.71 2407.14
CITY 211 7.40 97.72 3659.06 3703.79
CITY 212 87.40 58.98 2870.11 2906.96
CITY 213 43.83 32.78 2733.09 2772.91
CITY 214 55.67 81.73 3445.44 3469.65
CITY 215 76.99 87.07 3493.67 3535.84
CITY 216 95.72 36.12 3859.61 3902.02
CITY 217 21.48 32.13 1144.31 1175.18
CITY 218 19.90 97.14 1300.47 1338.58
CITY 219 93.27 14.03 3209.64 3242.46
CITY 220 80.61 79.81 4153.40 4175.21
CITY 221 98.96 37.35 2828.39 2878.26
CITY 222 95.98 87.31 1639.46 1675.63
CITY 223 28.26 33.38 344.34 366.61
CITY 224 9.21 55.83 569.65 594.40
CITY 225 51.35 85.15 2869.30 2903.35
CITY 226 65.02 19.09 374.10 414.62
CITY 227 81.78 46.57 4440.77 4490.60
CITY 228 15.22 33.04 915.10 952.36
CITY 229 45.40 78.11 3693.98 3742.44
CITY 230 88.94 40.15 1473.78 1512.49
CITY 231 38.99 0.85 1616.12 1640.63
CITY 232 85.56 58.44 3835.07 3871.05
CITY 233 65.36 20.03 4102.84 4150.60
CITY 234 89.32 71.49 2883.90 2909.56
CITY 235 14.83 30.85 512.67 548.67
CITY 236 94.45 3.95 644.33 674.78
CITY 237 6.93 87.06 4635.62 4675.36
CITY 238 20.17 16.33 4947.18 4974.17
CITY 239 91.99 77.23 145.99 192.32
CITY 240 94.44 12.31 4733.00 4753.77
CITY 241 86.75 85.42 1049.17 1070.64
CITY 242 43.85 19.86 3851.04 3888.75
CITY 243 12.46 96.92 2534.40 2571.75
CITY 244 51.65 16.29 1054.42 1102.64
CITY 245 74.06 35.84 4968.87 5001.33
CITY 246 21.03 9.08 2535.43 2569.77
CITY 247 50.87 94.49 90.44 121.84

