NUM_CLIENTS 294
NUM_VEHICLES 29
CITY 0 0.0 0.0 0.0 7461
CITY 1 85.73 23.51 2948.26 2972.47
CITY 2 13.07 99.13 2830.89 2873.07
CITY 3 98.55 47.42 282.63 304.08
CITY 4 39.35 43.01 7110.05 7137.15
CITY 5 90.79 52.84 6562.78 6587.72
CITY 6 25.56 54.34 291.66 325.43
CITY 7 80.63 2.54 4896.47 4930.60
CITY 8 81.00 83.17 5335.88 5377.67
CITY 9 65.53 45.61 5445.97 5488.99
CITY 10 27.14 63.77 5024.71 5066.91
CITY 11 53.94 37.04 5605.28 5638.77
CITY 12 2.13 22.53 5421.17 5453.13
CITY 13 46.12 72.82 4692.87 4735.38
CITY 14 92.13 76.82 6904.58 6953.89
CITY 15 83.35 2.07 4321.42 4359.96
CITY 16 61.89 83.84 1611.48 1656.22
CITY 17 48.31 28.24 5307.99 5340.06
CITY 18 16.22 77.09 3987.47 4016.14
CITY 19 83.94 19.36 6499.28 6520.02
CITY 20 61.19 54.46 192.99 226.88
CITY 21 3.23 2.35 2909.92 2953.00
CITY 22 34.95 26.19 2573.23 2617.60
CITY 23 77.58 43.42 2153.74 2195.08
CITY 24 94.85 21.08 1033.85 1056.27
CITY 25 47.11 81.86 6078.47 6117.51
CITY 26 5.27 84.27 2586.13 2611.04
CITY 27 47.47 95.78 7276.46 7325.16
CITY 28 68.52 86.56 4032.20 4079.40
CITY 29 78.28 74.87 1913.78 1961.78
CITY 30 84.29 63.73 4726.26 4762.32
CITY 31 69.14 71.35 6525.70 6548.08
CITY 32 16.63 36.73 153.39 182.53
CITY 33 87.97 6.01 7274.44 7314.88
CITY 34 77.88 92.26 940.24 963.23
CITY 35 44.52 70.24 3828.02 3848.04
CITY 36 53.08 9.48 7293.25 7333.04
CITY 37 45.39 41.56 3178.65 3205.64
CITY 38 36.75 8.52 1128.26 1160.81
CITY 39 20.20 65.35 848.90 869.27
CITY 40 76.48 93.60 3958.45 3994.23
CITY 41 43.31 41.92 5470.62 5499.84
CITY 42 29.08 88.64 2593.24 2631.45
CITY 43 31.09 54.93 2487.75 2526.82
CITY 44 29.18 18.57 1277.62 1311.40
CITY 45 92.54 53.84 6185.21 6224.41
CITY 46 49.13 48.24 5583.41 5623.83
CITY 47 57.25 8.84 4642.91 4674.48
CITY 48 22.46 16.11 4951.08 4978.56
CITY 49 48.04 82.87 739.98 780.27
CITY 50 1.70 61.50 5280.21 5329.20
CITY 51 67.89 79.60 6008.23 6038.77
CITY 52 99.56 9.76 4520.12 4551.52
CITY 53 66.74 73.74 1043.72 1065.46
CITY 54 30.70 91.09 1118.67 1160.20
CITY 55 41.86 70.20 2678.32 2727.26
CITY 56 60.86 70.51 5089.12 5127.99
CITY 57 22.99 80.44 3743.48 3772.22
CITY 58 39.35 92.41 7322.58 7367.07
CITY 59 68.35 90.87 5738.46 5771.49
CITY 60 54.75 76.39 645.42 687.01
CITY 61 72.92 39.76 4903.41 4947.16
CITY 62 19.30 97.04 4266.42 4288.16
CITY 63 94.16 63.89 1596.81 1644.75
CITY 64 27.41 56.74 3019.33 3048.98
CITY 65 52.74 69.24 6913.15 6948.12
CITY 66 61.55 91.91 7158.69 7186.16
CITY 67 48.72 29.48 5197.20 5220.02
CITY 68 42.44 38.76 699.14 735.24
CITY 69 74.52 24.14 4574.32 4602.90
CITY 70 30.14 60.27 1489.90 1521.62
CITY 71 23.63 30.18 3579.65 3617.77
CITY 72 94.99 17.22 6288.50 6311.62
CITY 73 67.20 56.02 4366.80 4403.49
CITY 74 34.84 52.62 1144.00 1168.19
CITY 75 47.68 20.57 756.50 804.24
CITY 76 33.76 9.62 4968.36 5016.89
CITY 77 56.04 46.50 7283.56 7310.24
CITY 78 0.70 79.75 4616.14 4665.38
CITY 79 74.23 26.12 7316.97 7349.73
CITY 80 71.50 84.98 956.44 988.47
CITY 81 61.09 51.60 2453.58 2496.45
CITY 82 41.22 17.80 3532.56 3554.72
CITY 83 10.43 37.16 4869.40 4908.27
CITY 84 29.71 26.06 3366.65 3408.01
CITY 85 83.40 0.71 170.52 214.69
CITY 86 43.96 68.30 5256.07 5304.72
CITY 87 48.47 41.95 3962.52 3998.05
CITY 88 11.50 54.56 1850.71 1876.08
CITY 89 43.57 49.54 5728.89 5754.78
CITY 90 60.66 54.07 4722.33 4768.54
CITY 91 12.75 25.61 939.70 984.48
CITY 92 80.35 54.11 879.66 925.84
CITY 93 66.34 88.00 5980.13 6009.40
CITY 94 48.72 70.02 2614.94 2647.17
CITY 95 80.74 9.87 4778.09 4815.45
CITY 96 10.92 65.41 2170.69 2213.97
CITY 97 86.44 56.82 4894.64 4941.24
CITY 98 62.94 82.83 3753.26 3792.83
CITY 99 94.07 31.34 1855.72 1892.52
CITY 100 89.52 0.82 734.07 767.84
CITY 101 7.35 88.66 7260.16 7301.08
CITY 102 91.45 38.52 3719.59 3749.74
CITY 103 82.76 60.16 6173.84 6196.73
CITY 104 45.09 27.14 4223.69 4272.01
CITY 105 1.40 52.62 4869.16 4890.03
CITY 106 80.21 87.80 3986.08 4028.09
CITY 107 16.66 63.52 6389.87 6417.71
CITY 108 9.69 61.77 2883.33 2920.01
CITY 109 29.54 15.46 4187.55 4221.49
CITY 110 25.18 12.67 3082.73 3112.30
CITY 111 45.27 12.95 105.65 130.70
CITY 112 55.01 38.48 3111.00 3160.72
CITY 113 4.37 1.34 60.40 97.79
CITY 114 2.57 86.88 6395.75 6438.80
CITY 115 51.15 0.69 1833.70 1853.71
CITY 116 92.77 45.61 1139.64 1188.80
CITY 117 86.53 73.62 4666.18 4709.76
CITY 118 65.56 62.71 378.82 421.49
CITY 119 19.06 45.43 455.14 500.90
CITY 120 6.25 76.36 4232.45 4257.55
CITY 121 16.63 87.31 4374.84 4406.20
CITY 122 64.75 16.73 2714.49 2736.56
CITY 123 85.12 69.68 7229.72 7279.48
CITY 124 5.95 0.26 5770.19 5817.03
CITY 125 45.43 13.41 4914.63 4959.58
CITY 126 69.45 30.83 6088.18 6112.82
CITY 127 55.86 21.67 3986.66 4032.22
CITY 128 30.64 16.75 6536.69 6562.70
CITY 129 58.26 89.57 6077.28 6111.90
CITY 130 65.50 61.58 2602.35 2625.01
CITY 131 60.94 77.12 5532.12 5580.32
CITY 132 35.95 84.92 3736.27 3769.94
CITY 133 96.64 89.22 4813.14 4841.02
CITY 134 65.48 64.76 6047.68 6070.60
CITY 135 43.47 66.26 198.20 227.84
CITY 136 91.03 48.82 1541.16 1582.11
CITY 137 14.96 40.94 2014.86 2052.41
CITY 138 66.92 5.71 5850.94 5891.23
CITY 139 82.38 60.97 477.89 511.93
CITY 140 32.77 65.86 4832.58 4858.20
CITY 141 59.58 91.64 4558.79 4600.71
CITY 142 9.59 32.83 1951.01 1987.26
CITY 143 80.96 56.24 4565.00 4588.63
CITY 144 62.63 51.33 2498.89 2534.38
CITY 145 53.60 48.36 4349.55 4370.84
CITY 146 4.41 86.87 3119.20 3155.78
CITY 147 77.99 97.02 2568.61 2604.82
CITY 148 2.21 88.53 4867.44 4917.06
CITY 149 82.82 55.74 4906.11 4936.77
CITY 150 80.22 8.03 6695.41 6723.97
CITY 151 21.03 76.27 4923.76 4953.41
CITY 152 32.15 14.69 6726.47 6750.33
CITY 153 34.38 81.93 5169.17 5200.38
CITY 154 63.63 50.02 5204.02 5240.44
CITY 155 42.43 59.98 98.29 121.41
CITY 156 69.46 56.21 946.49 972.82
CITY 157 85.72 27.32 1387.58 1426.20
CITY 158 98.12 28.54 3583.19 3604.31
CITY 159 13.54 91.12 860.34 901.12
CITY 160 39.31 65.09 6700.64 6729.88
CITY 161 26.93 42.50 4605.89 4636.67
CITY 162 96.18 68.91 6651.67 6696.80
CITY 163 53.27 48.44 3394.82 3422.11
CITY 164 89.79 5.44 5085.41 5111.79
CITY 165 43.95 66.94 4470.45 4518.79
CITY 166 9.45 78.44 420.84 462.33
CITY 167 82.95 24.98 4750.04 4779.26
CITY 168 77.03 8.05 106.41 134.34
CITY 169 77.49 4.56 1141.16 1167.00
CITY 170 31.60 86.79 3533.07 3563.39
CITY 171 24.92 98.41 6122.46 6172.24
CITY 172 77.46 75.09 6897.87 6943.34
CITY 173 37.81 95.75 2667.36 2698.08
CITY 174 13.88 50.89 4131.25 4179.47
CITY 175 87.68 36.01 5370.88 5403.67
CITY 176 38.45 98.58 3712.64 3748.40
CITY 177 65.78 30.99 7212.47 7246.66
CITY 178 22.42 5.13 1302.50 1333.07
CITY 179 40.52 26.50 6288.31 6315.47
CITY 180 44.47 50.97 1009.61 1037.58
CITY 181 62.67 50.87 2133.09 2153.27
CITY 182 81.83 68.94 2307.55 2328.61
CITY 183 66.64 38.56 5670.53 5705.00
CITY 184 42.74 90.95 4807.96 4853.54
CITY 185 52.26 59.05 4804.79 4830.73
CITY 186 64.49 85.55 2697.40 2735.90
CITY 187 32.57 27.94 1320.38 1356.11
CITY 188 10.32 19.10 6555.05 6594.48
CITY 189 28.88 61.60 4554.39 4599.80
CITY 190 89.04 71.88 600.15 620.32
CITY 191 10.79 69.35 3271.86 3315.37
CITY 192 29.45 81.79 2808.91 2853.80
CITY 193 54.55 97.21 6418.43 6454.03
CITY 194 60.36 43.85 7372.24 7398.94
CITY 195 41.56 76.97 3485.61 3535.57
CITY 196 20.55 63.59 5747.60 5779.31
CITY 197 94.85 53.32 1572.87 1608.04
CITY 198 8.15 63.19 672.04 719.72
CITY 199 66.53 80.52 2839.15 2888.18
CITY 200 31.64 67.39 3999.47 4025.14
CITY 201 78.94 41.43 2357.20 2398.96
CITY 202 90.52 44.70 4182.66 4203.75
CITY 203 78.81 85.95 1435.63 1457.57
CITY 204 99.28 1.98 2360.81 2406.19
CITY 205 29.92 13.99 4655.72 4699.71
CITY 206 75.25 30.20 2490.17 2521.20
CITY 207 76.25 94.24 3138.26 3167.89
CITY 208 56.53 84.00 4745.88 4778.36
CITY 209 9.05 3.47 3842.08 3875.61
CITY 210 20.97 78.13 5150.08 5177.33
CITY 211 58.15 30.70 1267.65 1294.72
CITY 212 74.36 26.17 4320.62 4345.79
CITY 213 17.64 36.98 3826.54 3875.47
CITY 214 18.11 34.75 6200.75 6223.07
CITY 215 10.16 38.32 1327.60 1368.58
CITY 216 27.00 20.77 760.99 804.49
CITY 217 59.69 51.43 3050.77 3074.79
CITY 218 70.08 15.39 738.39 766.08
CITY 219 90.28 3.33 3888.28 3910.51
CITY 220 96.23 0.29 4678.73 4713.27
CITY 221 23.24 29.68 1540.29 1568.69
CITY 222 41.51 18.15 7409.23 7455.83
CITY 223 37.54 96.01 1820.43 1851.43
CITY 224 27.77 71.04 4730.57 4768.34
CITY 225 54.73 94.26 279.61 304.74
CITY 226 15.07 36.00 5351.17 5373.81
CITY 227 67.80 95.66 1687.95 1718.48
CITY 228 87.25 47.48 4814.34 4854.40
CITY 229 92.30 36.59 1950.86 1993.19
CITY 230 65.91 53.60 1255.96 1277.50
CITY 231 88.36 14.17 5353.87 5381.25
CITY 232 28.73 47.06 6501.27 6528.97
CITY 233 89.16 92.76 6913.01 6957.09
CITY 234 89.66 4.55 3005.95 3028.25
CITY 235 11.59 22.57 126.02 154.01
CITY 236 65.60 91.27 1002.00 1032.91
CITY 237 63.46 19.63 381.69 416.45
CITY 238 75.20 41.88 5889.59 5938.99
CITY 239 66.46 21.89 2712.30 2743.03
CITY 240 23.99 37.06 4111.73 4147.51
CITY 241 15.38 26.06 1555.54 1592.45
CITY 242 43.88 52.99 2886.94 2923.76
CITY 243 4.38 34.52 2664.79 2706.14
CITY 244 20.85 86.35 1500.27 1536.01
CITY 245 46.08 97.36 7184.61 7216.80
CITY 246 38.83 57.80 2141.34 2170.46
CITY 247 45.60 90.90 194.36 228.01
CITY 248 31.46 33.31 5035.09 5066.84
CITY 249 78.18 51.58 5671.85 5710.87
CITY 250 74.76 64.55 2394.31 2442.31
CITY 251 86.75 49.68 5848.20 5889.55
CITY 252 13.31 20.20 2145.29 2166.55
CITY 253 24.02 6.13 1771.81 1793.73
CITY 254 10.50 3.72 3183.66 3220.57
CITY 255 83.81 10.07 6282.63 6314.08
CITY 256 24.22 59.17 5645.51 5689.42
CITY 257 9.09 30.12 5326.59 5371.59
CITY 258 97.59 15.40 2948.80 2972.81
CITY 259 14.44 15.77 3047.09 3092.78
CITY 260 97.19 12.06 14.67 57.81
CITY 261 63.60 92.99 2208.08 2232.45
CITY 262 73.82 15.62 2128.76 2149.43
CITY 263 23.14 13.15 5205.92 5226.37
CITY 264 9.65 12.94 3901.35 3939.45
CITY 265 54.46 67.21 1962.12 1989.19
CITY 266 6.14 58.61 3618.85 3641.72
CITY 267 93.20 33.57 5624.45 5662.57
CITY 268 97.32 11.66 6973.61 7023.53
CITY 269 18.38 28.07 5458.31 5493.89
CITY 270 40.79 48.82 2785.43 2807.11
CITY 271 76.76 75.36 6656.90 6694.78
CITY 272 45.43 58.00 2689.46 2720.74
CITY 273 90.51 0.35 1402.30 1441.56
CITY 274 3.97 5.38 1822.99 1870.88
CITY 275 37.67 12.89 7028.70 7076.00
CITY 276 72.13 33.44 3482.30 3524.02
CITY 277 42.14 48.99 6910.91 6954.33
CITY 278 42.93 58.77 2160.15 2204.50
CITY 279 66.85 57.22 5244.72 5290.67
CITY 280 19.55 72.63 1351.06 1380.08
CITY 281 94.63 15.62 2070.36 2095.35
CITY 282 16.00 18.61 1190.31 1226.22
CITY 283 22.31 52.20 5827.77 5853.68
CITY 284 93.88 32.54 5349.78 5376.31
CITY 285 60.14 2.79 1071.24 1111.69
CITY 286 77.14 86.18 2158.59 2208.19
CITY 287 85.15 87.74 5094.61 5144.57
CITY 288 29.93 17.18 2507.84 2532.65
CITY 289 59.03 15.48 6010.12 6041.75
CITY 290 67.54 52.24 6107.73 6144.75
CITY 291 57.53 22.67 6480.79 6520.12
CITY 292 3.46 41.50 1158.10 1207.07
CITY 293 69.16 19.66 7073.47 7101.82
CITY 294 35.24 19.68 2534.61 2579.18
