NUM_CLIENTS 228
NUM_VEHICLES 22
CITY 0 0.0 0.0 0.0 1017
CITY 1 69.22 66.76 744.71 772.43
CITY 2 78.07 27.73 60.33 91.99
CITY 3 99.60 25.82 785.98 811.32
CITY 4 6.94 97.94 194.05 225.83
CITY 5 64.55 10.84 522.79 555.73
CITY 6 61.40 10.62 427.01 454.78
CITY 7 3.49 7.04 703.54 746.85
CITY 8 1.88 49.77 631.32 651.35
CITY 9 3.78 39.05 146.60 176.50
CITY 10 39.13 0.37 684.25 727.38
CITY 11 47.81 40.39 703.75 748.12
CITY 12 7.01 22.58 371.74 412.42
CITY 13 77.98 12.12 517.64 567.39
CITY 14 33.34 30.28 53.37 103.28
CITY 15 64.71 36.54 825.18 855.38
CITY 16 84.12 76.05 280.39 306.48
CITY 17 55.45 96.75 638.93 667.90
CITY 18 39.01 10.68 666.11 700.71
CITY 19 88.52 43.80 183.21 204.28
CITY 20 2.54 99.64 230.62 262.28
CITY 21 79.27 64.34 483.19 532.14
CITY 22 81.18 96.66 15.88 46.06
CITY 23 33.77 72.10 392.13 418.48
CITY 24 65.38 52.31 909.07 955.17
CITY 25 53.66 74.11 225.30 247.46
CITY 26 73.55 48.89 18.43 65.65
CITY 27 61.84 24.27 627.38 647.81
CITY 28 63.27 90.47 793.65 816.57
CITY 29 61.12 83.54 61.85 106.37
CITY 30 11.42 59.50 595.31 617.21
CITY 31 20.26 33.73 808.31 850.45
CITY 32 40.20 12.08 661.51 697.89
CITY 33 32.16 96.47 206.20 227.56
CITY 34 17.34 6.32 264.85 307.58
CITY 35 16.81 36.99 159.56 186.87
CITY 36 58.20 13.34 764.95 803.91
CITY 37 37.61 15.78 850.60 873.02
CITY 38 0.72 92.61 683.42 721.23
CITY 39 28.37 69.35 766.10 800.38
CITY 40 12.69 14.31 262.01 295.52
CITY 41 23.93 17.45 668.85 706.74
CITY 42 71.72 61.20 85.12 129.91
CITY 43 30.12 41.88 539.31 565.06
CITY 44 98.66 97.68 598.50 644.38
CITY 45 98.68 50.75 448.90 487.69
CITY 46 20.81 5.31 108.96 133.44
CITY 47 84.38 91.15 481.10 505.89
CITY 48 92.27 5.40 352.17 378.46
CITY 49 25.14 61.68 860.71 894.30
CITY 50 10.44 5.25 519.63 544.37
CITY 51 2.91 51.49 68.52 95.58
CITY 52 44.48 57.98 405.24 447.65
CITY 53 89.84 23.01 106.50 133.33
CITY 54 23.71 41.26 193.36 240.10
CITY 55 7.35 58.51 52.55 85.62
CITY 56 21.62 60.94 172.18 203.39
CITY 57 45.77 19.42 346.76 374.85
CITY 58 33.59 3.21 549.90 578.32
CITY 59 11.11 46.55 404.42 447.23
CITY 60 21.99 29.52 151.61 195.45
CITY 61 95.28 90.56 559.04 595.63
CITY 62 22.97 41.17 504.55 550.42
CITY 63 21.64 47.35 447.49 467.93
CITY 64 42.81 87.26 239.65 272.68
CITY 65 22.24 92.75 915.03 962.44
CITY 66 89.83 41.78 42.76 92.50
CITY 67 73.35 50.42 411.65 443.48
CITY 68 80.97 69.67 94.77 129.62
CITY 69 8.31 75.31 670.29 702.48
CITY 70 21.80 35.84 231.17 281.14
CITY 71 1.59 66.90 156.46 190.24
CITY 72 57.04 58.37 944.20 978.11
CITY 73 13.86 70.31 178.84 224.99
CITY 74 62.68 70.39 1.32 40.14
CITY 75 38.49 69.08 513.40 542.30
CITY 76 75.29 69.81 592.29 629.55
CITY 77 20.71 68.47 599.98 630.05
CITY 78 93.22 51.47 879.97 910.89
CITY 79 5.16 38.30 450.00 471.22
CITY 80 36.64 64.82 681.61 718.44
CITY 81 77.36 13.84 323.88 360.07
CITY 82 64.90 73.74 727.45 773.59
CITY 83 70.28 75.32 735.78 765.39
CITY 84 89.79 50.36 408.97 430.61
CITY 85 37.28 45.24 484.90 529.79
CITY 86 47.02 53.19 798.14 845.13
CITY 87 45.20 36.81 651.09 691.88
CITY 88 97.81 88.31 182.14 228.66
CITY 89 8.73 39.07 172.91 221.66
CITY 90 7.69 16.48 108.33 132.77
CITY 91 15.05 20.43 920.69 941.37
CITY 92 41.65 68.24 900.97 935.19
CITY 93 42.01 73.77 20.77 46.45
CITY 94 2.20 80.20 807.39 842.98
CITY 95 33.59 57.87 634.12 677.73
CITY 96 48.61 66.59 512.67 549.12
CITY 97 45.80 56.73 868.64 897.83
CITY 98 78.93 22.68 359.63 388.27
CITY 99 84.55 14.83 275.00 323.68
CITY 100 61.86 16.08 517.65 543.12
CITY 101 17.54 70.81 874.86 918.69
CITY 102 16.13 11.69 960.98 998.21
CITY 103 44.09 36.97 198.39 239.60
CITY 104 66.56 97.80 143.06 176.51
CITY 105 97.55 53.36 117.48 138.23
CITY 106 93.11 76.85 916.51 964.35
CITY 107 15.61 97.02 528.12 563.35
CITY 108 64.72 29.56 866.41 915.50
CITY 109 75.42 99.41 644.88 688.87
CITY 110 72.85 92.23 327.51 350.88
CITY 111 47.90 4.01 655.63 679.14
CITY 112 2.48 61.75 213.09 243.81
CITY 113 32.64 60.82 188.71 224.50
CITY 114 78.13 76.71 189.26 211.76
CITY 115 84.95 67.71 926.02 975.30
CITY 116 39.44 49.05 583.27 618.61
CITY 117 5.60 66.68 384.44 425.92
CITY 118 42.76 38.61 11.79 42.14
CITY 119 30.81 44.56 542.52 568.99
CITY 120 88.78 74.15 401.89 435.17
CITY 121 16.38 72.80 868.10 909.96
CITY 122 41.42 83.55 578.20 602.51
CITY 123 30.32 98.84 507.97 538.03
CITY 124 93.32 59.07 363.37 383.57
CITY 125 63.88 27.33 169.12 202.99
CITY 126 56.79 91.49 192.68 237.65
CITY 127 28.95 49.06 795.65 824.71
CITY 128 58.52 49.41 715.44 742.18
CITY 129 79.12 15.40 290.26 329.48
CITY 130 63.66 12.42 643.94 672.57
CITY 131 17.94 90.68 623.51 644.36
CITY 132 76.47 49.31 938.59 976.56
CITY 133 36.18 48.05 421.68 449.42
CITY 134 68.59 97.43 791.28 822.47
CITY 135 73.30 1.75 250.97 288.42
CITY 136 14.61 46.10 670.40 701.13
CITY 137 5.29 36.12 615.25 663.91
CITY 138 4.87 29.17 617.86 640.17
CITY 139 19.38 62.80 739.45 777.42
CITY 140 16.71 32.26 305.78 351.13
CITY 141 79.99 27.15 674.93 705.81
CITY 142 53.44 35.16 138.97 163.08
CITY 143 28.14 77.88 398.40 446.03
CITY 144 16.30 21.79 486.77 531.72
CITY 145 79.51 55.87 666.89 715.47
CITY 146 84.61 71.25 679.09 723.17
CITY 147 41.73 91.60 112.72 136.66
CITY 148 1.74 34.82 668.25 692.42
CITY 149 44.19 98.76 505.86 554.96
CITY 150 17.22 30.47 719.89 743.45
CITY 151 12.87 69.42 665.34 694.56
CITY 152 20.98 98.11 410.79 453.68
CITY 153 11.17 1.88 468.27 501.21
CITY 154 19.64 3.28 638.02 675.81
CITY 155 46.91 90.85 41.85 70.90
CITY 156 1.03 9.65 119.71 157.76
CITY 157 58.76 20.00 648.47 669.35
CITY 158 14.56 74.62 268.22 305.61
CITY 159 35.22 85.51 755.04 793.42
CITY 160 50.49 6.83 792.54 835.44
CITY 161 52.88 71.58 932.44 957.60
CITY 162 75.40 0.43 701.41 749.14
CITY 163 92.05 85.13 459.05 499.99
CITY 164 18.51 67.35 103.78 148.83
CITY 165 98.13 42.41 497.28 529.51
CITY 166 76.14 31.43 450.53 486.12
CITY 167 49.58 36.13 278.76 320.42
CITY 168 8.22 49.37 372.08 405.79
CITY 169 73.62 68.70 813.33 840.11
CITY 170 40.73 98.50 413.84 459.54
CITY 171 89.48 80.24 908.09 939.12
CITY 172 1.28 67.42 649.92 681.81
CITY 173 52.27 67.65 115.28 147.13
CITY 174 69.50 97.76 716.96 763.74
CITY 175 16.87 36.37 192.52 218.52
CITY 176 84.40 40.43 225.18 257.93
CITY 177 49.91 76.48 740.70 778.50
CITY 178 75.63 80.10 912.10 942.78
CITY 179 66.67 95.01 954.93 990.28
CITY 180 14.74 45.46 118.16 152.84
CITY 181 23.08 94.24 28.74 70.88
CITY 182 83.03 49.81 25.87 51.24
CITY 183 60.46 32.70 292.76 331.46
CITY 184 76.02 66.11 502.79 537.56
CITY 185 46.60 29.36 481.47 516.61
CITY 186 54.24 80.95 522.69 543.22
CITY 187 76.40 99.07 851.08 874.66
CITY 188 45.01 85.29 427.95 449.03
CITY 189 17.69 65.94 753.66 800.20
CITY 190 16.41 43.07 302.15 333.82
CITY 191 76.40 56.89 474.37 510.98
CITY 192 53.94 46.98 543.70 568.39
CITY 193 5.57 26.34 571.54 602.87
CITY 194 67.65 76.65 275.05 296.89
CITY 195 59.05 12.82 354.32 398.61
CITY 196 58.40 76.52 604.52 635.94
CITY 197 42.81 99.19 398.34 420.03
CITY 198 24.42 23.46 301.80 324.35
CITY 199 68.80 86.89 110.69 135.79
CITY 200 53.84 3.74 636.06 668.74
CITY 201 51.48 42.12 19.73 53.82
CITY 202 2.22 31.65 551.53 581.20
CITY 203 9.77 48.84 668.07 694.24
CITY 204 49.67 81.15 645.36 670.36
CITY 205 29.95 96.94 195.10 234.16
CITY 206 97.41 7.53 822.27 848.70
CITY 207 26.52 29.73 554.59 598.73
CITY 208 62.46 95.79 694.02 731.37
CITY 209 59.19 27.34 547.74 583.67
CITY 210 42.71 34.73 74.13 118.84
CITY 211 50.46 29.99 641.56 670.96
CITY 212 41.43 25.13 498.36 538.51
CITY 213 54.76 88.09 607.13 642.61
CITY 214 18.65 49.92 639.00 683.72
CITY 215 93.81 26.79 616.87 661.14
CITY 216 85.28 90.68 903.79 945.59
CITY 217 5.99 20.06 447.22 474.44
CITY 218 74.64 76.55 816.27 848.57
CITY 219 86.02 91.11 613.01 658.39
CITY 220 26.69 28.70 155.29 195.89
CITY 221 23.61 23.85 145.01 165.84
CITY 222 79.70 31.05 469.36 519.10
CITY 223 42.20 90.57 195.32 223.51
CITY 224 2.91 78.97 268.61 305.13
CITY 225 64.43 4.22 698.63 742.10
CITY 226 5.53 89.65 303.55 332.49
CITY 227 6.36 95.51 867.18 907.33
CITY 228 88.57 39.69 812.10 857.38
