NUM_CLIENTS 371
NUM_VEHICLES 37
CITY 0 0.0 0.0 0.0 9274
CITY 1 42.88 17.33 242.38 268.24
CITY 2 83.27 44.35 1152.19 1190.57
CITY 3 28.53 92.60 1522.09 1557.63
CITY 4 58.45 12.93 1080.60 1105.76
CITY 5 51.88 75.64 9021.66 9048.79
CITY 6 32.27 42.50 1231.49 1253.03
CITY 7 98.14 85.53 4692.39 4713.03
CITY 8 47.39 50.22 39.79 74.83
CITY 9 89.76 17.10 332.13 376.95
CITY 10 35.64 62.61 36.08 77.18
CITY 11 59.34 76.73 1803.57 1833.93
CITY 12 25.92 56.49 1951.61 1993.50
CITY 13 48.99 77.85 1205.61 1250.98
CITY 14 58.02 16.75 801.69 822.15
CITY 15 67.26 16.78 4420.08 4456.92
CITY 16 79.80 84.39 7725.33 7762.49
CITY 17 78.97 82.82 8303.96 8331.39
CITY 18 78.88 69.13 6818.34 6845.86
CITY 19 21.17 43.12 313.13 338.48
CITY 20 17.07 4.92 40.96 80.42
CITY 21 47.36 3.21 2148.98 2192.15
CITY 22 10.41 10.58 3202.20 3249.08
CITY 23 54.21 14.84 3516.43 3551.62
CITY 24 89.08 56.20 5400.96 5445.61
CITY 25 16.17 67.47 4993.45 5016.97
CITY 26 35.81 78.07 1294.03 1339.84
CITY 27 41.66 38.32 419.08 467.99
CITY 28 58.34 71.86 8916.88 8945.57
CITY 29 28.07 10.96 7187.85 7211.15
CITY 30 99.24 89.81 2164.97 2193.84
CITY 31 92.11 72.07 2288.51 2312.29
CITY 32 34.39 67.32 6115.80 6136.44
CITY 33 10.57 31.61 5311.25 5346.44
CITY 34 52.11 20.38 7010.92 7051.88
CITY 35 98.58 93.13 6343.46 6379.69
CITY 36 66.04 62.87 686.34 715.71
CITY 37 93.95 65.72 1698.44 1743.12
CITY 38 82.18 68.99 8277.00 8317.20
CITY 39 92.31 59.49 8277.29 8321.38
CITY 40 8.17 58.15 4052.26 4098.35
CITY 41 49.67 4.45 9084.58 9122.59
CITY 42 8.35 64.42 6867.92 6889.33
CITY 43 36.65 21.89 7515.41 7562.50
CITY 44 62.41 11.44 8610.07 8635.46
CITY 45 26.57 95.77 6948.43 6971.03
CITY 46 32.05 96.23 8586.92 8626.29
CITY 47 43.39 24.76 8572.01 8621.51
CITY 48 64.91 66.67 4999.13 5020.83
CITY 49 10.99 34.28 1344.64 1391.69
CITY 50 11.59 84.41 6427.58 6470.38
CITY 51 62.07 33.80 2368.63 2409.91
CITY 52 11.47 14.79 6548.72 6578.47
CITY 53 58.07 11.76 1893.58 1925.40
CITY 54 39.00 30.55 1106.73 1133.42
CITY 55 21.80 45.06 2433.85 2483.59
CITY 56 74.45 69.99 5228.36 5250.11
CITY 57 11.71 10.75 8274.85 8302.29
CITY 58 16.46 27.37 2503.19 2527.96
CITY 59 34.73 26.55 8483.24 8527.93
CITY 60 31.42 66.60 5606.85 5646.54
CITY 61 12.05 57.93 4617.40 4657.32
CITY 62 85.87 6.51 4152.03 4175.41
CITY 63 28.50 23.84 5341.71 5388.80
CITY 64 4.08 64.15 1969.47 2000.49
CITY 65 71.37 53.38 5483.48 5504.34
CITY 66 99.54 61.70 455.73 477.13
CITY 67 87.84 3.35 52.95 90.55
CITY 68 40.07 54.09 5560.95 5601.99
CITY 69 18.82 97.15 8256.91 8279.48
CITY 70 47.06 95.95 1553.74 1597.71
CITY 71 28.81 76.23 7711.02 7738.15
CITY 72 4.82 34.70 3106.39 3150.95
CITY 73 56.69 65.55 3972.18 3992.80
CITY 74 11.53 37.55 1017.03 1054.28
CITY 75 44.16 37.58 903.50 947.63
CITY 76 99.28 60.53 7652.72 7673.49
CITY 77 38.25 21.51 4600.84 4638.22
CITY 78 35.39 35.74 4916.24 4954.06
CITY 79 8.51 36.43 7768.79 7801.83
CITY 80 73.29 33.23 8157.58 8206.52
CITY 81 25.58 46.22 4704.64 4748.43
CITY 82 76.90 41.03 5057.57 5099.53
CITY 83 0.72 62.77 7354.59 7396.83
CITY 84 87.32 99.33 6503.29 6543.44
CITY 85 17.58 8.09 4283.17 4322.02
CITY 86 21.79 49.05 7162.54 7186.16
CITY 87 73.86 12.86 8899.49 8924.67
CITY 88 33.54 53.11 1051.28 1090.69
CITY 89 71.67 62.20 1073.03 1115.16
CITY 90 46.34 9.85 3344.65 3367.51
CITY 91 2.95 99.75 7929.50 7958.83
CITY 92 26.33 46.83 7224.14 7268.04
CITY 93 1.94 25.40 6073.57 6097.74
CITY 94 97.88 60.83 8132.77 8162.24
CITY 95 9.25 33.86 2751.14 2781.64
CITY 96 30.13 98.47 5240.87 5290.22
CITY 97 35.29 59.51 588.18 625.39
CITY 98 90.20 1.78 7794.82 7844.41
CITY 99 65.93 26.46 6389.58 6427.20
CITY 100 2.15 30.35 5948.32 5977.66
CITY 101 57.15 17.00 6858.41 6889.63
CITY 102 82.83 42.10 2270.61 2317.71
CITY 103 61.50 81.67 8770.87 8813.08
CITY 104 79.42 97.62 7321.65 7361.84
CITY 105 45.75 40.37 6853.76 6888.34
CITY 106 70.16 84.68 5942.69 5968.15
CITY 107 96.74 24.06 7727.54 7770.53
CITY 108 48.08 59.37 83.52 131.16
CITY 109 34.72 55.74 945.16 969.09
CITY 110 36.88 5.84 4361.10 4397.62
CITY 111 43.56 32.73 6231.81 6270.52
CITY 112 73.49 4.88 949.44 973.61
CITY 113 14.63 11.98 7161.77 7194.22
CITY 114 20.63 90.78 5959.98 5990.72
CITY 115 90.37 0.12 4253.30 4292.18
CITY 116 44.74 85.92 3166.71 3201.85
CITY 117 83.79 20.40 7314.32 7347.35
CITY 118 18.99 65.57 2397.86 2421.95
CITY 119 45.24 84.53 50.20 90.34
CITY 120 98.75 84.17 1180.78 1206.84
CITY 121 77.46 13.26 5790.42 5812.15
CITY 122 16.61 86.22 6309.80 6331.09
CITY 123 83.00 86.93 3680.90 3722.92
CITY 124 1.71 45.32 5022.86 5065.99
CITY 125 71.84 37.22 2144.11 2186.92
CITY 126 34.01 29.50 4677.38 4707.09
CITY 127 41.47 95.09 8655.74 8692.41
CITY 128 46.07 19.33 982.34 1017.61
CITY 129 54.29 93.33 2184.23 2215.59
CITY 130 56.27 11.08 1384.63 1425.74
CITY 131 93.46 41.50 3356.10 3391.72
CITY 132 75.17 37.82 1790.44 1828.78
CITY 133 71.87 20.75 1222.86 1245.74
CITY 134 75.82 55.21 7208.19 7229.58
CITY 135 0.31 51.19 8018.81 8041.32
CITY 136 70.08 89.79 7644.45 7674.54
CITY 137 26.29 81.25 6209.48 6256.41
CITY 138 94.79 75.34 926.37 949.48
CITY 139 54.61 96.27 6386.71 6415.42
CITY 140 85.49 7.80 5304.20 5326.38
CITY 141 90.15 26.62 6432.30 6462.56
CITY 142 36.57 47.34 4030.65 4062.29
CITY 143 58.19 71.13 1388.61 1414.65
CITY 144 45.13 10.33 4478.33 4520.82
CITY 145 4.32 30.51 3383.27 3432.41
CITY 146 69.20 12.21 9035.02 9068.35
CITY 147 38.06 97.95 7473.15 7514.78
CITY 148 17.27 99.44 436.37 460.28
CITY 149 29.26 17.83 2130.48 2179.27
CITY 150 9.16 99.13 2869.71 2919.35
CITY 151 66.21 19.26 7373.93 7422.61
CITY 152 35.56 8.45 5528.33 5566.93
CITY 153 62.69 15.99 603.61 625.67
CITY 154 13.35 98.87 1491.44 1534.00
CITY 155 0.87 79.35 5677.59 5718.04
CITY 156 21.23 5.55 7488.44 7521.31
CITY 157 25.67 4.75 8773.86 8814.81
CITY 158 11.66 77.31 4599.67 4642.45
CITY 159 69.34 99.88 693.28 715.61
CITY 160 61.26 11.47 8815.85 8858.83
CITY 161 39.24 4.81 3058.17 3097.62
CITY 162 4.68 58.54 7637.95 7684.90
CITY 163 53.48 40.05 3195.18 3215.81
CITY 164 54.83 59.72 1942.20 1982.77
CITY 165 18.16 45.94 6512.34 6548.22
CITY 166 82.60 90.58 6805.66 6825.91
CITY 167 34.05 21.45 2836.40 2872.27
CITY 168 54.44 92.87 4535.59 4585.51
CITY 169 59.86 72.51 4019.01 4052.89
CITY 170 79.44 31.45 1967.83 1998.41
CITY 171 59.61 16.42 5228.34 5256.03
CITY 172 23.60 7.29 8057.58 8100.72
CITY 173 34.25 23.65 4183.80 4221.26
CITY 174 68.04 87.12 607.00 629.28
CITY 175 3.41 50.93 6263.47 6297.43
CITY 176 68.07 12.05 1458.63 1483.53
CITY 177 64.29 26.66 2499.93 2537.12
CITY 178 28.96 45.41 7419.16 7463.06
CITY 179 53.59 52.53 7242.34 7274.20
CITY 180 61.93 87.20 2863.03 2912.15
CITY 181 8.04 26.25 1088.92 1119.96
CITY 182 14.04 74.29 858.30 882.28
CITY 183 71.79 47.96 2023.91 2067.59
CITY 184 8.53 23.43 4935.53 4968.75
CITY 185 78.58 66.31 1063.19 1106.17
CITY 186 21.16 60.11 2975.39 3006.40
CITY 187 92.38 63.75 1358.63 1388.69
CITY 188 57.11 11.18 1918.58 1943.77
CITY 189 96.38 82.41 7323.60 7356.84
CITY 190 86.07 21.77 8705.71 8754.59
CITY 191 46.09 2.64 7867.49 7905.84
CITY 192 21.39 40.03 3644.73 3666.26
CITY 193 47.89 96.86 8742.07 8778.97
CITY 194 81.67 8.72 6081.39 6120.61
CITY 195 95.19 54.90 1459.25 1507.29
CITY 196 56.44 8.39 7753.31 7779.64
CITY 197 91.82 32.05 4080.81 4119.48
CITY 198 30.34 63.86 2968.69 2989.02
CITY 199 3.68 50.94 3188.91 3229.45
CITY 200 26.51 13.31 8939.76 8969.77
CITY 201 76.96 63.46 1485.43 1519.52
CITY 202 93.84 75.35 8541.14 8581.39
CITY 203 87.55 17.72 2121.92 2157.08
CITY 204 12.31 90.08 2482.46 2513.33
CITY 205 86.85 98.64 768.21 813.58
CITY 206 26.85 60.25 3163.40 3202.91
CITY 207 6.97 25.96 6914.24 6941.56
CITY 208 26.16 32.43 3077.53 3097.63
CITY 209 12.51 14.23 677.00 715.51
CITY 210 68.67 52.12 8856.39 8885.30
CITY 211 10.01 7.89 8964.82 9013.61
CITY 212 87.60 24.50 5107.09 5142.71
CITY 213 71.25 2.38 5219.67 5244.23
CITY 214 92.24 15.15 365.11 406.63
CITY 215 92.27 87.70 7466.02 7498.82
CITY 216 91.56 59.21 420.87 464.83
CITY 217 81.74 40.39 4893.31 4934.21
CITY 218 15.89 16.46 6525.89 6559.34
CITY 219 6.04 93.03 6145.33 6183.28
CITY 220 98.84 48.09 2042.04 2082.76
CITY 221 29.36 65.86 1709.09 1749.06
CITY 222 59.77 59.12 6740.19 6764.42
CITY 223 21.74 33.24 1742.44 1765.98
CITY 224 33.81 25.25 9185.93 9218.88
CITY 225 25.85 42.95 2053.75 2075.60
CITY 226 47.56 32.83 4009.46 4038.18
CITY 227 21.05 8.63 4750.55 4776.05
CITY 228 7.40 72.71 8391.37 8421.28
CITY 229 95.54 69.79 1665.33 1712.02
CITY 230 34.70 32.03 2094.76 2117.78
CITY 231 81.05 93.71 6800.34 6847.53
CITY 232 77.84 55.16 2992.01 3036.80
CITY 233 31.72 15.41 7598.69 7636.56
CITY 234 79.85 1.37 8919.59 8964.08
CITY 235 72.73 5.38 1466.42 1515.98
CITY 236 50.29 78.17 5318.60 5367.43
CITY 237 58.00 79.33 7622.29 7661.32
CITY 238 55.90 71.11 3747.82 3779.47
CITY 239 57.85 1.45 287.26 326.23
CITY 240 34.05 76.88 8184.71 8210.11
CITY 241 34.45 95.51 6772.81 6793.77
CITY 242 17.47 21.13 9185.36 9208.46
CITY 243 25.46 94.65 881.79 926.66
CITY 244 93.28 23.36 4106.22 4140.04
CITY 245 16.19 91.22 6507.07 6553.95
CITY 246 4.51 97.91 8177.50 8216.62
CITY 247 34.95 18.32 5723.83 5767.95
CITY 248 0.47 94.45 5258.83 5308.70
CITY 249 60.21 44.28 6772.14 6807.52
CITY 250 8.33 93.10 4684.11 4721.68
CITY 251 93.83 77.23 228.09 258.86
CITY 252 26.52 88.20 2729.51 2772.22
CITY 253 52.27 63.30 2843.89 2886.92
CITY 254 49.94 10.45 58.55 93.92
CITY 255 75.72 78.38 4270.24 4314.68
CITY 256 75.94 84.71 715.09 756.03
CITY 257 40.06 58.88 1481.35 1519.09
CITY 258 93.50 19.95 5828.51 5865.98
CITY 259 62.86 39.80 4828.75 4868.98
CITY 260 30.82 47.77 3724.58 3751.65
CITY 261 1.15 62.31 9018.72 9056.17
CITY 262 47.09 64.11 922.95 946.02
CITY 263 31.44 99.41 5317.09 5360.10
CITY 264 89.01 30.20 4310.08 4358.42
CITY 265 38.01 82.14 4212.82 4235.90
CITY 266 33.61 77.86 2582.02 2614.27
CITY 267 37.51 96.28 5126.80 5171.62
CITY 268 20.60 44.33 3485.86 3512.95
CITY 269 6.81 98.33 1047.23 1095.95
CITY 270 80.51 36.91 7479.40 7529.11
CITY 271 13.83 7.09 4558.64 4591.55
CITY 272 49.39 49.07 1512.17 1544.37
CITY 273 24.80 73.21 1881.88 1911.62
CITY 274 1.01 85.20 249.69 289.43
CITY 275 80.39 55.67 1873.51 1897.03
CITY 276 26.79 66.69 623.72 646.02
CITY 277 8.48 74.15 419.19 441.64
CITY 278 45.34 30.55 2381.69 2418.50
CITY 279 99.52 68.65 5245.36 5268.25
CITY 280 58.80 81.12 8173.56 8199.22
CITY 281 50.06 18.61 624.82 652.55
CITY 282 80.37 53.90 2422.68 2466.07
CITY 283 74.95 50.89 231.30 266.24
CITY 284 58.47 46.13 5938.03 5968.92
CITY 285 26.92 19.31 6400.73 6425.64
CITY 286 27.45 67.69 6262.58 6284.41
CITY 287 17.22 62.45 996.85 1026.40
CITY 288 79.30 29.22 3742.09 3780.29
CITY 289 13.16 86.20 4462.49 4503.46
CITY 290 57.17 14.91 7228.84 7272.05
CITY 291 70.08 72.02 4826.30 4859.44
CITY 292 2.55 87.94 8689.06 8716.28
CITY 293 82.78 30.26 6760.16 6790.67
CITY 294 58.22 94.60 8062.99 8084.39
CITY 295 17.24 89.36 187.81 213.85
CITY 296 51.36 99.73 3591.67 3637.38
CITY 297 50.16 95.64 5138.92 5167.27
CITY 298 93.34 15.36 4773.73 4806.32
CITY 299 13.19 37.85 8943.07 8984.59
CITY 300 27.59 89.68 1003.50 1049.76
CITY 301 88.17 80.76 4222.71 4244.37
CITY 302 28.63 32.63 3193.48 3240.35
CITY 303 63.30 16.67 8245.81 8266.35
CITY 304 75.94 2.11 4979.73 5023.71
CITY 305 12.92 68.35 1351.81 1400.55
CITY 306 1.63 68.19 1589.20 1623.38
CITY 307 0.86 63.79 6740.42 6776.99
CITY 308 62.59 42.19 5825.21 5851.28
CITY 309 60.96 14.92 8786.71 8810.33
CITY 310 51.40 10.35 5750.52 5776.66
CITY 311 95.13 81.96 7557.04 7600.24
CITY 312 90.51 71.69 1378.79 1403.79
CITY 313 14.36 30.50 1274.63 1296.77
CITY 314 76.93 39.19 534.07 560.50
CITY 315 52.50 64.43 751.56 794.28
CITY 316 58.41 59.49 4998.89 5038.97
CITY 317 99.08 16.41 6325.49 6351.23
CITY 318 17.65 93.94 2777.31 2819.94
CITY 319 98.65 11.95 5384.07 5417.41
CITY 320 4.54 70.72 7066.37 7098.37
CITY 321 14.67 91.58 1023.19 1062.48
CITY 322 44.61 75.27 2933.29 2981.64
CITY 323 85.54 8.07 2397.90 2437.76
CITY 324 82.54 25.74 1210.43 1244.78
CITY 325 71.44 87.33 9136.66 9183.90
CITY 326 91.84 63.70 9140.30 9184.36
CITY 327 77.23 16.53 1615.18 1645.47
CITY 328 68.29 45.24 293.72 328.47
CITY 329 51.51 80.58 5974.86 6010.60
CITY 330 78.33 43.79 2479.66 2506.33
CITY 331 73.42 75.18 8195.29 8244.99
CITY 332 40.02 0.44 5978.21 6014.73
CITY 333 0.20 95.09 4496.81 4545.45
CITY 334 74.67 38.18 7014.43 7063.05
CITY 335 35.57 51.88 8346.00 8394.65
CITY 336 72.72 91.17 2925.67 2970.88
CITY 337 22.63 33.24 2051.26 2077.62
CITY 338 76.59 58.98 343.82 371.22
CITY 339 72.34 99.21 5461.70 5510.52
CITY 340 78.13 5.60 4029.22 4071.16
CITY 341 67.90 45.85 7029.26 7077.82
CITY 342 16.88 93.91 8173.89 8197.49
CITY 343 74.31 90.15 4256.11 4295.07
CITY 344 15.47 54.10 8110.63 8154.55
CITY 345 35.32 15.99 6060.36 6102.99
CITY 346 32.77 11.58 4149.63 4176.99
CITY 347 97.35 15.12 727.50 773.03
CITY 348 69.33 94.26 587.03 620.42
CITY 349 63.81 33.29 3610.78 3644.57
CITY 350 29.43 24.78 1031.99 1078.69
CITY 351 45.33 30.37 2740.41 2781.16
CITY 352 78.95 79.02 5199.14 5220.42
CITY 353 70.93 94.92 6465.95 6500.60
CITY 354 49.17 89.62 6812.38 6847.84
CITY 355 23.50 81.01 9012.55 9062.07
CITY 356 57.56 13.55 6221.68 6263.60
CITY 357 97.83 0.97 1977.66 2006.74
CITY 358 89.83 47.98 8980.50 9023.88
CITY 359 70.69 79.00 168.36 212.63
CITY 360 61.70 19.41 7169.79 7196.68
CITY 361 94.32 93.60 1756.01 1787.08
CITY 362 20.58 82.69 2299.43 2341.50
CITY 363 10.93 93.17 5268.72 5312.60
CITY 364 2.88 77.49 5080.86 5116.31
CITY 365 85.82 90.86 5031.32 5074.45
CITY 366 54.11 70.18 5212.96 5262.63
CITY 367 46.25 13.81 1636.47 1673.97
CITY 368 87.48 48.10 359.68 397.39
CITY 369 90.72 23.53 7391.72 7431.61
CITY 370 84.39 39.61 8063.84 8086.66
CITY 371 3.90 17.85 2549.83 2582.69
