NUM_CLIENTS 84
NUM_VEHICLES 8
CITY 0 0.0 0.0 0.0 3232
CITY 1 4.57 12.11 220.36 265.63
CITY 2 77.46 48.63 1203.23 1253.02
CITY 3 56.30 45.61 2932.72 2967.12
CITY 4 71.10 0.12 1339.19 1376.03
CITY 5 39.56 30.92 2117.24 2150.30
CITY 6 40.09 57.24 1887.20 1934.90
CITY 7 88.48 8.90 2597.20 2628.77
CITY 8 34.76 69.06 107.47 153.21
CITY 9 3.30 40.67 1123.26 1164.23
CITY 10 47.03 3.76 2351.86 2401.11
CITY 11 56.50 61.65 3063.90 3097.14
CITY 12 10.99 63.50 2068.54 2092.66
CITY 13 69.59 22.27 655.14 695.98
CITY 14 59.36 71.90 570.36 600.85
CITY 15 16.15 16.11 1315.84 1342.03
CITY 16 29.97 98.74 2715.28 2753.70
CITY 17 91.62 62.08 1780.62 1817.72
CITY 18 33.54 39.35 2935.72 2968.14
CITY 19 43.46 29.85 1051.36 1079.21
CITY 20 90.11 92.33 2371.64 2400.86
CITY 21 25.74 7.30 2853.26 2891.62
CITY 22 39.55 92.80 1874.48 1917.07
CITY 23 24.25 70.57 2729.28 2757.55
CITY 24 45.09 22.64 2803.08 2849.39
CITY 25 26.38 52.58 2151.10 2190.82
CITY 26 56.14 14.61 151.92 181.77
CITY 27 42.01 60.54 1517.90 1565.96
CITY 28 98.83 66.90 1696.57 1739.69
CITY 29 52.24 85.81 857.89 885.37
CITY 30 10.36 0.80 2845.40 2882.53
CITY 31 12.91 69.13 366.39 400.75
CITY 32 4.34 32.68 2861.37 2896.93
CITY 33 19.27 63.03 2495.86 2526.98
CITY 34 47.26 58.56 2733.79 2757.56
CITY 35 24.44 4.29 885.03 918.02
CITY 36 30.44 92.89 472.15 510.48
CITY 37 56.66 82.30 450.05 492.17
CITY 38 35.58 13.64 365.29 407.30
CITY 39 46.15 85.85 2750.26 2786.13
CITY 40 59.49 19.03 1853.04 1891.88
CITY 41 83.96 96.38 1767.21 1800.12
CITY 42 80.62 92.27 1939.38 1987.71
CITY 43 26.11 36.05 949.33 977.11
CITY 44 32.73 38.79 269.33 296.02
CITY 45 54.20 37.10 2816.13 2845.03
CITY 46 18.36 82.88 501.39 541.51
CITY 47 13.57 85.80 620.18 653.91
CITY 48 18.31 40.66 2087.47 2108.03
CITY 49 23.20 45.08 1843.80 1878.93
CITY 50 69.31 80.10 1260.85 1305.50
CITY 51 83.12 3.27 2518.46 2568.11
CITY 52 65.11 71.08 2854.85 2891.92
CITY 53 28.06 75.33 3052.38 3076.97
CITY 54 80.47 8.97 2108.60 2143.22
CITY 55 88.93 6.44 838.44 888.25
CITY 56 30.21 84.15 185.97 212.82
CITY 57 79.39 83.47 3014.15 3039.05
CITY 58 81.51 60.95 892.01 923.74
CITY 59 18.12 75.16 2322.33 2364.94
CITY 60 75.88 19.90 424.72 474.54
CITY 61 62.36 23.38 433.68 457.71
CITY 62 40.13 99.15 685.80 732.14
CITY 63 22.97 21.95 807.08 841.13
CITY 64 6.77 69.23 2132.98 2165.82
CITY 65 45.63 93.28 34.07 79.74
CITY 66 14.20 47.84 1940.90 1983.42
CITY 67 31.52 89.86 180.31 208.65
CITY 68 37.02 5.61 2996.05 3021.24
CITY 69 23.08 58.17 2448.81 2493.29
CITY 70 17.06 2.90 861.85 909.39
CITY 71 79.24 4.67 1718.86 1752.62
CITY 72 94.65 79.96 2575.83 2619.74
CITY 73 91.73 1.64 1445.32 1470.22
CITY 74 16.34 79.71 931.29 977.72
CITY 75 5.85 81.43 2298.08 2345.57
CITY 76 25.89 88.31 1471.90 1515.18
CITY 77 10.16 91.73 2043.46 2084.19
CITY 78 32.11 26.05 336.88 380.48
CITY 79 60.07 86.23 2945.45 2966.95
CITY 80 35.98 54.16 1708.17 1755.79
CITY 81 15.41 67.76 2001.23 2031.42
CITY 82 87.22 6.41 494.97 532.93
CITY 83 80.27 58.49 2189.51 2221.07
CITY 84 75.82 28.17 810.53 845.74
