NUM_CLIENTS 288
NUM_VEHICLES 28
CITY 0 0.0 0.0 0.0 7260
CITY 1 16.36 58.50 4698.93 4748.20
CITY 2 43.41 10.91 5855.86 5899.31
CITY 3 94.25 28.49 2002.77 2035.03
CITY 4 94.24 47.95 1872.53 1909.18
CITY 5 35.56 16.96 6481.51 6518.16
CITY 6 92.17 5.80 4906.41 4945.87
CITY 7 99.87 94.26 1786.73 1836.26
CITY 8 96.49 58.03 1119.30 1153.36
CITY 9 1.56 58.01 6374.68 6410.12
CITY 10 11.98 14.43 2482.77 2512.82
CITY 11 83.27 25.09 3812.02 3857.77
CITY 12 32.23 33.36 80.80 106.37
CITY 13 92.55 86.90 3904.25 3936.53
CITY 14 83.29 11.78 5498.01 5521.67
CITY 15 83.92 79.17 3814.79 3858.16
CITY 16 18.57 85.62 5835.21 5878.35
CITY 17 88.18 85.02 2443.20 2463.65
CITY 18 43.31 21.93 107.93 148.06
CITY 19 22.50 5.31 4052.11 4087.93
CITY 20 1.86 73.76 4595.27 4629.19
CITY 21 40.18 14.23 4965.03 4986.98
CITY 22 86.51 12.30 125.29 145.68
CITY 23 48.96 10.15 3303.61 3341.67
CITY 24 97.83 29.32 6570.46 6599.66
CITY 25 93.62 27.73 6126.06 6163.80
CITY 26 98.83 11.64 2230.81 2266.11
CITY 27 79.85 47.08 3982.12 4011.27
CITY 28 11.64 69.18 4569.24 4611.59
CITY 29 37.27 49.53 4385.72 4423.71
CITY 30 46.18 16.35 2719.13 2761.24
CITY 31 22.66 71.60 1574.95 1623.85
CITY 32 94.78 48.90 309.24 349.53
CITY 33 63.47 7.88 4807.46 4828.67
CITY 34 40.91 76.48 4926.14 4975.41
CITY 35 92.39 26.56 4940.49 4969.74
CITY 36 2.11 44.83 3737.40 3783.08
CITY 37 15.03 57.73 3655.58 3687.12
CITY 38 69.52 8.58 4564.40 4597.34
CITY 39 93.26 81.03 4522.60 4560.09
CITY 40 47.08 0.74 4907.91 4933.49
CITY 41 23.77 74.94 3182.76 3224.62
CITY 42 21.50 24.94 326.32 352.85
CITY 43 7.52 99.53 1389.93 1412.18
CITY 44 34.45 67.40 5160.54 5204.68
CITY 45 74.96 14.29 896.46 919.72
CITY 46 99.88 46.13 6670.70 6695.82
CITY 47 44.52 25.53 3883.87 3930.44
CITY 48 75.01 73.30 2249.78 2278.20
CITY 49 96.42 93.17 5721.15 5753.67
CITY 50 30.53 90.27 7136.61 7158.53
CITY 51 9.77 39.64 3848.64 3886.41
CITY 52 40.45 23.14 4593.40 4613.97
CITY 53 54.54 64.71 6402.56 6430.61
CITY 54 54.88 4.53 2150.12 2190.15
CITY 55 47.39 73.58 6417.44 6449.58
CITY 56 90.20 0.98 3817.80 3839.22
CITY 57 67.78 94.40 6467.83 6503.08
CITY 58 62.08 75.11 4837.86 4866.30
CITY 59 94.80 80.64 1330.85 1366.65
CITY 60 17.05 6.56 1479.68 1520.45
CITY 61 3.40 93.93 3930.23 3956.75
CITY 62 80.84 83.45 563.77 600.69
CITY 63 68.95 51.63 1369.79 1417.12
CITY 64 76.31 58.95 1452.26 1494.59
CITY 65 0.69 33.94 4686.02 4706.12
CITY 66 89.81 52.47 5324.12 5352.44
CITY 67 11.19 8.09 2063.71 2096.08
CITY 68 58.06 72.54 1424.61 1465.33
CITY 69 40.71 80.99 1466.98 1494.00
CITY 70 72.81 64.90 6402.85 6427.69
CITY 71 48.74 69.56 4026.04 4062.79
CITY 72 36.38 89.81 4752.56 4778.12
CITY 73 68.84 53.49 246.43 271.67
CITY 74 20.01 48.67 2942.32 2981.87
CITY 75 24.44 31.09 6589.00 6623.21
CITY 76 52.11 40.37 1114.24 1149.03
CITY 77 59.78 1.44 1152.62 1200.02
CITY 78 68.57 53.08 511.59 541.74
CITY 79 3.03 58.77 3009.81 3045.92
CITY 80 17.36 51.07 1754.53 1792.82
CITY 81 22.14 64.81 2371.62 2410.65
CITY 82 22.33 75.68 417.19 453.88
CITY 83 15.53 96.01 1325.46 1358.90
CITY 84 95.50 9.64 3069.29 3099.74
CITY 85 59.36 24.51 5580.49 5618.19
CITY 86 72.91 24.30 6968.43 6993.66
CITY 87 43.87 63.23 5870.52 5902.95
CITY 88 85.98 8.55 3113.39 3160.07
CITY 89 83.15 78.11 1148.49 1198.29
CITY 90 81.76 38.88 3983.82 4005.75
CITY 91 57.60 38.57 269.70 292.24
CITY 92 70.38 7.75 1084.50 1131.12
CITY 93 0.09 29.49 758.44 807.98
CITY 94 86.40 3.71 4050.88 4093.59
CITY 95 12.82 54.85 2217.58 2247.48
CITY 96 18.58 81.63 3926.12 3975.38
CITY 97 42.57 7.02 6681.28 6725.37
CITY 98 12.99 45.21 6985.49 7006.25
CITY 99 41.60 75.81 4406.90 4446.41
CITY 100 33.18 6.63 1731.69 1768.41
CITY 101 85.98 4.92 2593.68 2627.92
CITY 102 7.45 41.29 3956.71 3996.04
CITY 103 95.80 41.52 6716.04 6743.35
CITY 104 24.66 74.13 6004.43 6036.92
CITY 105 8.56 86.06 1963.71 1990.35
CITY 106 48.19 48.17 3575.92 3611.66
CITY 107 56.29 68.80 1994.11 2024.28
CITY 108 23.37 7.37 7015.03 7062.90
CITY 109 51.31 69.79 3171.04 3200.40
CITY 110 87.62 90.40 1370.69 1409.27
CITY 111 98.95 3.75 941.10 969.11
CITY 112 0.43 35.14 6108.57 6143.47
CITY 113 6.22 12.05 3456.39 3491.90
CITY 114 61.78 78.95 4237.42 4273.82
CITY 115 7.16 39.80 781.76 801.86
CITY 116 23.41 72.08 1502.01 1526.86
CITY 117 29.18 22.28 5712.43 5762.21
CITY 118 72.62 3.09 1542.01 1569.67
CITY 119 62.51 43.70 6430.85 6467.31
CITY 120 0.96 73.12 2298.72 2344.48
CITY 121 1.52 41.32 6151.69 6190.13
CITY 122 59.36 91.79 22.21 57.10
CITY 123 72.54 50.24 4503.69 4529.89
CITY 124 8.01 12.79 2191.77 2216.77
CITY 125 47.09 36.71 2097.61 2128.38
CITY 126 4.28 88.74 2909.48 2942.93
CITY 127 36.49 47.48 3759.49 3785.86
CITY 128 14.85 7.12 77.55 124.74
CITY 129 49.54 74.82 22.96 53.18
CITY 130 5.93 88.92 7143.18 7177.54
CITY 131 52.34 62.56 6897.08 6925.59
CITY 132 5.08 40.47 5615.23 5657.62
CITY 133 92.81 82.80 2941.83 2991.04
CITY 134 67.40 6.68 2472.11 2521.61
CITY 135 44.05 40.59 5800.49 5825.42
CITY 136 29.19 37.45 4331.96 4373.03
CITY 137 9.14 8.46 1535.17 1577.94
CITY 138 89.61 81.69 6249.69 6298.95
CITY 139 32.81 33.24 5710.94 5738.83
CITY 140 78.53 38.45 1373.78 1417.02
CITY 141 18.07 2.14 1401.31 1447.44
CITY 142 54.66 81.29 2237.23 2278.36
CITY 143 95.26 58.84 2719.37 2740.88
CITY 144 70.42 85.49 5233.67 5274.23
CITY 145 51.39 75.78 3731.38 3752.47
CITY 146 10.80 63.94 1391.26 1440.70
CITY 147 93.77 52.64 1875.33 1898.49
CITY 148 80.20 39.03 6545.41 6591.81
CITY 149 86.66 61.25 6243.46 6268.20
CITY 150 74.24 60.73 6338.84 6376.86
CITY 151 68.78 29.43 6804.46 6826.57
CITY 152 16.33 79.11 1980.43 2025.92
CITY 153 32.35 83.14 4374.01 4411.91
CITY 154 91.97 47.55 2470.42 2502.04
CITY 155 85.19 75.58 3497.67 3545.82
CITY 156 5.74 64.06 6785.69 6816.15
CITY 157 86.35 97.52 3187.26 3209.47
CITY 158 68.10 10.92 5677.88 5706.43
CITY 159 23.61 48.57 3484.42 3515.81
CITY 160 48.66 36.13 4181.88 4222.67
CITY 161 20.17 12.86 6865.10 6893.24
CITY 162 60.15 47.94 3373.66 3411.34
CITY 163 47.17 32.84 3255.69 3305.14
CITY 164 80.91 3.01 4360.55 4390.58
CITY 165 67.00 92.26 3879.65 3918.39
CITY 166 68.77 90.22 1466.35 1514.13
CITY 167 52.83 37.71 4239.52 4271.63
CITY 168 27.88 12.11 4867.41 4899.01
CITY 169 26.95 54.59 3074.59 3109.77
CITY 170 99.02 39.08 6284.33 6319.91
CITY 171 47.89 42.39 4072.53 4094.89
CITY 172 95.41 12.22 4994.38 5024.08
CITY 173 3.82 72.48 4493.44 4531.74
CITY 174 68.70 79.00 1877.57 1905.94
CITY 175 45.80 45.27 2612.19 2640.37
CITY 176 72.63 48.04 2970.27 2992.09
CITY 177 33.40 46.01 4680.95 4717.43
CITY 178 27.73 5.48 2289.94 2312.65
CITY 179 61.36 61.10 6716.68 6748.14
CITY 180 0.73 44.88 1213.73 1250.50
CITY 181 88.21 22.84 2984.26 3032.75
CITY 182 60.93 11.51 6518.27 6555.06
CITY 183 64.67 53.49 3463.03 3483.04
CITY 184 71.96 35.82 766.51 803.78
CITY 185 67.23 21.55 5787.20 5826.04
CITY 186 98.51 39.37 6839.27 6884.40
CITY 187 93.03 99.98 3447.42 3490.56
CITY 188 77.32 80.99 5872.35 5895.11
CITY 189 98.24 77.77 483.42 515.52
CITY 190 40.63 73.11 5298.06 5343.59
CITY 191 41.12 40.38 1675.84 1702.63
CITY 192 56.17 20.76 3851.15 3878.41
CITY 193 93.85 14.24 5763.48 5787.37
CITY 194 68.48 61.50 3038.14 3058.96
CITY 195 25.29 39.65 5834.05 5862.35
CITY 196 48.65 3.03 2255.30 2287.13
CITY 197 26.90 95.55 1791.28 1818.98
CITY 198 56.31 33.65 743.97 767.23
CITY 199 46.51 17.04 6525.44 6565.01
CITY 200 84.78 70.06 6229.71 6268.18
CITY 201 89.67 91.79 1178.98 1199.25
CITY 202 2.36 67.41 1174.51 1195.07
CITY 203 24.61 38.53 186.62 225.61
CITY 204 39.94 42.63 3019.30 3040.49
CITY 205 92.74 60.11 6319.96 6345.60
CITY 206 78.56 31.61 5812.32 5832.76
CITY 207 27.24 95.29 6689.81 6728.93
CITY 208 32.71 68.95 5012.33 5036.69
CITY 209 42.32 41.72 6096.82 6136.37
CITY 210 17.46 44.91 6612.90 6661.54
CITY 211 57.06 85.00 5799.20 5825.99
CITY 212 82.90 43.59 6066.72 6096.05
CITY 213 15.47 9.37 1930.48 1974.38
CITY 214 44.77 96.32 605.45 651.52
CITY 215 71.73 94.46 6375.32 6420.56
CITY 216 91.39 77.13 382.49 414.92
CITY 217 6.53 21.38 3854.72 3876.61
CITY 218 65.06 87.82 3510.10 3537.47
CITY 219 18.06 40.79 5958.23 5984.59
CITY 220 63.45 42.80 5055.22 5102.15
CITY 221 28.14 74.78 919.09 958.86
CITY 222 6.16 76.08 3905.25 3947.37
CITY 223 41.14 67.54 3140.63 3169.71
CITY 224 5.18 87.27 6802.25 6844.86
CITY 225 61.77 70.54 3678.08 3716.12
CITY 226 89.26 67.96 5965.23 6014.69
CITY 227 33.97 81.53 1890.09 1915.50
CITY 228 62.96 96.40 3098.69 3143.57
CITY 229 53.29 86.35 5812.01 5851.40
CITY 230 49.65 98.97 610.38 653.14
CITY 231 78.22 99.91 2045.66 2087.01
CITY 232 79.51 84.68 1765.47 1808.41
CITY 233 77.46 46.32 1969.84 1992.48
CITY 234 86.94 31.73 2698.73 2745.04
CITY 235 88.47 13.86 1877.75 1920.49
CITY 236 67.16 31.53 1942.63 1984.00
CITY 237 7.81 5.95 4447.29 4487.14
CITY 238 64.47 10.86 4500.74 4544.21
CITY 239 34.88 59.19 1575.56 1608.75
CITY 240 32.82 79.07 1672.97 1702.44
CITY 241 27.29 30.94 6964.29 7002.17
CITY 242 25.03 89.20 5468.42 5504.83
CITY 243 68.80 25.42 121.60 159.13
CITY 244 16.49 91.10 5437.71 5460.93
CITY 245 35.49 92.49 6891.59 6928.40
CITY 246 24.29 88.05 2467.77 2493.43
CITY 247 2.70 3.79 5472.43 5511.45
CITY 248 76.36 20.92 1342.40 1381.08
CITY 249 87.99 14.22 6442.90 6483.34
CITY 250 76.90 36.77 2496.04 2543.90
CITY 251 99.27 81.90 6403.29 6432.34
CITY 252 49.78 38.46 2488.17 2535.89
CITY 253 54.64 21.96 7096.12 7123.01
CITY 254 24.29 58.05 2085.75 2107.90
CITY 255 57.84 35.11 7001.58 7036.71
CITY 256 35.35 44.49 3171.61 3219.25
CITY 257 78.52 52.93 6167.23 6207.60
CITY 258 56.59 48.23 5234.76 5279.67
CITY 259 24.22 44.57 1431.74 1472.20
CITY 260 7.12 60.25 3115.91 3146.75
CITY 261 64.34 85.72 4905.78 4934.56
CITY 262 75.59 63.50 5272.25 5317.23
CITY 263 75.37 34.15 3024.99 3065.07
CITY 264 67.89 37.72 3372.54 3419.41
CITY 265 91.22 44.75 6772.31 6816.52
CITY 266 50.76 35.67 3258.91 3288.76
CITY 267 79.47 55.22 229.74 253.71
CITY 268 48.56 88.61 4780.31 4804.12
CITY 269 25.21 79.31 4220.88 4242.29
CITY 270 46.27 28.75 4189.11 4228.09
CITY 271 82.59 91.96 1812.56 1862.43
CITY 272 19.01 16.77 1074.62 1113.49
CITY 273 25.54 89.61 1938.88 1979.35
CITY 274 23.55 10.12 3488.10 3535.37
CITY 275 65.27 74.90 3.00 25.03
CITY 276 5.79 19.59 2866.44 2913.73
CITY 277 61.04 97.04 519.22 551.07
CITY 278 80.55 25.27 903.60 936.60
CITY 279 97.88 77.66 2828.53 2868.40
CITY 280 27.46 6.63 210.47 251.30
CITY 281 21.99 18.30 2463.31 2494.31
CITY 282 98.86 70.72 3920.13 3943.33
CITY 283 68.47 89.50 5415.52 5435.87
CITY 284 0.52 73.65 577.19 623.16
CITY 285 22.12 9.06 1141.62 1178.68
CITY 286 4.68 83.91 3549.42 3571.51
CITY 287 73.83 87.63 5128.78 5156.81
CITY 288 94.94 54.98 174.49 203.39
