NUM_CLIENTS 150
NUM_VEHICLES 130
CITY 0 0.0 0.0 0.0 2934
CITY 1 44.65 48.43 965.43 1008.32
CITY 2 37.72 93.29 2509.24 2558.66
CITY 3 23.88 38.30 2470.18 2502.50
CITY 4 31.82 47.30 2635.20 2666.64
CITY 5 98.84 79.24 1883.90 1908.47
CITY 6 96.48 12.62 2784.43 2814.39
CITY 7 10.04 84.50 296.57 343.88
CITY 8 1.53 14.42 2513.06 2562.16
CITY 9 7.48 78.15 771.68 810.37
CITY 10 39.75 8.03 954.30 994.53
CITY 11 53.36 95.41 1811.42 1858.04
CITY 12 48.79 54.10 1784.58 1811.62
CITY 13 68.44 28.74 663.80 686.51
CITY 14 97.83 76.04 2032.98 2056.00
CITY 15 16.64 29.95 93.19 122.93
CITY 16 5.61 35.85 1247.79 1275.12
CITY 17 41.21 68.18 527.48 552.74
CITY 18 60.95 38.25 1973.33 2008.26
CITY 19 58.32 23.22 1843.34 1877.13
CITY 20 66.68 89.89 1347.14 1375.77
CITY 21 54.66 7.39 2726.61 2776.24
CITY 22 29.92 96.20 1993.96 2027.67
CITY 23 30.21 99.94 2462.49 2485.69
CITY 24 38.14 35.90 860.34 901.32
CITY 25 2.19 83.00 1147.55 1167.79
CITY 26 86.51 77.83 2808.13 2855.45
CITY 27 74.52 83.28 2605.03 2648.31
CITY 28 23.01 80.19 639.42 665.12
CITY 29 25.06 75.56 2215.71 2256.14
CITY 30 13.68 9.72 1813.31 1834.50
CITY 31 78.86 3.34 1058.61 1082.55
CITY 32 90.96 32.67 1204.16 1230.18
CITY 33 78.65 87.65 1061.47 1096.53
CITY 34 27.25 16.45 2636.98 2685.30
CITY 35 96.74 29.51 2511.52 2555.65
CITY 36 46.83 7.53 2177.43 2204.20
CITY 37 67.63 67.44 1152.16 1197.53
CITY 38 55.73 9.03 1144.01 1171.94
CITY 39 12.36 36.86 2162.66 2190.52
CITY 40 38.10 63.85 1077.62 1117.86
CITY 41 47.15 61.95 2720.67 2750.51
CITY 42 61.01 64.77 1836.15 1870.08
CITY 43 70.11 64.92 345.33 366.69
CITY 44 3.72 99.59 343.73 370.77
CITY 45 53.75 38.86 1076.29 1124.77
CITY 46 69.65 54.02 1698.02 1739.81
CITY 47 88.54 65.49 2406.03 2444.50
CITY 48 93.91 27.97 1993.87 2020.38
CITY 49 44.47 23.61 1052.36 1101.79
CITY 50 36.73 90.17 1863.23 1885.05
CITY 51 27.59 96.82 2737.46 2782.18
CITY 52 9.17 21.21 1847.90 1897.04
CITY 53 5.06 33.35 2851.87 2895.48
CITY 54 20.52 82.98 1602.79 1640.38
CITY 55 81.31 23.30 2235.54 2279.19
CITY 56 59.60 27.73 2838.10 2887.72
CITY 57 54.02 79.85 325.93 371.92
CITY 58 13.18 35.82 2275.95 2313.62
CITY 59 1.58 26.54 374.30 406.93
CITY 60 11.36 6.36 1298.34 1329.20
CITY 61 59.37 45.20 646.73 685.19
CITY 62 72.72 90.88 1903.69 1932.74
CITY 63 64.33 3.12 2879.94 2925.36
CITY 64 42.63 10.80 2057.44 2090.75
CITY 65 89.93 32.21 436.31 460.10
CITY 66 62.43 58.54 2056.73 2088.15
CITY 67 59.74 29.49 1462.95 1495.86
CITY 68 79.31 11.44 1891.65 1937.98
CITY 69 55.13 86.55 1246.02 1292.66
CITY 70 41.38 82.74 1155.95 1197.84
CITY 71 31.25 31.25 742.55 791.16
CITY 72 68.68 47.43 272.18 294.74
CITY 73 43.19 74.46 1080.99 1104.89
CITY 74 6.00 95.66 1624.28 1664.38
CITY 75 41.08 87.36 2714.81 2747.50
CITY 76 91.58 5.14 836.65 866.02
CITY 77 10.36 50.74 454.69 489.16
CITY 78 84.73 35.01 1608.71 1632.15
CITY 79 27.86 22.62 1243.27 1280.10
CITY 80 76.74 62.17 1949.88 1986.59
CITY 81 60.90 65.78 2003.04 2023.90
CITY 82 27.33 76.24 2658.50 2689.03
CITY 83 18.14 14.33 1899.21 1921.30
CITY 84 74.10 97.18 273.71 309.63
CITY 85 37.62 45.36 462.39 491.74
CITY 86 32.44 94.14 1723.55 1770.05
CITY 87 15.56 75.44 153.02 175.46
CITY 88 44.31 42.40 1754.74 1787.16
CITY 89 21.56 51.23 1002.03 1025.35
CITY 90 67.82 59.31 1524.41 1553.66
CITY 91 22.05 98.44 167.44 193.58
CITY 92 94.53 76.73 2206.20 2234.88
CITY 93 12.00 49.74 1247.70 1271.58
CITY 94 53.26 23.01 1615.77 1655.81
CITY 95 35.42 39.71 2142.63 2175.71
CITY 96 45.98 7.79 909.74 942.61
CITY 97 40.44 64.01 842.07 874.22
CITY 98 96.62 17.19 2733.44 2767.25
CITY 99 68.96 36.19 1265.11 1288.29
CITY 100 43.57 40.04 236.03 282.15
CITY 101 74.58 22.16 2249.18 2271.48
CITY 102 63.32 53.06 567.28 610.57
CITY 103 35.11 95.82 1865.00 1889.43
CITY 104 10.28 25.60 508.64 533.22
CITY 105 75.92 7.54 2744.01 2782.85
CITY 106 46.40 56.37 1675.39 1715.83
CITY 107 88.20 64.30 2845.29 2874.99
CITY 108 97.10 31.61 1273.88 1307.95
CITY 109 63.14 79.63 1709.74 1740.30
CITY 110 7.42 46.17 118.08 149.15
CITY 111 28.71 64.47 2818.96 2841.67
CITY 112 59.41 38.45 1677.87 1726.49
CITY 113 73.89 4.10 2622.61 2659.76
CITY 114 18.82 60.50 1450.93 1499.66
CITY 115 45.05 81.10 2416.62 2466.09
CITY 116 8.43 64.61 122.49 163.72
CITY 117 99.10 52.41 1762.58 1793.50
CITY 118 91.79 38.74 2235.81 2276.18
CITY 119 5.24 63.09 971.78 1001.67
CITY 120 55.80 38.66 734.24 779.78
CITY 121 96.44 60.27 442.17 464.62
CITY 122 66.36 91.67 901.61 941.29
CITY 123 66.21 12.90 2047.19 2069.73
CITY 124 55.89 64.35 954.04 977.88
CITY 125 70.28 94.71 2875.85 2923.22
CITY 126 9.35 67.05 1471.40 1491.94
CITY 127 30.89 95.12 992.14 1035.12
CITY 128 19.20 100.00 455.31 484.19
CITY 129 78.81 50.77 1561.30 1603.46
CITY 130 52.65 66.19 2528.75 2567.29
CITY 131 59.72 15.43 529.75 570.54
CITY 132 62.47 90.27 2082.68 2103.99
CITY 133 36.43 71.96 2796.60 2834.92
CITY 134 75.24 78.38 682.52 709.70
CITY 135 96.56 78.44 2608.02 2633.84
CITY 136 67.83 57.04 1276.28 1319.36
CITY 137 77.81 50.29 1213.23 1238.09
CITY 138 19.97 60.47 2519.01 2540.57
CITY 139 48.06 37.12 2695.16 2736.50
CITY 140 51.59 12.47 251.06 275.87
CITY 141 44.93 51.34 2398.43 2421.18
CITY 142 91.05 81.67 2552.43 2600.34
CITY 143 41.49 39.65 1084.77 1116.35
CITY 144 8.16 22.45 925.90 948.87
CITY 145 71.47 33.53 429.75 450.89
CITY 146 91.74 47.25 2398.61 2441.38
CITY 147 46.91 61.53 2613.43 2634.00
CITY 148 21.57 14.95 2712.21 2750.48
CITY 149 42.33 77.62 692.98 716.63
CITY 150 23.84 63.90 1799.96 1821.84
