NUM_CLIENTS 100
NUM_VEHICLES 80
CITY 0 0.0 0.0 0.0 4138
CITY 1 43.19 78.64 613.59 643.68
CITY 2 47.59 74.53 2245.37 2273.24
CITY 3 39.85 43.45 2855.92 2898.78
CITY 4 48.09 19.81 1622.11 1659.25
CITY 5 56.12 99.71 2147.88 2175.15
CITY 6 26.63 43.01 2802.36 2839.64
CITY 7 11.25 41.36 1499.56 1525.28
CITY 8 34.45 65.54 3148.76 3173.84
CITY 9 34.97 82.16 3283.80 3322.50
CITY 10 44.05 92.42 962.17 1002.73
CITY 11 15.60 72.85 359.95 402.14
CITY 12 24.30 62.10 612.23 657.20
CITY 13 28.77 34.33 3289.86 3319.01
CITY 14 47.12 33.19 3027.77 3054.13
CITY 15 54.64 75.04 2248.01 2286.70
CITY 16 99.23 69.51 2735.17 2766.46
CITY 17 90.60 52.68 1051.75 1073.55
CITY 18 20.07 69.65 1116.29 1150.23
CITY 19 94.52 6.66 2703.00 2742.89
CITY 20 91.29 36.02 449.98 478.76
CITY 21 88.34 38.65 4005.60 4040.85
CITY 22 70.97 90.39 1986.45 2024.37
CITY 23 8.80 19.89 3952.58 3989.40
CITY 24 71.25 3.98 3771.02 3800.17
CITY 25 48.99 74.44 84.92 125.45
CITY 26 35.54 30.23 4071.67 4121.02
CITY 27 27.59 6.20 1060.82 1092.43
CITY 28 100.00 99.04 3860.19 3908.66
CITY 29 22.56 34.18 1612.03 1636.15
CITY 30 72.99 52.07 2774.86 2821.04
CITY 31 68.65 41.73 2346.28 2379.07
CITY 32 31.24 60.54 1841.71 1865.67
CITY 33 65.25 58.10 2799.55 2825.62
CITY 34 13.81 68.85 3674.67 3721.95
CITY 35 43.01 90.90 3150.26 3189.95
CITY 36 56.48 15.80 286.55 322.53
CITY 37 71.94 18.41 3433.57 3457.94
CITY 38 2.95 31.87 3977.47 4026.31
CITY 39 30.33 74.56 3360.89 3399.99
CITY 40 73.83 15.20 776.39 800.34
CITY 41 2.62 98.60 2525.91 2564.08
CITY 42 61.24 59.64 951.66 972.44
CITY 43 7.95 77.98 556.81 602.19
CITY 44 46.88 64.96 760.26 791.88
CITY 45 47.38 16.38 932.74 965.00
CITY 46 96.88 92.54 3884.91 3911.58
CITY 47 67.13 20.28 844.20 869.52
CITY 48 95.47 43.93 2526.37 2567.00
CITY 49 86.68 88.76 1753.57 1796.86
CITY 50 60.79 82.43 2946.98 2978.80
CITY 51 93.91 57.19 2196.46 2235.70
CITY 52 70.41 3.85 455.79 489.50
CITY 53 87.78 87.78 1012.05 1048.19
CITY 54 98.38 3.93 1589.81 1632.76
CITY 55 96.26 18.99 1802.50 1849.03
CITY 56 77.37 28.59 688.93 717.76
CITY 57 91.90 69.00 3695.19 3729.10
CITY 58 64.61 9.04 2051.68 2077.08
CITY 59 58.54 89.43 2238.25 2270.04
CITY 60 32.35 2.49 1860.11 1907.01
CITY 61 89.58 88.25 377.75 407.47
CITY 62 64.86 71.15 678.77 720.77
CITY 63 9.12 70.62 2595.75 2618.31
CITY 64 70.73 72.69 3986.83 4025.19
CITY 65 15.99 55.03 189.05 214.18
CITY 66 33.52 87.13 3527.98 3552.84
CITY 67 14.46 76.92 219.24 248.49
CITY 68 73.02 96.10 1187.65 1213.07
CITY 69 89.85 96.04 24.41 67.37
CITY 70 1.22 49.76 2043.46 2087.69
CITY 71 60.80 49.35 894.41 934.20
CITY 72 45.37 44.19 2461.76 2481.96
CITY 73 88.22 27.81 2573.58 2618.18
CITY 74 20.76 18.48 234.55 265.02
CITY 75 14.54 3.24 2367.46 2405.56
CITY 76 33.11 8.77 454.04 503.86
CITY 77 16.13 28.44 2705.25 2746.25
CITY 78 57.23 56.22 3950.54 3993.02
CITY 79 36.02 3.58 3143.99 3173.68
CITY 80 89.75 82.03 3102.93 3148.23
CITY 81 6.49 47.08 507.61 553.39
CITY 82 32.92 41.38 865.75 892.02
CITY 83 5.82 57.14 4003.79 4039.66
CITY 84 8.77 72.41 2476.28 2519.93
CITY 85 70.68 42.71 3467.32 3495.11
CITY 86 57.51 62.32 3790.74 3829.16
CITY 87 49.64 72.92 2039.79 2084.03
CITY 88 88.37 23.27 1194.61 1220.42
CITY 89 11.82 46.49 3259.08 3301.20
CITY 90 20.73 61.53 1700.87 1722.23
CITY 91 34.97 80.60 875.91 915.13
CITY 92 69.00 25.44 286.64 315.64
CITY 93 55.00 76.70 474.23 504.22
CITY 94 39.60 56.89 3925.34 3970.30
CITY 95 19.40 83.38 3771.06 3805.43
CITY 96 47.45 3.56 563.60 588.27
CITY 97 46.06 86.52 3663.60 3697.47
CITY 98 81.42 92.78 238.46 274.09
CITY 99 56.49 67.82 2274.01 2294.57
CITY 100 57.74 33.17 3746.21 3790.08
