NUM_CLIENTS 478
NUM_VEHICLES 47
CITY 0 0.0 0.0 0.0 4642
CITY 1 72.94 56.24 3440.59 3478.75
CITY 2 17.58 10.76 2220.03 2263.32
CITY 3 18.82 65.09 3491.92 3514.70
CITY 4 40.05 6.44 4028.77 4055.24
CITY 5 62.17 19.21 1969.01 1989.88
CITY 6 69.24 12.10 3016.31 3057.51
CITY 7 97.46 70.63 827.75 851.73
CITY 8 17.17 17.07 3907.72 3935.83
CITY 9 68.83 52.52 3636.46 3678.12
CITY 10 81.08 6.13 3093.67 3121.04
CITY 11 73.35 43.39 1416.82 1437.25
CITY 12 89.16 9.99 3631.83 3660.53
CITY 13 16.82 76.08 2538.21 2583.80
CITY 14 15.53 98.52 141.51 182.31
CITY 15 24.47 83.68 1689.19 1730.12
CITY 16 30.77 41.14 3221.53 3269.66
CITY 17 11.80 73.58 1955.26 1977.21
CITY 18 33.64 98.97 37.03 81.11
CITY 19 28.50 30.89 1614.33 1652.96
CITY 20 62.00 6.50 884.05 905.22
CITY 21 31.10 63.63 1377.98 1407.72
CITY 22 9.33 63.34 256.25 303.52
CITY 23 17.91 86.01 3064.69 3109.34
CITY 24 7.06 64.30 1461.66 1491.25
CITY 25 26.72 74.93 2725.96 2751.22
CITY 26 63.42 17.45 2205.47 2246.80
CITY 27 43.28 66.40 4587.31 4625.31
CITY 28 77.54 56.98 1073.28 1109.40
CITY 29 9.33 25.00 3833.24 3871.99
CITY 30 54.18 75.45 2795.75 2816.23
CITY 31 62.11 23.05 3646.01 3669.81
CITY 32 65.37 85.87 1350.31 1381.66
CITY 33 67.33 51.24 862.47 894.78
CITY 34 20.16 29.99 2375.87 2414.00
CITY 35 95.23 25.74 2170.36 2193.44
CITY 36 95.71 52.68 2002.94 2041.31
CITY 37 73.17 50.77 3563.60 3594.46
CITY 38 28.80 28.43 3340.49 3365.79
CITY 39 94.38 94.47 2546.20 2576.50
CITY 40 44.98 20.42 3770.92 3791.57
CITY 41 86.20 16.31 3485.87 3522.65
CITY 42 90.34 52.31 2853.76 2884.95
CITY 43 27.20 98.55 2202.34 2241.29
CITY 44 0.83 56.93 3704.22 3742.37
CITY 45 96.02 28.34 962.16 1000.19
CITY 46 83.95 47.03 1506.81 1534.56
CITY 47 12.46 54.94 924.87 946.00
CITY 48 59.19 58.87 1258.06 1294.58
CITY 49 94.95 21.23 1261.75 1290.30
CITY 50 72.97 64.51 3062.69 3098.18
CITY 51 43.36 45.00 2474.60 2511.98
CITY 52 45.70 40.86 489.01 530.02
CITY 53 85.51 2.22 3964.23 4009.88
CITY 54 58.42 8.50 1197.88 1231.09
CITY 55 8.20 2.63 3484.03 3527.98
CITY 56 26.07 95.14 3287.06 3335.42
CITY 57 10.26 39.22 3808.00 3840.57
CITY 58 72.79 0.01 1555.34 1591.62
CITY 59 50.52 94.37 3151.15 3182.68
CITY 60 66.22 26.08 4072.27 4112.76
CITY 61 20.44 69.43 4452.66 4483.70
CITY 62 88.76 98.34 2642.62 2672.45
CITY 63 88.29 99.22 1277.67 1320.46
CITY 64 1.66 33.51 1877.95 1923.65
CITY 65 57.66 94.84 2224.70 2254.02
CITY 66 13.57 71.19 4138.31 4185.35
CITY 67 79.54 43.46 2165.72 2206.81
CITY 68 58.78 89.95 3680.66 3704.39
CITY 69 95.90 84.45 1517.37 1566.78
CITY 70 68.25 24.07 1486.55 1527.72
CITY 71 49.05 74.46 3469.58 3515.81
CITY 72 30.09 99.27 327.62 359.95
CITY 73 75.59 51.73 1320.30 1347.64
CITY 74 74.87 85.95 3986.65 4026.78
CITY 75 19.59 51.21 1013.61 1055.22
CITY 76 8.46 76.98 3903.91 3928.15
CITY 77 54.93 37.74 1531.26 1580.27
CITY 78 61.04 20.84 3485.75 3525.03
CITY 79 50.37 36.89 4162.88 4209.99
CITY 80 48.97 35.03 1726.81 1761.06
CITY 81 89.15 38.73 1905.47 1927.02
CITY 82 19.43 42.25 1165.13 1205.53
CITY 83 21.13 59.51 1850.42 1893.85
CITY 84 37.75 73.87 1123.23 1146.38
CITY 85 7.19 96.30 900.84 931.96
CITY 86 67.96 8.88 3278.98 3321.27
CITY 87 4.78 88.28 3849.01 3895.58
CITY 88 30.15 86.64 2116.84 2163.42
CITY 89 17.31 41.35 624.08 651.43
CITY 90 39.24 53.82 3198.88 3234.16
CITY 91 90.17 55.43 4070.69 4105.34
CITY 92 49.59 78.36 4436.74 4482.50
CITY 93 61.33 68.41 2985.09 3033.32
CITY 94 83.93 71.29 635.25 665.87
CITY 95 19.03 74.99 3614.88 3661.22
CITY 96 86.92 96.23 3600.17 3634.45
CITY 97 46.57 55.76 1292.15 1320.11
CITY 98 15.03 95.83 2204.24 2238.26
CITY 99 8.05 59.68 1610.56 1639.50
CITY 100 7.60 75.44 3519.91 3559.46
CITY 101 20.80 62.20 267.20 288.17
CITY 102 71.76 57.10 1275.49 1296.49
CITY 103 40.90 39.84 3333.67 3358.17
CITY 104 74.49 72.24 1576.92 1612.68
CITY 105 95.86 33.35 3017.98 3048.94
CITY 106 34.20 18.03 919.71 960.01
CITY 107 94.15 42.98 146.45 186.95
CITY 108 91.55 76.27 3956.93 3978.04
CITY 109 46.64 85.55 2620.29 2642.65
CITY 110 5.99 24.55 1412.80 1462.49
CITY 111 66.57 82.45 357.24 395.24
CITY 112 76.54 50.19 2716.49 2748.46
CITY 113 31.44 8.03 2514.66 2555.15
CITY 114 31.83 21.50 4415.95 4459.58
CITY 115 27.67 42.64 1432.52 1461.71
CITY 116 44.87 92.33 2345.26 2388.18
CITY 117 40.84 48.69 0.28 41.89
CITY 118 73.31 41.16 3082.22 3127.97
CITY 119 83.39 54.76 676.22 714.65
CITY 120 74.04 71.20 1693.81 1724.10
CITY 121 60.04 37.49 2418.85 2457.42
CITY 122 27.62 16.41 1068.42 1095.37
CITY 123 73.00 57.43 853.82 886.50
CITY 124 28.58 1.73 1277.68 1312.11
CITY 125 24.20 53.50 802.38 827.05
CITY 126 25.34 35.46 993.16 1015.81
CITY 127 38.85 3.22 2225.07 2258.60
CITY 128 24.36 55.18 3848.14 3875.73
CITY 129 73.32 50.03 769.89 803.55
CITY 130 86.47 82.76 12.23 42.05
CITY 131 26.25 10.31 4270.67 4313.05
CITY 132 67.22 91.63 1037.47 1072.61
CITY 133 64.51 83.83 4555.78 4591.90
CITY 134 74.77 69.97 3946.37 3978.78
CITY 135 92.57 86.45 2199.87 2222.74
CITY 136 9.02 20.36 1682.83 1717.99
CITY 137 18.79 14.14 2360.82 2386.69
CITY 138 90.07 97.05 3547.07 3583.11
CITY 139 7.85 21.00 2856.23 2892.04
CITY 140 53.80 63.77 3185.78 3220.44
CITY 141 60.23 34.37 2859.06 2897.66
CITY 142 80.88 52.25 3241.41 3281.73
CITY 143 97.35 91.67 4459.41 4496.03
CITY 144 37.51 36.10 2382.46 2429.08
CITY 145 86.54 37.68 1584.98 1623.61
CITY 146 21.51 20.55 3920.72 3958.34
CITY 147 31.10 76.22 2626.35 2662.78
CITY 148 71.65 4.11 254.80 280.68
CITY 149 53.29 81.91 3977.35 4003.03
CITY 150 12.71 60.67 3749.05 3778.40
CITY 151 15.70 68.91 4023.98 4061.20
CITY 152 74.46 24.22 3504.29 3525.85
CITY 153 58.76 92.37 796.20 831.65
CITY 154 15.47 90.46 1355.52 1405.23
CITY 155 29.57 40.16 902.98 925.49
CITY 156 88.27 35.64 899.01 920.63
CITY 157 6.28 22.35 871.60 915.86
CITY 158 29.68 44.98 2446.73 2486.88
CITY 159 9.98 4.75 4591.16 4633.37
CITY 160 36.06 54.90 3047.45 3076.84
CITY 161 45.66 74.14 3250.77 3277.89
CITY 162 80.02 32.55 4070.10 4093.69
CITY 163 55.84 97.38 2744.34 2767.29
CITY 164 40.66 61.39 4155.02 4183.03
CITY 165 15.27 41.70 3142.93 3190.98
CITY 166 91.74 80.37 105.19 154.34
CITY 167 91.77 74.82 4510.27 4541.69
CITY 168 61.59 1.73 4110.63 4157.27
CITY 169 84.98 72.67 2922.57 2947.37
CITY 170 25.01 80.01 567.10 603.17
CITY 171 41.74 50.35 578.34 618.95
CITY 172 63.28 49.92 4260.78 4292.85
CITY 173 65.04 38.10 2839.16 2882.53
CITY 174 95.46 3.05 888.79 916.92
CITY 175 57.29 93.24 396.52 416.64
CITY 176 34.53 23.04 3040.13 3079.15
CITY 177 92.25 94.72 1614.98 1638.87
CITY 178 13.27 62.73 225.73 251.76
CITY 179 14.58 4.66 2963.62 2997.52
CITY 180 84.53 55.89 2827.22 2869.27
CITY 181 25.41 19.14 2126.47 2150.13
CITY 182 61.01 8.84 1536.84 1583.87
CITY 183 81.14 33.12 4572.94 4619.48
CITY 184 80.28 2.31 4269.40 4316.81
CITY 185 94.77 39.94 3701.21 3722.53
CITY 186 55.24 17.35 4294.91 4320.37
CITY 187 1.28 78.32 3890.33 3936.93
CITY 188 26.35 95.46 1832.85 1882.24
CITY 189 96.60 4.17 2661.39 2689.11
CITY 190 8.34 50.27 3346.09 3381.24
CITY 191 43.57 96.29 1192.02 1213.07
CITY 192 90.06 32.92 3861.86 3894.80
CITY 193 13.45 51.48 2259.89 2295.15
CITY 194 51.05 72.80 1749.17 1781.94
CITY 195 98.25 97.66 2862.84 2889.97
CITY 196 20.60 65.90 240.93 280.34
CITY 197 88.50 13.81 2716.53 2763.07
CITY 198 99.23 79.94 3986.48 4023.16
CITY 199 0.91 27.94 3814.61 3842.92
CITY 200 75.32 90.26 365.71 403.04
CITY 201 1.54 50.89 951.99 975.63
CITY 202 72.10 25.64 4568.02 4605.63
CITY 203 99.03 32.27 1129.14 1154.19
CITY 204 71.83 28.98 337.13 378.47
CITY 205 12.20 45.96 2586.94 2608.37
CITY 206 36.17 30.76 588.45 615.63
CITY 207 35.84 9.30 3377.03 3411.26
CITY 208 63.96 82.01 1521.70 1548.33
CITY 209 65.75 39.38 35.94 72.64
CITY 210 86.45 75.91 1855.22 1894.03
CITY 211 74.82 41.39 3672.11 3703.51
CITY 212 66.08 59.30 765.94 809.17
CITY 213 93.93 53.48 852.14 898.72
CITY 214 52.55 16.47 2463.71 2483.75
CITY 215 76.39 52.69 708.37 739.58
CITY 216 4.17 89.83 2361.39 2394.20
CITY 217 72.75 68.15 3819.64 3854.19
CITY 218 40.95 49.52 84.82 133.30
CITY 219 27.85 80.17 1004.78 1053.99
CITY 220 73.41 57.45 3815.73 3849.97
CITY 221 14.66 23.11 2921.33 2943.77
CITY 222 47.76 89.72 3139.45 3180.73
CITY 223 59.97 15.86 2309.53 2348.21
CITY 224 27.45 70.85 4432.97 4455.58
CITY 225 68.58 70.58 1336.88 1372.68
CITY 226 68.39 98.28 718.60 751.92
CITY 227 76.06 83.90 2993.59 3037.29
CITY 228 61.88 42.44 1536.69 1564.74
CITY 229 40.63 78.71 330.36 361.10
CITY 230 64.13 31.07 512.43 544.53
CITY 231 52.94 42.68 4295.20 4315.44
CITY 232 80.89 56.57 948.45 990.55
CITY 233 81.82 6.10 506.30 549.83
CITY 234 83.71 8.59 3381.59 3418.85
CITY 235 65.22 15.52 4233.66 4258.00
CITY 236 52.43 75.93 3636.31 3662.76
CITY 237 77.23 60.02 2202.31 2234.62
CITY 238 4.88 62.84 3518.81 3551.89
CITY 239 69.42 95.49 3694.10 3740.33
CITY 240 97.08 27.46 3644.37 3670.26
CITY 241 30.00 0.50 3850.42 3880.43
CITY 242 21.92 74.78 1720.75 1767.19
CITY 243 39.91 98.68 2231.58 2279.43
CITY 244 32.63 27.26 4044.41 4074.76
CITY 245 58.58 89.25 187.83 234.54
CITY 246 48.46 26.73 3433.62 3483.33
CITY 247 63.30 13.78 624.66 663.54
CITY 248 74.94 39.51 3199.54 3243.34
CITY 249 62.41 6.30 2751.99 2776.58
CITY 250 53.07 98.15 1877.06 1919.23
CITY 251 92.55 15.36 2302.02 2344.16
CITY 252 17.07 8.55 4046.66 4077.38
CITY 253 32.10 88.61 3603.19 3648.35
CITY 254 21.75 24.59 90.05 124.96
CITY 255 34.02 32.00 637.18 684.61
CITY 256 38.63 41.68 998.96 1037.18
CITY 257 39.77 64.13 1226.04 1268.49
CITY 258 0.25 56.12 3566.89 3587.56
CITY 259 48.05 34.34 3059.67 3106.48
CITY 260 69.70 93.82 2788.03 2809.97
CITY 261 48.33 37.03 703.39 743.72
CITY 262 27.73 9.60 1408.91 1452.34
CITY 263 33.91 67.22 1972.01 2000.27
CITY 264 54.15 52.00 3090.25 3117.59
CITY 265 78.06 33.63 2619.11 2647.28
CITY 266 44.49 35.05 3582.37 3619.84
CITY 267 3.67 1.87 1497.65 1539.41
CITY 268 26.33 79.38 965.45 1010.51
CITY 269 22.27 76.58 2466.10 2505.82
CITY 270 10.18 85.98 3676.83 3702.07
CITY 271 14.09 0.27 2673.75 2716.78
CITY 272 85.86 5.38 1859.37 1907.86
CITY 273 24.10 86.51 1587.80 1618.59
CITY 274 46.38 12.50 233.98 255.41
CITY 275 12.31 33.30 1158.38 1192.03
CITY 276 22.87 28.77 4412.64 4439.85
CITY 277 7.18 89.44 1205.01 1241.11
CITY 278 13.35 35.24 1677.38 1726.23
CITY 279 33.68 25.46 1025.17 1053.28
CITY 280 96.64 63.39 1419.02 1450.83
CITY 281 32.88 64.87 2147.19 2185.77
CITY 282 31.41 23.78 663.85 694.85
CITY 283 37.29 55.27 3829.68 3869.91
CITY 284 58.21 96.80 1579.70 1622.10
CITY 285 30.14 48.78 4261.22 4284.15
CITY 286 40.88 4.43 3615.81 3663.11
CITY 287 77.34 26.25 2940.14 2983.44
CITY 288 41.05 23.83 3405.72 3445.37
CITY 289 96.23 30.20 8.64 29.18
CITY 290 10.18 40.04 2722.61 2771.88
CITY 291 63.36 9.60 3350.02 3384.80
CITY 292 58.99 72.04 3704.08 3744.88
CITY 293 97.42 12.45 1603.98 1633.56
CITY 294 34.00 4.17 3273.49 3308.47
CITY 295 28.34 71.39 1847.92 1871.60
CITY 296 2.54 60.85 1783.09 1803.67
CITY 297 46.01 61.58 143.45 188.84
CITY 298 75.80 43.83 161.94 193.44
CITY 299 57.28 64.62 2638.67 2673.34
CITY 300 43.25 59.74 4335.58 4364.96
CITY 301 67.99 39.79 3231.09 3254.39
CITY 302 79.81 57.83 3584.49 3624.42
CITY 303 77.07 92.33 1948.02 1980.07
CITY 304 25.00 99.82 3630.37 3664.98
CITY 305 24.02 87.92 3653.32 3694.42
CITY 306 59.43 4.55 265.39 289.23
CITY 307 53.40 21.44 3577.58 3626.59
CITY 308 23.05 34.54 488.91 514.73
CITY 309 0.73 27.21 216.41 250.46
CITY 310 85.73 16.50 2917.08 2966.35
CITY 311 22.67 40.52 3087.53 3114.28
CITY 312 47.98 77.19 2607.23 2640.48
CITY 313 82.02 6.26 3189.16 3224.77
CITY 314 2.23 70.36 3922.28 3969.02
CITY 315 1.10 5.15 2095.22 2136.85
CITY 316 80.46 77.42 2006.49 2037.43
CITY 317 81.38 38.98 115.67 140.90
CITY 318 84.98 18.15 4553.71 4586.17
CITY 319 89.69 47.09 2715.24 2743.17
CITY 320 77.84 6.83 4070.15 4116.07
CITY 321 52.31 42.92 2678.39 2701.05
CITY 322 12.63 12.84 900.60 944.67
CITY 323 7.56 62.66 764.07 810.07
CITY 324 80.51 8.26 496.88 531.56
CITY 325 64.19 56.76 4493.04 4538.33
CITY 326 81.00 86.51 1810.69 1853.44
CITY 327 31.85 96.38 2889.18 2917.37
CITY 328 91.47 70.01 830.53 871.12
CITY 329 31.70 28.64 350.88 386.50
CITY 330 79.73 68.75 3057.04 3099.98
CITY 331 69.63 8.53 1754.36 1787.86
CITY 332 51.12 1.83 1552.68 1574.42
CITY 333 55.26 64.81 2479.11 2519.81
CITY 334 21.64 83.75 3316.70 3352.09
CITY 335 78.03 53.71 4122.74 4168.60
CITY 336 93.91 26.02 3080.13 3105.11
CITY 337 94.61 26.10 2398.07 2424.02
CITY 338 32.36 97.48 4130.05 4153.38
CITY 339 44.29 54.17 4185.23 4205.58
CITY 340 0.16 48.17 3571.25 3618.85
CITY 341 46.87 48.29 3362.79 3383.11
CITY 342 42.18 66.50 1999.77 2048.91
CITY 343 23.72 46.50 663.00 701.11
CITY 344 0.26 42.11 2216.93 2262.08
CITY 345 63.65 18.55 430.77 455.19
CITY 346 28.19 52.36 2370.14 2406.97
CITY 347 65.68 10.30 1790.56 1827.79
CITY 348 4.47 88.60 3082.55 3114.16
CITY 349 29.74 32.85 1839.58 1878.02
CITY 350 46.73 10.92 2814.32 2846.36
CITY 351 32.29 90.62 3456.54 3494.82
CITY 352 2.04 78.46 1148.79 1192.72
CITY 353 3.32 56.46 3258.74 3293.33
CITY 354 1.55 29.84 1544.26 1584.12
CITY 355 11.45 96.13 2069.29 2090.88
CITY 356 55.23 73.74 1716.32 1753.54
CITY 357 18.78 99.35 652.99 684.73
CITY 358 95.45 46.24 804.30 853.12
CITY 359 92.23 6.70 1143.26 1190.30
CITY 360 72.86 78.10 1565.54 1590.70
CITY 361 79.59 14.06 519.27 556.41
CITY 362 92.92 2.51 3250.40 3284.06
CITY 363 79.27 51.44 650.06 695.36
CITY 364 60.35 19.90 4562.86 4599.22
CITY 365 75.60 82.76 882.23 927.41
CITY 366 63.88 0.43 1662.71 1689.89
CITY 367 80.34 85.13 2204.24 2234.38
CITY 368 25.37 57.39 3542.67 3583.85
CITY 369 12.21 87.61 3372.39 3401.51
CITY 370 90.73 76.52 691.29 727.58
CITY 371 18.94 57.14 1688.22 1736.76
CITY 372 58.29 48.22 2655.04 2702.99
CITY 373 33.89 75.84 2768.51 2791.51
CITY 374 92.89 8.14 2231.40 2252.21
CITY 375 3.27 41.08 2075.13 2096.84
CITY 376 57.31 7.37 1164.76 1212.74
CITY 377 38.20 33.00 4422.91 4450.51
CITY 378 80.92 76.08 2898.46 2936.17
CITY 379 20.88 44.82 2565.16 2588.62
CITY 380 55.74 76.40 1853.84 1887.79
CITY 381 66.72 85.77 43.12 71.51
CITY 382 31.02 94.17 3012.60 3054.04
CITY 383 58.71 71.60 3105.67 3145.72
CITY 384 23.32 8.00 3501.67 3544.48
CITY 385 4.46 22.58 1213.19 1256.93
CITY 386 74.84 72.26 2071.86 2119.23
CITY 387 98.36 89.61 1212.41 1258.46
CITY 388 11.63 0.03 2492.74 2539.65
CITY 389 85.88 58.66 3218.58 3268.07
CITY 390 72.54 21.72 537.57 560.36
CITY 391 34.44 1.95 1565.44 1594.12
CITY 392 48.36 45.50 3579.24 3616.75
CITY 393 93.93 81.76 3297.60 3326.57
CITY 394 47.73 83.20 483.01 504.55
CITY 395 95.34 57.61 1801.00 1847.44
CITY 396 36.21 67.36 1612.22 1642.46
CITY 397 14.99 56.53 2093.57 2118.56
CITY 398 68.31 21.01 2327.73 2355.78
CITY 399 98.90 2.47 933.17 953.49
CITY 400 50.75 95.66 1746.00 1791.74
CITY 401 74.16 1.14 1992.35 2034.05
CITY 402 72.89 18.20 3974.38 4013.88
CITY 403 86.29 6.77 2385.10 2433.04
CITY 404 78.18 47.64 2869.06 2914.93
CITY 405 88.32 89.04 2016.04 2047.28
CITY 406 4.09 65.43 2615.16 2661.95
CITY 407 40.63 37.62 2282.24 2319.91
CITY 408 87.93 80.79 4237.49 4259.58
CITY 409 78.53 5.52 2010.40 2037.55
CITY 410 35.76 13.00 2741.76 2766.94
CITY 411 66.07 3.25 2478.02 2525.05
CITY 412 91.63 28.74 752.92 778.70
CITY 413 94.16 24.19 3617.55 3644.02
CITY 414 58.94 22.98 1285.41 1306.08
CITY 415 40.11 70.84 126.42 171.86
CITY 416 94.77 56.60 4474.04 4515.27
CITY 417 68.01 0.23 2810.18 2849.81
CITY 418 19.07 43.76 4040.75 4070.45
CITY 419 14.06 30.55 626.99 657.30
CITY 420 48.24 83.46 151.56 183.04
CITY 421 94.02 25.38 4067.51 4104.18
CITY 422 28.73 47.89 4349.00 4376.36
CITY 423 11.64 57.87 3459.81 3503.80
CITY 424 78.33 25.59 1662.81 1711.70
CITY 425 90.45 52.94 29.67 57.10
CITY 426 44.41 76.01 1389.92 1413.88
CITY 427 33.30 2.99 2558.34 2607.47
CITY 428 42.43 53.00 4411.01 4447.34
CITY 429 2.74 18.04 1050.12 1087.82
CITY 430 13.01 12.23 4076.38 4123.89
CITY 431 3.42 89.93 2853.62 2895.13
CITY 432 32.60 40.13 1904.33 1930.59
CITY 433 59.19 57.67 604.85 649.18
CITY 434 56.59 77.67 732.33 778.90
CITY 435 49.71 82.64 3212.87 3240.42
CITY 436 15.75 30.97 1663.65 1695.91
CITY 437 57.63 11.31 4204.96 4242.28
CITY 438 30.97 11.49 38.31 64.15
CITY 439 18.28 55.67 30.44 50.58
CITY 440 32.42 70.16 821.04 855.67
CITY 441 33.85 7.93 4311.87 4336.29
CITY 442 15.92 70.33 3453.85 3476.32
CITY 443 88.74 36.09 1683.31 1711.46
CITY 444 39.83 52.98 2844.81 2884.56
CITY 445 69.62 5.56 4077.91 4110.08
CITY 446 13.16 46.65 2985.87 3006.41
CITY 447 9.77 17.11 3126.90 3164.04
CITY 448 25.29 17.08 233.28 279.31
CITY 449 39.82 48.13 4172.05 4202.30
CITY 450 73.49 93.20 3696.60 3722.65
CITY 451 57.29 37.25 4373.18 4397.43
CITY 452 23.79 55.54 1827.14 1868.36
CITY 453 1.05 4.90 403.75 431.54
CITY 454 44.54 59.44 1052.12 1084.16
CITY 455 7.55 74.15 2440.76 2475.77
CITY 456 9.97 63.43 31.99 62.94
CITY 457 72.24 56.55 2279.25 2328.68
CITY 458 97.54 66.93 127.24 151.11
CITY 459 7.36 13.07 547.17 584.04
CITY 460 54.97 72.09 580.10 606.90
CITY 461 14.94 56.51 3865.44 3910.38
CITY 462 57.53 85.10 3462.14 3499.71
CITY 463 50.55 59.34 473.62 509.69
CITY 464 93.79 90.86 4199.32 4243.63
CITY 465 7.73 84.23 3683.12 3722.49
CITY 466 8.33 60.15 4470.75 4517.87
CITY 467 46.66 83.05 2109.98 2150.86
CITY 468 11.07 79.17 1422.48 1447.98
CITY 469 56.13 46.77 1093.92 1126.29
CITY 470 38.55 34.58 366.11 413.88
CITY 471 23.77 7.01 1379.34 1416.59
CITY 472 97.67 79.17 2157.45 2190.93
CITY 473 75.97 64.58 3252.42 3286.25
CITY 474 17.19 75.15 1364.13 1403.19
CITY 475 19.76 88.33 3948.79 3987.47
CITY 476 46.24 49.54 2771.74 2817.75
CITY 477 36.19 11.03 4151.18 4193.76
CITY 478 85.14 22.28 2381.08 2421.37
