NUM_CLIENTS 374
NUM_VEHICLES 37
CITY 0 0.0 0.0 0.0 5447
CITY 1 21.42 37.92 369.38 401.80
CITY 2 38.12 10.20 2087.08 2108.01
CITY 3 19.82 37.51 482.09 520.32
CITY 4 39.97 74.83 4224.20 4254.45
CITY 5 70.93 26.96 5242.36 5289.66
CITY 6 17.54 39.82 5233.88 5265.28
CITY 7 75.31 92.49 5089.83 5138.96
CITY 8 99.17 49.98 483.06 511.07
CITY 9 2.73 29.01 4313.80 4341.98
CITY 10 68.60 28.08 1823.98 1860.98
CITY 11 67.46 78.79 154.69 181.62
CITY 12 0.69 8.62 3243.45 3275.86
CITY 13 97.94 15.22 4185.03 4233.72
CITY 14 96.87 37.64 3168.28 3215.49
CITY 15 68.70 69.05 3516.86 3558.67
CITY 16 76.60 74.37 4333.37 4365.08
CITY 17 53.04 53.51 3551.87 3598.12
CITY 18 94.23 32.48 3665.54 3699.06
CITY 19 97.98 58.55 1395.87 1439.29
CITY 20 60.46 8.50 3685.98 3733.19
CITY 21 3.31 11.35 1019.90 1064.01
CITY 22 79.07 85.61 4067.27 4115.69
CITY 23 24.05 81.62 3391.28 3428.14
CITY 24 18.88 74.55 2557.43 2591.33
CITY 25 1.56 42.00 4374.11 4421.95
CITY 26 33.07 66.08 1810.07 1851.36
CITY 27 30.49 18.12 5152.28 5179.93
CITY 28 61.31 38.72 3109.09 3137.90
CITY 29 83.53 98.10 4056.24 4090.52
CITY 30 69.53 96.92 4559.07 4582.98
CITY 31 34.28 50.05 5220.14 5243.50
CITY 32 96.68 74.25 5375.68 5423.60
CITY 33 86.43 64.84 2411.54 2439.66
CITY 34 46.10 66.23 1535.80 1578.34
CITY 35 58.51 23.42 3638.43 3682.91
CITY 36 71.16 55.08 4443.42 4476.09
CITY 37 90.94 51.44 2625.17 2647.91
CITY 38 95.55 85.22 286.15 319.50
CITY 39 46.51 96.60 558.26 598.76
CITY 40 62.30 63.63 1823.33 1855.48
CITY 41 7.49 73.84 221.03 249.15
CITY 42 99.91 94.65 3056.21 3092.99
CITY 43 8.99 92.10 1556.60 1595.37
CITY 44 89.10 84.78 4319.84 4349.24
CITY 45 35.06 14.98 5377.87 5422.28
CITY 46 54.18 63.99 2608.87 2649.11
CITY 47 80.97 71.29 4638.43 4678.18
CITY 48 57.38 55.48 3559.56 3581.01
CITY 49 13.85 88.53 2041.99 2081.11
CITY 50 95.06 47.24 4468.39 4498.63
CITY 51 56.04 88.35 3934.13 3956.08
CITY 52 52.47 98.79 2529.81 2550.94
CITY 53 89.01 79.04 1498.18 1546.15
CITY 54 93.60 48.76 3113.30 3136.78
CITY 55 41.65 7.61 5035.53 5063.27
CITY 56 38.18 64.96 5223.41 5273.40
CITY 57 85.63 24.11 4092.27 4125.99
CITY 58 80.02 17.25 4141.91 4188.10
CITY 59 48.95 95.96 4389.56 4429.67
CITY 60 91.72 85.80 4130.83 4179.94
CITY 61 18.47 49.70 3894.54 3929.03
CITY 62 29.24 67.47 5242.04 5276.91
CITY 63 0.47 46.88 3025.07 3048.70
CITY 64 14.70 24.23 1804.40 1827.25
CITY 65 8.65 64.98 4160.52 4205.37
CITY 66 55.06 16.34 895.89 930.38
CITY 67 97.16 6.04 2207.91 2240.09
CITY 68 72.80 14.84 2322.75 2370.07
CITY 69 84.36 54.93 1160.40 1197.53
CITY 70 99.75 45.94 2212.05 2244.13
CITY 71 82.53 52.96 5262.57 5305.62
CITY 72 0.12 1.39 3685.43 3727.78
CITY 73 0.96 75.70 3204.35 3253.86
CITY 74 44.70 81.07 2630.60 2673.90
CITY 75 52.77 51.21 3956.95 4004.52
CITY 76 70.50 43.46 4358.53 4395.93
CITY 77 16.42 49.87 4537.00 4579.58
CITY 78 3.51 96.39 4803.97 4831.01
CITY 79 50.46 59.39 3628.87 3669.62
CITY 80 49.17 30.45 2376.07 2408.35
CITY 81 68.41 61.57 1876.07 1921.64
CITY 82 79.84 67.32 1451.91 1482.12
CITY 83 31.67 13.32 2541.40 2572.21
CITY 84 27.62 77.34 2751.56 2786.62
CITY 85 44.67 58.60 2689.93 2727.25
CITY 86 0.35 91.94 217.81 247.03
CITY 87 76.47 75.48 329.27 362.40
CITY 88 17.96 61.15 5271.23 5292.98
CITY 89 12.50 74.32 3579.84 3626.96
CITY 90 34.53 95.30 2003.46 2036.76
CITY 91 24.15 61.18 3862.89 3883.88
CITY 92 99.30 75.35 4425.63 4468.90
CITY 93 3.92 38.11 1808.06 1841.04
CITY 94 34.28 64.73 1466.70 1498.70
CITY 95 47.86 12.22 1849.00 1885.74
CITY 96 48.22 63.29 3203.41 3224.16
CITY 97 72.01 35.82 4524.21 4550.51
CITY 98 72.33 76.71 3240.79 3267.05
CITY 99 13.60 43.45 1171.69 1199.42
CITY 100 14.94 94.37 3762.53 3787.31
CITY 101 94.65 51.96 2511.51 2558.37
CITY 102 83.29 81.37 2683.89 2709.19
CITY 103 33.70 57.97 550.53 577.52
CITY 104 22.94 47.15 4138.54 4179.51
CITY 105 88.53 0.69 3739.72 3769.09
CITY 106 65.50 25.10 4836.33 4862.47
CITY 107 44.58 26.71 1031.30 1077.91
CITY 108 19.67 12.38 3382.54 3429.16
CITY 109 51.46 53.34 1981.42 2020.46
CITY 110 96.83 12.79 3484.68 3531.40
CITY 111 62.59 1.26 2508.20 2541.40
CITY 112 59.24 80.09 3463.35 3494.50
CITY 113 93.52 67.75 2577.17 2609.80
CITY 114 65.87 54.04 4823.00 4862.58
CITY 115 38.62 36.95 3810.39 3839.61
CITY 116 72.79 69.12 517.35 552.04
CITY 117 69.67 79.16 2501.87 2541.93
CITY 118 43.51 3.01 1113.18 1137.54
CITY 119 82.39 19.82 5233.59 5282.64
CITY 120 42.87 52.93 3328.55 3356.44
CITY 121 96.16 52.62 3001.23 3040.30
CITY 122 57.22 22.09 2465.43 2512.73
CITY 123 46.87 91.63 3627.49 3673.36
CITY 124 67.77 8.03 2009.27 2036.41
CITY 125 9.46 50.98 4088.56 4133.28
CITY 126 42.06 34.54 1958.06 1980.48
CITY 127 68.49 2.99 1789.76 1821.65
CITY 128 43.44 91.15 3504.54 3536.69
CITY 129 67.11 3.68 3487.72 3514.41
CITY 130 29.77 41.76 505.27 534.20
CITY 131 56.82 67.85 2312.95 2337.22
CITY 132 58.36 72.42 480.48 522.40
CITY 133 23.11 33.49 1675.33 1721.03
CITY 134 38.11 15.27 1755.40 1792.38
CITY 135 40.04 90.75 2384.21 2410.39
CITY 136 67.67 41.46 3219.69 3247.41
CITY 137 33.68 59.65 38.98 75.67
CITY 138 34.79 78.79 1543.52 1574.39
CITY 139 77.87 65.29 1070.69 1104.79
CITY 140 51.35 21.72 289.15 331.30
CITY 141 9.10 66.22 3973.82 4022.17
CITY 142 94.00 38.02 2029.50 2069.99
CITY 143 97.30 35.09 2107.64 2151.49
CITY 144 20.49 70.45 1003.23 1051.65
CITY 145 20.45 91.81 2439.54 2476.47
CITY 146 59.84 6.53 3602.67 3622.82
CITY 147 9.60 12.38 3255.51 3284.59
CITY 148 51.94 39.63 5236.10 5256.78
CITY 149 44.24 97.62 4025.54 4057.94
CITY 150 30.42 75.55 4174.85 4211.57
CITY 151 57.10 69.09 3586.16 3621.59
CITY 152 61.40 63.01 1507.88 1542.42
CITY 153 43.07 5.83 4404.44 4444.57
CITY 154 59.95 49.56 4956.91 4985.69
CITY 155 93.77 70.73 3572.04 3611.19
CITY 156 55.92 1.45 1889.33 1924.05
CITY 157 24.69 27.19 2349.47 2386.71
CITY 158 30.01 91.42 4278.61 4319.27
CITY 159 96.85 53.96 4145.51 4191.97
CITY 160 74.42 78.64 5098.87 5128.63
CITY 161 50.12 57.26 3557.60 3589.27
CITY 162 34.48 98.74 2985.22 3018.50
CITY 163 79.88 30.29 2425.20 2447.91
CITY 164 52.87 75.37 2711.76 2761.06
CITY 165 27.34 81.53 1914.64 1952.83
CITY 166 40.33 31.89 1156.69 1177.91
CITY 167 15.77 32.34 808.45 829.81
CITY 168 86.06 64.49 4472.48 4504.18
CITY 169 39.33 60.83 3452.89 3480.85
CITY 170 22.23 77.45 1253.15 1280.69
CITY 171 40.57 33.00 5379.44 5405.04
CITY 172 10.21 35.57 173.75 200.80
CITY 173 45.19 0.51 2946.23 2972.52
CITY 174 86.78 41.96 1569.11 1601.92
CITY 175 90.47 58.74 316.25 350.56
CITY 176 25.96 27.62 2322.40 2369.82
CITY 177 12.25 74.17 442.11 464.55
CITY 178 17.74 81.25 238.98 281.61
CITY 179 72.70 81.61 2186.11 2215.50
CITY 180 35.11 78.87 3832.74 3874.07
CITY 181 70.19 63.85 4873.17 4894.50
CITY 182 78.78 30.27 1693.88 1731.95
CITY 183 21.49 37.28 4560.96 4593.44
CITY 184 71.51 40.11 541.95 568.65
CITY 185 31.38 74.92 4136.37 4157.15
CITY 186 58.61 78.54 2600.92 2644.62
CITY 187 1.16 99.15 4772.45 4794.50
CITY 188 85.56 81.06 4620.64 4643.49
CITY 189 54.20 91.12 3016.58 3048.12
CITY 190 91.43 80.84 3225.99 3264.22
CITY 191 77.07 11.59 4929.34 4968.10
CITY 192 72.40 3.62 1922.64 1946.26
CITY 193 9.49 81.30 4374.59 4401.27
CITY 194 92.87 41.18 2364.01 2399.06
CITY 195 79.50 49.25 2606.90 2642.99
CITY 196 64.20 61.03 796.61 842.13
CITY 197 70.71 75.12 5114.87 5160.36
CITY 198 90.72 95.42 4573.81 4623.49
CITY 199 1.73 91.84 3788.67 3826.67
CITY 200 8.37 96.28 1187.36 1231.74
CITY 201 7.42 19.47 3111.30 3136.20
CITY 202 13.48 56.25 5084.04 5127.19
CITY 203 26.52 66.57 5092.98 5137.79
CITY 204 47.80 67.62 5049.62 5083.75
CITY 205 36.32 55.57 2079.77 2121.26
CITY 206 25.49 0.69 2155.70 2177.75
CITY 207 91.81 94.73 978.55 1010.98
CITY 208 97.63 13.13 177.16 204.04
CITY 209 5.95 38.83 5378.87 5409.99
CITY 210 7.34 31.80 3636.36 3661.40
CITY 211 11.79 43.16 4487.40 4509.31
CITY 212 8.19 12.14 3939.08 3984.98
CITY 213 71.05 77.99 4721.30 4759.74
CITY 214 60.87 22.17 319.97 349.71
CITY 215 58.37 74.55 4150.22 4187.64
CITY 216 91.53 5.96 4253.00 4279.64
CITY 217 79.07 81.60 1839.53 1872.45
CITY 218 65.81 50.49 3266.81 3312.20
CITY 219 10.55 2.02 3144.70 3176.31
CITY 220 10.77 76.28 4642.38 4663.83
CITY 221 28.82 3.08 881.21 903.16
CITY 222 75.45 84.25 4277.70 4297.87
CITY 223 12.24 78.60 4187.93 4236.17
CITY 224 89.00 76.87 1366.37 1408.79
CITY 225 80.73 83.98 4730.16 4771.21
CITY 226 69.18 49.96 551.61 572.75
CITY 227 77.44 84.08 1474.33 1511.24
CITY 228 26.36 56.60 1901.89 1946.49
CITY 229 1.16 68.01 4585.53 4615.50
CITY 230 90.87 50.15 2234.20 2258.15
CITY 231 94.47 26.23 2150.03 2187.85
CITY 232 22.04 61.82 2948.82 2993.82
CITY 233 57.15 4.06 1391.84 1430.09
CITY 234 27.42 30.50 3589.84 3629.58
CITY 235 29.04 35.91 5018.74 5068.64
CITY 236 44.31 43.11 1706.51 1732.23
CITY 237 76.11 53.37 2450.99 2493.57
CITY 238 60.48 87.81 4352.26 4378.12
CITY 239 9.57 93.82 5219.93 5254.79
CITY 240 52.44 63.00 666.33 716.01
CITY 241 67.23 37.53 2799.71 2837.18
CITY 242 1.43 96.61 5191.54 5223.16
CITY 243 60.88 44.60 2094.49 2118.12
CITY 244 39.02 13.71 3881.31 3913.28
CITY 245 0.79 18.96 3220.74 3244.56
CITY 246 80.79 40.00 2959.67 3007.19
CITY 247 99.79 67.51 2607.38 2628.76
CITY 248 39.58 37.85 4529.09 4571.47
CITY 249 82.15 29.54 853.47 900.37
CITY 250 82.19 49.72 713.14 735.74
CITY 251 93.78 32.23 1476.17 1525.00
CITY 252 34.02 34.16 4008.74 4053.67
CITY 253 0.07 32.10 4516.84 4561.97
CITY 254 30.89 39.05 337.41 362.81
CITY 255 36.20 84.92 1832.17 1856.68
CITY 256 62.59 90.82 4841.62 4871.53
CITY 257 76.75 18.84 642.39 670.55
CITY 258 91.85 1.67 3306.31 3351.19
CITY 259 22.99 66.39 1307.16 1330.96
CITY 260 71.78 12.36 3262.66 3309.15
CITY 261 92.14 57.87 4945.90 4992.58
CITY 262 22.62 10.90 4395.24 4442.50
CITY 263 64.07 7.51 4652.86 4697.08
CITY 264 53.82 79.00 2763.23 2791.19
CITY 265 90.69 85.81 3674.89 3713.95
CITY 266 87.60 48.17 4112.83 4137.37
CITY 267 87.39 4.51 801.93 849.77
CITY 268 42.71 53.09 1230.98 1257.49
CITY 269 62.27 56.58 3677.82 3720.19
CITY 270 8.08 10.90 83.61 104.89
CITY 271 68.11 38.29 4649.60 4674.48
CITY 272 40.84 99.34 2802.76 2841.26
CITY 273 80.55 81.08 3666.09 3696.94
CITY 274 47.35 97.24 4189.70 4235.83
CITY 275 86.68 41.70 4140.82 4169.83
CITY 276 52.27 53.32 1054.69 1097.41
CITY 277 49.40 62.65 1697.72 1726.58
CITY 278 18.57 63.94 1093.43 1116.93
CITY 279 89.90 97.00 3667.60 3710.32
CITY 280 55.35 33.11 5315.53 5343.08
CITY 281 36.55 55.40 2845.66 2880.99
CITY 282 47.17 0.71 1413.99 1445.89
CITY 283 43.51 91.51 3824.27 3860.24
CITY 284 54.03 96.99 1614.93 1656.14
CITY 285 82.78 44.67 3901.81 3925.69
CITY 286 62.58 31.34 389.96 435.22
CITY 287 21.51 91.13 2997.74 3035.86
CITY 288 10.27 77.71 3828.35 3860.23
CITY 289 9.53 65.48 2594.69 2623.55
CITY 290 89.85 8.22 4265.53 4293.43
CITY 291 0.38 81.90 82.17 113.80
CITY 292 27.74 28.62 768.19 811.84
CITY 293 59.75 93.14 1902.59 1936.43
CITY 294 27.12 20.47 373.08 416.95
CITY 295 85.02 9.67 661.03 706.57
CITY 296 22.68 81.87 4788.02 4831.59
CITY 297 93.28 16.46 2332.24 2370.70
CITY 298 2.85 2.52 246.69 272.87
CITY 299 63.32 22.63 1627.35 1665.34
CITY 300 36.43 71.14 3783.38 3827.79
CITY 301 71.69 62.69 3959.57 3995.28
CITY 302 9.23 93.26 2761.84 2783.45
CITY 303 71.06 93.04 4763.67 4787.13
CITY 304 57.27 15.34 3276.00 3302.52
CITY 305 43.71 91.83 2779.29 2814.02
CITY 306 28.85 86.75 5141.06 5167.38
CITY 307 11.75 16.74 1236.52 1274.58
CITY 308 26.40 4.10 4748.44 4768.85
CITY 309 45.05 68.58 5292.08 5334.04
CITY 310 87.84 87.79 2835.37 2879.30
CITY 311 55.56 30.97 2545.22 2590.97
CITY 312 25.58 45.90 1193.71 1225.26
CITY 313 85.96 98.20 1906.50 1926.88
CITY 314 67.22 44.93 5193.83 5218.01
CITY 315 85.48 54.96 834.67 880.64
CITY 316 18.10 68.74 2907.72 2931.35
CITY 317 82.90 21.25 4621.98 4654.44
CITY 318 95.84 16.50 2998.56 3026.40
CITY 319 44.04 42.67 3822.78 3849.24
CITY 320 20.60 85.05 4891.36 4933.01
CITY 321 36.02 58.62 4525.53 4562.63
CITY 322 66.23 3.67 2171.19 2211.00
CITY 323 39.71 88.74 2931.01 2980.66
CITY 324 9.45 20.24 3526.57 3554.51
CITY 325 99.85 52.11 3923.64 3960.99
CITY 326 99.97 9.16 5216.67 5256.40
CITY 327 98.14 79.83 1896.96 1921.58
CITY 328 26.14 11.84 4711.14 4753.62
CITY 329 46.77 68.22 2557.31 2598.54
CITY 330 30.69 71.03 5062.21 5105.89
CITY 331 25.24 94.97 511.89 552.57
CITY 332 72.66 57.94 4996.09 5038.23
CITY 333 82.03 80.65 3830.52 3867.70
CITY 334 25.80 7.33 1331.68 1368.89
CITY 335 19.73 10.44 4118.25 4150.55
CITY 336 90.96 39.39 3109.75 3135.07
CITY 337 39.97 42.77 2657.33 2691.97
CITY 338 56.80 36.09 3016.92 3039.08
CITY 339 83.34 30.86 2620.39 2670.34
CITY 340 7.30 34.60 4179.60 4229.47
CITY 341 2.35 54.77 2938.24 2967.17
CITY 342 43.24 49.14 703.11 729.12
CITY 343 60.69 67.96 2644.58 2676.76
CITY 344 36.33 2.76 507.19 529.65
CITY 345 60.98 33.43 2837.15 2857.15
CITY 346 28.31 74.94 2227.33 2254.87
CITY 347 61.85 75.81 1411.58 1449.13
CITY 348 1.28 0.25 3918.88 3967.40
CITY 349 9.72 93.38 4195.29 4242.51
CITY 350 25.01 46.03 3268.42 3297.78
CITY 351 62.88 80.07 3253.24 3301.91
CITY 352 34.26 90.57 1209.85 1249.70
CITY 353 2.68 45.42 5065.66 5097.08
CITY 354 66.63 38.71 979.59 1000.69
CITY 355 67.56 11.82 4322.80 4365.65
CITY 356 45.81 43.23 1207.42 1232.63
CITY 357 36.38 79.84 3063.41 3096.58
CITY 358 15.82 26.70 1959.50 2009.03
CITY 359 10.36 84.43 3484.33 3515.18
CITY 360 68.20 61.81 847.09 893.38
CITY 361 46.69 11.85 3676.92 3706.17
CITY 362 61.86 83.35 2517.94 2552.92
CITY 363 62.54 18.29 4515.63 4548.04
CITY 364 81.72 58.62 2741.55 2773.74
CITY 365 55.18 53.60 3458.67 3495.18
CITY 366 75.43 3.49 4081.14 4111.44
CITY 367 60.50 20.05 1871.51 1902.87
CITY 368 96.82 86.20 4413.98 4458.90
CITY 369 29.33 21.25 3760.96 3786.80
CITY 370 85.54 27.38 4769.37 4790.90
CITY 371 38.27 15.04 2135.13 2169.91
CITY 372 42.43 80.19 4719.70 4757.54
CITY 373 80.85 79.85 3968.69 4004.24
CITY 374 65.58 38.72 3340.85 3385.43
