NUM_CLIENTS 1000
NUM_VEHICLES 600
CITY 0 0.0 0.0 0.0 3733
CITY 1 78.54 97.96 1033.31 1061.38
CITY 2 43.70 44.90 3501.49 3536.62
CITY 3 11.73 57.41 1948.55 1978.11
CITY 4 43.17 14.80 3152.92 3177.97
CITY 5 99.79 19.93 2679.73 2720.32
CITY 6 74.25 86.62 1329.63 1359.50
CITY 7 87.86 76.14 17.27 37.89
CITY 8 54.85 37.69 2923.72 2966.03
CITY 9 99.41 45.34 2190.82 2229.19
CITY 10 0.34 52.11 2831.30 2868.34
CITY 11 9.00 25.21 1501.95 1522.03
CITY 12 57.96 85.59 349.18 386.22
CITY 13 74.14 15.23 873.51 914.08
CITY 14 20.15 45.67 3064.72 3104.92
CITY 15 94.51 57.72 1698.96 1740.45
CITY 16 4.47 0.89 2930.61 2960.72
CITY 17 54.33 84.26 311.92 357.56
CITY 18 90.97 42.53 3682.91 3714.56
CITY 19 4.06 2.31 2201.77 2247.01
CITY 20 58.95 27.73 814.82 847.86
CITY 21 89.03 72.30 907.38 940.75
CITY 22 92.96 52.34 322.80 345.58
CITY 23 60.41 64.58 2560.17 2590.07
CITY 24 14.15 57.33 2966.24 2990.74
CITY 25 1.82 63.59 2966.47 3006.41
CITY 26 6.84 20.35 2811.17 2839.51
CITY 27 41.11 44.65 1387.60 1424.84
CITY 28 59.72 28.34 3281.07 3309.27
CITY 29 40.44 44.16 2640.29 2663.15
CITY 30 55.05 26.70 2375.27 2395.75
CITY 31 13.93 77.00 3353.35 3394.01
CITY 32 15.22 13.78 827.21 860.62
CITY 33 92.24 28.90 14.15 62.97
CITY 34 39.11 3.37 1283.25 1329.87
CITY 35 49.69 68.88 3333.46 3367.48
CITY 36 78.97 35.85 3576.26 3608.61
CITY 37 15.98 93.06 1275.13 1308.76
CITY 38 0.84 8.72 2286.36 2336.13
CITY 39 56.00 13.95 2585.58 2608.79
CITY 40 11.62 41.87 265.07 290.37
CITY 41 63.15 32.74 2083.26 2111.87
CITY 42 86.63 39.76 3254.62 3276.44
CITY 43 60.16 21.91 981.52 1013.77
CITY 44 5.38 12.78 899.98 924.28
CITY 45 8.67 8.97 3238.49 3285.71
CITY 46 20.05 90.41 2095.52 2145.23
CITY 47 62.71 6.86 339.00 359.88
CITY 48 90.44 94.65 2637.41 2657.75
CITY 49 73.54 43.52 1204.10 1252.77
CITY 50 77.19 73.05 3585.86 3613.62
CITY 51 38.18 4.60 3225.05 3264.70
CITY 52 89.38 97.85 1548.85 1575.41
CITY 53 63.40 38.28 3559.56 3582.77
CITY 54 8.81 23.66 1354.14 1395.71
CITY 55 79.85 98.30 3550.91 3580.19
CITY 56 84.53 25.95 1294.53 1343.36
CITY 57 8.31 99.92 1974.17 1999.06
CITY 58 31.79 10.16 2505.40 2550.18
CITY 59 66.82 18.33 1674.10 1694.21
CITY 60 39.20 41.83 2982.34 3030.39
CITY 61 93.19 78.32 3509.28 3554.96
CITY 62 27.61 7.66 3413.39 3459.77
CITY 63 88.39 40.88 2014.64 2049.96
CITY 64 84.43 79.01 1087.85 1121.86
CITY 65 8.05 15.96 230.71 256.94
CITY 66 1.50 41.28 3435.62 3479.81
CITY 67 30.33 56.56 3658.84 3708.04
CITY 68 12.56 31.32 1008.60 1034.88
CITY 69 5.36 72.61 3237.48 3280.10
CITY 70 54.77 94.75 563.95 594.04
CITY 71 63.72 84.35 2230.70 2273.24
CITY 72 16.36 25.68 2895.71 2916.23
CITY 73 39.97 69.10 2952.18 2991.47
CITY 74 8.79 12.37 2473.04 2511.42
CITY 75 77.41 54.67 304.97 329.37
CITY 76 24.91 85.72 1585.84 1615.05
CITY 77 33.74 58.68 1065.99 1112.22
CITY 78 50.27 17.88 247.91 283.42
CITY 79 58.67 41.98 95.21 127.36
CITY 80 25.97 77.41 1285.69 1308.64
CITY 81 10.08 4.37 344.64 389.10
CITY 82 37.11 19.61 2763.84 2786.31
CITY 83 72.62 24.71 117.65 158.89
CITY 84 5.10 61.13 3503.25 3535.97
CITY 85 82.38 23.97 532.59 573.99
CITY 86 64.19 50.52 204.20 225.95
CITY 87 16.32 99.95 750.64 788.48
CITY 88 55.08 59.22 2229.93 2278.67
CITY 89 8.02 80.76 129.13 149.53
CITY 90 29.78 93.68 2997.22 3024.44
CITY 91 75.02 49.64 373.26 417.94
CITY 92 76.19 55.48 177.44 219.92
CITY 93 88.46 75.77 3257.32 3281.99
CITY 94 98.77 35.48 2637.26 2686.59
CITY 95 99.06 72.18 958.99 996.45
CITY 96 28.49 97.82 1724.04 1759.76
CITY 97 86.73 92.13 2319.16 2341.48
CITY 98 95.82 34.07 1250.36 1275.33
CITY 99 11.94 47.25 621.44 657.29
CITY 100 86.72 44.36 2745.20 2779.35
CITY 101 77.94 59.87 216.56 243.36
CITY 102 11.20 41.55 1577.46 1614.04
CITY 103 51.20 77.92 1736.24 1781.29
CITY 104 12.98 20.28 2198.09 2240.83
CITY 105 63.37 38.42 1777.16 1820.41
CITY 106 53.55 48.52 3086.14 3107.35
CITY 107 87.83 55.97 399.49 446.58
CITY 108 18.21 28.68 64.82 106.50
CITY 109 54.90 78.44 1719.86 1768.97
CITY 110 3.15 16.97 953.57 999.61
CITY 111 19.42 76.80 793.40 825.26
CITY 112 18.62 97.03 456.42 493.97
CITY 113 78.93 38.45 2466.83 2498.30
CITY 114 35.24 45.59 1473.36 1507.53
CITY 115 38.89 44.25 2517.33 2539.32
CITY 116 61.97 11.84 2133.23 2182.71
CITY 117 93.15 69.70 3461.16 3509.46
CITY 118 8.94 5.49 434.01 466.21
CITY 119 29.82 14.52 277.03 311.44
CITY 120 0.96 19.76 180.50 228.73
CITY 121 81.34 52.27 957.74 1001.19
CITY 122 28.21 21.19 2757.62 2780.99
CITY 123 53.82 22.21 513.03 549.29
CITY 124 29.28 6.60 96.63 125.67
CITY 125 10.71 42.51 2982.81 3005.05
CITY 126 1.55 85.82 182.08 205.11
CITY 127 91.16 37.71 2653.44 2696.35
CITY 128 71.43 98.92 2574.80 2606.93
CITY 129 79.42 23.11 3197.19 3235.63
CITY 130 33.00 30.99 343.20 363.29
CITY 131 1.71 11.85 2805.35 2852.71
CITY 132 42.06 76.87 581.03 616.20
CITY 133 80.84 78.72 3152.33 3176.00
CITY 134 47.25 55.18 1188.86 1231.80
CITY 135 86.42 13.68 2839.78 2886.96
CITY 136 90.76 32.95 371.72 398.75
CITY 137 37.21 56.28 1871.07 1901.31
CITY 138 25.96 37.64 3458.54 3479.91
CITY 139 67.14 59.86 600.53 642.56
CITY 140 1.89 29.56 1085.16 1127.91
CITY 141 84.26 36.98 1039.11 1082.31
CITY 142 46.86 3.67 247.49 270.54
CITY 143 46.07 6.11 1846.65 1870.32
CITY 144 38.43 26.36 2406.04 2441.99
CITY 145 64.12 22.99 2451.00 2472.84
CITY 146 9.77 31.81 3604.77 3640.67
CITY 147 77.63 88.87 1099.07 1121.26
CITY 148 30.17 84.67 2601.95 2642.11
CITY 149 38.33 16.20 644.54 672.33
CITY 150 75.17 68.53 1489.58 1514.01
