NUM_CLIENTS 150
NUM_VEHICLES 130
CITY 0 0.0 0.0 0.0 3873
CITY 1 69.50 7.51 1895.93 1922.31
CITY 2 67.05 46.82 1478.23 1512.86
CITY 3 34.05 81.40 2913.99 2949.41
CITY 4 31.34 94.44 2711.56 2751.22
CITY 5 84.78 10.57 505.92 553.42
CITY 6 38.56 45.24 2375.88 2401.97
CITY 7 40.02 6.86 1623.26 1663.85
CITY 8 95.15 57.72 399.17 433.00
CITY 9 10.72 11.02 73.25 107.08
CITY 10 26.68 47.62 2034.27 2064.82
CITY 11 11.83 55.03 1361.43 1387.79
CITY 12 39.69 43.08 1282.55 1315.79
CITY 13 36.98 4.91 1468.56 1516.40
CITY 14 19.39 18.94 683.55 711.83
CITY 15 60.74 51.86 426.32 447.82
CITY 16 24.89 11.11 449.21 496.06
CITY 17 57.52 23.88 2039.02 2067.28
CITY 18 88.26 69.95 1552.58 1584.37
CITY 19 21.99 82.41 2647.39 2682.25
CITY 20 17.10 20.36 2438.50 2479.67
CITY 21 28.80 0.31 715.71 762.94
CITY 22 62.21 73.91 3260.83 3301.46
CITY 23 17.02 68.14 645.42 675.38
CITY 24 45.52 96.22 2549.58 2582.42
CITY 25 2.08 97.44 3370.23 3395.36
CITY 26 76.03 0.97 1352.72 1386.94
CITY 27 0.10 87.32 1811.90 1833.26
CITY 28 1.74 68.00 1118.28 1145.13
CITY 29 50.31 75.50 2966.05 2989.05
CITY 30 80.39 33.57 1880.89 1911.42
CITY 31 54.57 66.34 976.74 1010.50
CITY 32 82.77 30.11 1282.55 1318.08
CITY 33 66.39 86.51 3227.02 3261.55
CITY 34 26.99 51.93 2449.56 2474.00
CITY 35 41.03 22.03 3800.45 3831.17
CITY 36 3.09 57.76 2663.11 2696.03
CITY 37 20.63 8.93 3520.43 3551.76
CITY 38 10.79 27.39 2400.34 2436.69
CITY 39 91.24 98.73 3350.54 3375.79
CITY 40 91.03 34.88 1272.85 1310.52
CITY 41 94.53 27.62 736.65 774.04
CITY 42 70.18 83.42 478.85 522.71
CITY 43 56.67 79.25 1333.10 1356.41
CITY 44 0.83 92.72 571.01 611.44
CITY 45 52.32 28.98 2138.19 2163.07
CITY 46 48.68 6.46 1133.79 1167.41
CITY 47 21.73 82.55 480.66 515.31
CITY 48 0.51 35.23 3190.46 3211.96
CITY 49 13.77 87.87 3004.21 3039.27
CITY 50 95.85 56.07 3646.40 3687.80
CITY 51 14.26 73.31 1657.41 1704.96
CITY 52 29.08 3.21 3567.28 3594.74
CITY 53 67.85 38.62 1531.82 1578.95
CITY 54 89.30 92.02 2286.51 2311.71
CITY 55 43.58 87.59 3077.10 3101.28
CITY 56 76.77 25.00 1597.40 1623.38
CITY 57 30.50 29.73 3545.10 3578.94
CITY 58 18.34 78.24 3189.48 3212.36
CITY 59 52.66 69.41 1931.05 1971.60
CITY 60 35.76 35.42 1788.96 1837.81
CITY 61 46.13 91.26 110.75 153.75
CITY 62 8.84 14.06 3467.81 3511.41
CITY 63 58.03 37.31 2377.45 2424.45
CITY 64 87.78 5.35 3232.39 3256.17
CITY 65 67.01 46.28 2919.30 2954.84
CITY 66 83.92 8.47 1040.18 1089.76
CITY 67 10.70 59.43 3144.06 3181.02
CITY 68 69.06 86.43 473.06 510.60
CITY 69 51.08 71.70 2685.10 2720.58
CITY 70 56.20 96.73 530.10 576.96
CITY 71 63.97 15.48 2405.48 2447.05
CITY 72 93.65 80.56 2388.03 2414.05
CITY 73 6.71 15.30 3365.06 3400.65
CITY 74 24.72 10.36 104.01 139.19
CITY 75 39.07 92.60 1153.61 1188.12
CITY 76 18.40 23.49 3242.39 3270.20
CITY 77 61.28 43.91 2519.56 2543.26
CITY 78 14.62 2.17 550.25 592.59
CITY 79 24.07 51.15 2677.68 2703.69
CITY 80 48.05 28.94 391.38 429.04
CITY 81 36.73 27.52 1481.13 1525.13
CITY 82 46.40 81.35 574.96 603.46
CITY 83 12.01 38.94 2223.59 2244.61
CITY 84 65.04 65.72 1704.80 1752.04
CITY 85 35.47 13.93 3374.68 3408.43
CITY 86 0.91 15.83 1918.93 1964.76
CITY 87 21.08 90.26 2012.04 2047.43
CITY 88 17.45 15.14 2511.07 2547.97
CITY 89 45.95 85.87 543.97 587.52
CITY 90 65.84 92.35 270.09 315.26
CITY 91 48.37 96.26 2320.07 2345.49
CITY 92 70.85 50.70 2522.41 2550.18
CITY 93 69.78 58.89 2224.30 2261.84
CITY 94 82.99 6.76 122.57 164.55
CITY 95 23.17 66.53 1914.34 1954.72
CITY 96 32.37 23.15 2952.66 3000.18
CITY 97 79.56 10.54 3368.32 3410.17
CITY 98 38.41 97.33 3527.02 3548.88
CITY 99 25.05 3.74 2869.50 2902.75
CITY 100 37.43 63.13 122.33 147.55
CITY 101 10.77 44.95 517.96 557.08
CITY 102 55.65 19.57 1882.58 1922.94
CITY 103 22.55 74.22 1665.08 1700.94
CITY 104 79.00 8.60 102.44 151.23
CITY 105 9.62 3.32 545.97 566.12
CITY 106 77.44 56.83 3306.30 3336.53
CITY 107 68.24 95.77 2786.95 2822.79
CITY 108 19.01 20.75 3165.55 3200.57
CITY 109 35.65 89.98 3264.10 3308.14
CITY 110 43.89 62.55 3342.47 3379.55
CITY 111 12.72 51.72 394.78 429.74
CITY 112 5.15 54.05 95.95 140.59
CITY 113 28.99 82.81 1498.70 1529.43
CITY 114 87.24 15.79 1108.41 1144.44
CITY 115 24.14 51.78 2340.69 2370.05
CITY 116 61.86 54.59 3410.47 3447.95
CITY 117 93.69 98.49 2500.77 2521.74
CITY 118 42.14 20.05 3396.05 3417.83
CITY 119 20.42 81.68 1266.80 1309.52
CITY 120 91.23 6.23 1891.93 1936.10
CITY 121 56.39 61.00 3193.87 3238.09
CITY 122 34.58 7.08 1597.12 1639.30
CITY 123 92.94 88.75 1835.56 1859.44
CITY 124 72.33 10.41 1903.52 1930.28
CITY 125 35.03 47.76 2990.02 3036.31
CITY 126 22.78 93.12 110.49 153.94
CITY 127 19.62 60.81 1456.61 1497.12
CITY 128 1.81 48.22 1486.11 1517.42
CITY 129 12.52 70.13 2105.41 2128.88
CITY 130 11.80 61.57 3455.24 3485.79
CITY 131 34.31 91.81 918.14 940.90
CITY 132 1.00 41.31 2879.55 2923.78
CITY 133 53.62 4.58 3067.14 3113.34
CITY 134 24.99 5.69 226.02 259.18
CITY 135 28.26 31.41 2307.01 2353.73
CITY 136 99.81 12.97 1526.88 1566.61
CITY 137 65.66 7.64 3588.01 3614.18
CITY 138 70.53 81.34 3432.70 3478.46
CITY 139 44.35 30.27 1409.12 1445.66
CITY 140 86.90 24.42 3414.93 3444.49
CITY 141 54.14 10.44 1331.72 1364.05
CITY 142 95.06 48.62 309.11 356.48
CITY 143 84.14 52.10 1172.73 1209.32
CITY 144 12.27 72.49 3014.42 3035.49
CITY 145 23.51 44.03 2923.86 2972.46
CITY 146 2.13 83.63 1040.65 1078.30
CITY 147 30.04 96.51 237.71 283.35
CITY 148 38.39 1.88 1468.81 1502.13
CITY 149 22.44 37.93 2526.30 2562.27
CITY 150 66.04 3.13 2919.30 2967.42
