NUM_CLIENTS 388
NUM_VEHICLES 38
CITY 0 0.0 0.0 0.0 3433
CITY 1 14.74 24.74 842.72 868.35
CITY 2 57.34 94.05 2687.55 2710.55
CITY 3 8.45 97.93 403.34 437.08
CITY 4 51.35 23.57 1172.74 1213.39
CITY 5 41.59 91.82 2077.81 2117.90
CITY 6 89.09 89.88 1537.28 1558.77
CITY 7 82.44 29.13 121.97 160.85
CITY 8 22.55 15.11 350.37 399.52
CITY 9 61.73 69.44 602.86 632.41
CITY 10 88.57 76.43 1671.17 1696.35
CITY 11 14.21 49.22 1311.96 1339.60
CITY 12 22.03 45.44 553.29 584.11
CITY 13 28.93 14.43 1270.93 1302.23
CITY 14 32.05 81.09 1999.70 2039.08
CITY 15 85.00 19.24 660.70 702.77
CITY 16 69.24 81.65 684.57 713.27
CITY 17 30.20 87.72 2819.78 2848.92
CITY 18 84.06 49.91 2027.16 2074.84
CITY 19 1.17 46.46 2721.42 2741.73
CITY 20 37.42 68.31 2591.23 2631.76
CITY 21 7.14 76.61 1059.63 1103.27
CITY 22 44.82 25.74 2374.83 2400.28
CITY 23 42.71 65.79 541.14 587.47
CITY 24 74.11 41.41 906.67 940.24
CITY 25 49.80 31.89 576.79 624.15
CITY 26 56.72 1.75 272.51 304.49
CITY 27 54.27 14.18 2045.32 2066.15
CITY 28 36.89 72.51 533.39 571.17
CITY 29 11.70 32.26 2925.23 2973.10
CITY 30 41.05 4.20 2000.75 2030.22
CITY 31 66.48 58.16 786.86 814.19
CITY 32 66.84 81.24 2184.58 2209.75
CITY 33 62.24 29.67 2584.43 2609.82
CITY 34 43.15 7.60 2243.76 2282.46
CITY 35 2.71 66.88 1149.01 1174.85
CITY 36 72.39 22.30 1821.10 1866.64
CITY 37 4.36 57.39 2881.19 2907.93
CITY 38 85.55 6.42 2173.12 2198.43
CITY 39 15.18 94.98 584.91 607.19
CITY 40 74.92 51.14 3084.27 3107.65
CITY 41 37.25 15.37 1473.09 1505.61
CITY 42 49.95 40.15 3023.15 3046.27
CITY 43 58.28 53.08 886.83 922.95
CITY 44 38.95 98.88 2537.51 2582.62
CITY 45 67.37 4.26 1313.51 1350.61
CITY 46 50.25 93.24 1496.11 1531.84
CITY 47 24.46 31.37 1107.23 1149.33
CITY 48 38.77 40.17 3199.41 3231.39
CITY 49 31.08 74.54 2015.57 2057.30
CITY 50 21.77 65.85 378.20 402.42
CITY 51 93.02 80.87 605.71 631.51
CITY 52 1.71 69.02 153.83 178.73
CITY 53 25.29 21.70 3290.24 3318.68
CITY 54 48.56 51.11 2976.95 3020.13
CITY 55 70.00 11.19 1593.59 1632.04
CITY 56 15.34 76.04 1989.64 2027.46
CITY 57 61.30 57.54 1782.32 1821.87
CITY 58 51.37 19.92 2487.71 2508.31
CITY 59 21.93 43.20 1386.43 1428.55
CITY 60 74.51 70.62 211.06 241.49
CITY 61 19.67 16.13 1138.92 1175.24
CITY 62 18.86 9.64 1088.53 1109.93
CITY 63 80.96 27.02 2998.34 3045.31
CITY 64 54.98 0.19 1201.91 1242.58
CITY 65 92.49 84.25 2083.74 2123.54
CITY 66 56.46 61.15 201.77 233.71
CITY 67 69.75 16.40 1547.35 1580.43
CITY 68 24.41 22.71 2854.70 2904.49
CITY 69 20.68 87.21 2061.65 2093.21
CITY 70 78.96 95.97 725.62 760.13
CITY 71 90.01 8.33 1137.44 1160.86
CITY 72 63.11 54.23 2744.71 2789.53
CITY 73 40.25 39.76 354.39 387.41
CITY 74 30.47 77.70 2.78 25.01
CITY 75 15.51 50.58 530.63 577.63
CITY 76 71.69 15.24 2276.85 2322.32
CITY 77 73.11 22.38 3036.96 3070.79
CITY 78 60.01 85.61 1787.42 1817.19
CITY 79 93.79 73.63 2369.17 2401.35
CITY 80 89.57 49.30 321.29 342.59
CITY 81 75.55 72.34 2792.74 2817.75
CITY 82 63.48 93.43 1768.11 1813.80
CITY 83 81.32 24.74 253.93 277.75
CITY 84 60.67 95.65 395.06 442.61
CITY 85 69.48 35.23 2007.54 2044.93
CITY 86 53.32 24.69 2343.67 2374.17
CITY 87 49.75 73.44 56.28 97.77
CITY 88 73.19 70.15 1274.95 1315.83
CITY 89 82.20 53.39 2583.66 2622.01
CITY 90 35.39 82.94 468.09 501.54
CITY 91 30.80 50.72 1913.10 1961.67
CITY 92 34.34 22.35 922.98 956.03
CITY 93 63.65 76.40 2497.24 2543.84
CITY 94 57.93 60.78 1505.61 1544.43
CITY 95 14.27 61.73 1431.18 1480.84
CITY 96 30.45 76.45 1942.16 1974.05
CITY 97 2.16 0.38 2644.99 2678.71
CITY 98 68.60 49.80 1891.60 1932.17
CITY 99 85.06 28.42 933.03 981.64
CITY 100 19.35 60.83 1705.26 1734.33
CITY 101 41.10 24.25 2837.98 2873.55
CITY 102 62.99 20.63 2480.00 2516.09
CITY 103 53.32 99.72 991.11 1028.64
CITY 104 2.80 29.00 33.41 71.56
CITY 105 66.29 51.48 1334.59 1354.89
CITY 106 96.49 11.83 3002.85 3023.79
CITY 107 39.85 96.12 132.22 164.23
CITY 108 55.29 90.17 61.16 97.49
CITY 109 27.06 83.36 1213.04 1236.17
CITY 110 22.14 55.63 1825.55 1862.21
CITY 111 87.49 80.45 1115.98 1145.14
CITY 112 81.48 55.11 2093.58 2135.69
CITY 113 26.19 85.46 3365.56 3402.16
CITY 114 41.60 86.55 49.29 97.05
CITY 115 44.71 37.06 43.05 63.07
CITY 116 4.59 34.49 1320.65 1361.01
CITY 117 10.18 88.86 2633.85 2664.53
CITY 118 20.33 91.12 3214.92 3246.54
CITY 119 9.71 26.11 1912.52 1957.29
CITY 120 97.87 66.50 3035.24 3064.06
CITY 121 44.88 5.18 2575.04 2622.46
CITY 122 91.23 65.36 1795.76 1820.62
CITY 123 87.82 80.36 105.65 144.58
CITY 124 20.40 37.24 2327.27 2348.70
CITY 125 27.14 29.56 3212.81 3240.38
CITY 126 60.15 93.81 1330.85 1359.08
CITY 127 34.29 42.19 3052.77 3084.80
CITY 128 91.65 16.48 3180.01 3211.35
CITY 129 78.74 12.60 1094.76 1125.09
CITY 130 59.74 87.22 463.22 511.20
CITY 131 76.81 18.42 2892.83 2916.58
CITY 132 0.79 23.59 3152.52 3191.94
CITY 133 29.49 79.31 874.91 904.13
CITY 134 90.08 30.36 976.24 1019.81
CITY 135 37.24 22.28 1478.62 1503.74
CITY 136 84.81 81.78 1807.80 1837.18
CITY 137 48.91 8.18 464.08 494.07
CITY 138 34.77 10.16 2373.23 2419.09
CITY 139 59.59 0.33 842.83 866.66
CITY 140 18.48 9.14 2939.56 2987.44
CITY 141 77.91 23.68 2634.68 2658.98
CITY 142 96.99 49.47 1439.80 1467.92
CITY 143 64.25 73.15 2088.95 2125.62
CITY 144 71.24 32.12 1098.54 1123.97
CITY 145 66.86 17.03 2847.46 2871.66
CITY 146 85.92 10.14 391.26 426.34
CITY 147 48.93 61.49 1517.70 1539.35
CITY 148 91.62 52.91 2154.06 2184.96
CITY 149 59.93 25.83 1536.25 1564.32
CITY 150 23.03 36.61 726.75 769.92
CITY 151 29.76 87.38 2475.68 2521.28
CITY 152 29.58 83.33 2855.61 2879.18
CITY 153 58.06 70.23 3315.28 3349.06
CITY 154 26.00 84.74 2040.07 2061.17
CITY 155 23.14 51.05 102.45 128.31
CITY 156 52.99 42.13 2956.22 2978.28
CITY 157 20.10 82.55 1763.10 1801.13
CITY 158 18.22 93.63 1735.41 1770.59
CITY 159 88.96 81.21 1883.71 1914.29
CITY 160 17.41 54.33 664.08 692.64
CITY 161 55.49 18.40 2314.89 2344.29
CITY 162 12.22 69.15 1382.27 1427.22
CITY 163 21.27 32.74 766.00 810.36
CITY 164 78.42 5.00 1731.70 1777.61
CITY 165 35.62 68.56 635.98 664.35
CITY 166 38.15 8.76 1621.10 1663.37
CITY 167 93.35 59.25 1344.71 1392.67
CITY 168 98.69 22.45 2752.52 2776.62
CITY 169 60.46 25.70 1272.25 1316.06
CITY 170 26.20 90.60 178.14 215.77
CITY 171 58.58 2.90 124.94 146.38
CITY 172 59.56 34.03 770.90 791.41
CITY 173 90.59 83.27 2313.15 2343.37
CITY 174 9.52 8.50 2011.03 2050.93
CITY 175 29.05 28.75 2200.81 2232.51
CITY 176 73.61 51.46 1748.01 1786.58
CITY 177 93.92 83.94 2080.79 2114.52
CITY 178 37.07 17.07 3081.37 3112.50
CITY 179 77.51 49.03 2148.58 2185.71
CITY 180 75.42 12.64 1753.45 1776.79
CITY 181 59.23 17.92 241.74 284.10
CITY 182 46.28 53.88 2233.91 2273.78
CITY 183 63.12 7.40 465.70 501.56
CITY 184 18.75 60.84 2908.97 2955.93
CITY 185 46.21 92.62 2539.32 2575.20
CITY 186 91.59 26.27 1112.10 1135.07
CITY 187 26.59 92.60 1439.31 1482.13
CITY 188 15.99 99.49 3322.25 3345.39
CITY 189 18.22 21.76 100.42 136.27
CITY 190 34.17 43.44 1814.56 1857.82
CITY 191 57.81 60.98 3335.10 3380.13
CITY 192 7.98 94.53 1138.58 1158.92
CITY 193 82.11 73.79 2087.97 2135.48
CITY 194 96.61 72.01 2132.22 2157.23
CITY 195 10.54 46.80 158.98 188.45
CITY 196 56.03 42.52 1430.87 1457.10
CITY 197 82.31 37.37 2124.54 2164.25
CITY 198 74.45 53.85 69.92 111.58
CITY 199 96.12 1.19 2828.64 2858.20
CITY 200 12.65 39.46 2524.15 2547.80
CITY 201 57.57 78.73 270.03 297.49
CITY 202 85.76 12.57 1940.17 1974.40
CITY 203 13.44 86.61 1182.57 1209.87
CITY 204 42.66 57.40 2334.56 2364.40
CITY 205 53.50 10.11 1699.24 1722.93
CITY 206 28.34 6.10 458.83 485.20
CITY 207 46.10 40.05 3064.24 3112.22
CITY 208 79.51 53.09 695.69 738.41
CITY 209 13.99 43.99 734.22 764.68
CITY 210 72.06 40.09 830.01 860.60
CITY 211 79.85 6.04 24.07 54.08
CITY 212 32.18 87.38 2541.57 2590.70
CITY 213 9.03 63.29 987.49 1027.46
CITY 214 8.59 33.43 1305.28 1336.54
CITY 215 58.48 56.81 1207.96 1251.66
CITY 216 11.57 37.98 832.55 881.25
CITY 217 61.34 66.00 2836.03 2883.36
CITY 218 47.15 18.17 95.31 120.06
CITY 219 59.45 99.68 2199.48 2231.78
CITY 220 34.31 24.94 599.09 621.56
CITY 221 80.72 25.64 2763.91 2804.40
CITY 222 7.65 89.33 2109.14 2150.03
CITY 223 95.89 32.33 3016.43 3046.47
CITY 224 87.22 63.48 1013.59 1058.44
CITY 225 4.29 37.33 420.98 446.65
CITY 226 56.02 0.12 1659.07 1685.49
CITY 227 26.41 48.66 705.46 729.49
CITY 228 85.72 87.24 890.73 918.51
CITY 229 27.06 11.61 2554.09 2580.99
CITY 230 31.70 21.14 73.10 105.45
CITY 231 79.73 41.84 1360.41 1401.27
CITY 232 86.06 65.93 2052.85 2101.80
CITY 233 91.99 56.97 585.71 621.81
CITY 234 85.82 93.85 1722.45 1765.40
CITY 235 87.12 75.44 1186.10 1231.77
CITY 236 23.71 83.14 1111.83 1154.29
CITY 237 45.37 84.59 417.08 445.05
CITY 238 19.65 64.18 1437.16 1473.74
CITY 239 56.00 11.98 357.44 388.95
CITY 240 83.21 27.10 2438.61 2483.48
CITY 241 20.31 94.71 1998.16 2040.96
CITY 242 90.11 50.73 695.36 729.46
CITY 243 65.19 35.91 1731.99 1773.96
CITY 244 21.44 28.40 1606.57 1626.99
CITY 245 25.11 23.25 28.51 48.89
CITY 246 91.31 94.21 1181.03 1216.41
CITY 247 63.69 41.91 78.46 114.81
CITY 248 39.59 34.87 2664.19 2713.29
CITY 249 92.38 6.78 2866.69 2912.57
CITY 250 23.26 8.50 117.90 157.47
CITY 251 45.02 13.40 908.44 936.83
CITY 252 1.97 70.73 1673.73 1711.48
CITY 253 70.42 9.97 727.65 755.78
CITY 254 99.78 24.02 1863.49 1885.74
CITY 255 62.14 71.46 1047.26 1095.91
CITY 256 92.36 14.42 937.25 985.82
CITY 257 2.82 73.02 1887.78 1912.32
CITY 258 38.98 25.58 3157.36 3189.57
CITY 259 18.33 37.32 3355.45 3400.71
CITY 260 79.35 18.55 47.32 92.30
CITY 261 69.39 67.34 583.20 606.19
CITY 262 53.36 62.19 119.91 149.08
CITY 263 52.58 9.92 1290.56 1312.06
CITY 264 1.20 54.62 1517.79 1557.37
CITY 265 5.61 93.00 2635.48 2656.43
CITY 266 33.52 79.24 1322.49 1366.57
CITY 267 72.14 7.01 1219.20 1251.48
CITY 268 54.37 3.12 1146.72 1180.99
CITY 269 31.30 5.99 1674.36 1698.45
CITY 270 95.53 56.31 41.69 85.65
CITY 271 21.62 46.15 641.10 684.46
CITY 272 65.43 17.17 316.39 342.52
CITY 273 81.30 56.64 2514.40 2548.57
CITY 274 7.56 38.98 482.20 505.79
CITY 275 80.43 25.39 2943.68 2984.98
CITY 276 27.93 40.75 378.47 413.35
CITY 277 56.95 54.72 3358.68 3380.73
CITY 278 83.42 45.48 1036.53 1068.74
CITY 279 98.33 14.47 763.15 792.19
CITY 280 85.68 93.07 445.69 476.51
CITY 281 9.28 39.73 487.39 512.82
CITY 282 91.14 26.99 278.36 326.99
CITY 283 91.39 66.43 57.57 85.72
CITY 284 74.19 44.61 2850.41 2896.91
CITY 285 37.58 2.26 2281.51 2314.13
CITY 286 62.55 31.58 759.99 783.91
CITY 287 40.90 65.15 2038.86 2067.86
CITY 288 55.72 97.05 2290.72 2318.83
CITY 289 34.49 69.20 1976.84 2007.37
CITY 290 38.23 13.14 359.62 399.64
CITY 291 31.97 93.01 1967.02 2012.27
CITY 292 17.07 42.99 2979.89 3029.69
CITY 293 70.31 73.25 2714.30 2760.84
CITY 294 25.53 55.60 2676.51 2723.76
CITY 295 51.37 42.13 723.60 754.98
CITY 296 5.88 0.97 1777.83 1807.19
CITY 297 25.88 51.12 780.53 825.16
CITY 298 55.75 8.86 1909.89 1947.05
CITY 299 49.07 61.97 1919.02 1941.59
CITY 300 30.08 5.04 1932.64 1974.43
CITY 301 52.91 82.39 3023.50 3072.74
CITY 302 39.30 96.19 2115.48 2160.49
CITY 303 78.54 97.96 942.51 970.58
CITY 304 43.70 44.90 3215.83 3250.95
CITY 305 11.73 57.41 1785.49 1815.05
CITY 306 43.17 14.80 2894.78 2919.82
CITY 307 99.79 19.93 2458.94 2499.53
CITY 308 74.25 86.62 1215.44 1245.31
CITY 309 87.86 76.14 6.69 27.31
CITY 310 54.85 37.69 2683.66 2725.98
CITY 311 99.41 45.34 2008.63 2047.00
CITY 312 0.34 52.11 2598.54 2635.59
CITY 313 9.00 25.21 1374.15 1394.23
CITY 314 57.96 85.59 312.40 349.44
CITY 315 74.14 15.23 795.33 835.90
CITY 316 20.15 45.67 2813.54 2853.73
CITY 317 94.51 57.72 1555.61 1597.10
CITY 318 4.47 0.89 2690.02 2720.12
CITY 319 54.33 84.26 278.08 323.72
CITY 320 90.97 42.53 3382.92 3414.57
CITY 321 4.06 2.31 2018.72 2063.96
CITY 322 58.95 27.73 741.28 774.31
CITY 323 89.03 72.30 826.53 859.90
CITY 324 92.96 52.34 288.11 310.88
CITY 325 60.41 64.58 2348.83 2378.72
CITY 326 14.15 57.33 2722.83 2747.33
CITY 327 1.82 63.59 2723.04 2762.99
CITY 328 6.84 20.35 2580.01 2608.34
CITY 329 41.11 44.65 1268.83 1306.08
CITY 330 59.72 28.34 3012.80 3041.00
CITY 331 40.44 44.16 2422.61 2445.48
CITY 332 55.05 26.70 2178.52 2199.01
CITY 333 13.93 77.00 3079.38 3120.04
CITY 334 15.22 13.78 752.69 786.09
CITY 335 92.24 28.90 3.82 52.65
CITY 336 39.11 3.37 1172.72 1219.34
CITY 337 49.69 68.88 3061.06 3095.08
CITY 338 78.97 35.85 3284.69 3317.03
CITY 339 15.98 93.06 1165.24 1198.88
CITY 340 0.84 8.72 2096.63 2146.41
CITY 341 56.00 13.95 2372.23 2395.44
CITY 342 11.62 41.87 234.93 260.23
CITY 343 63.15 32.74 1909.57 1938.18
CITY 344 86.63 39.76 2988.44 3010.26
CITY 345 60.16 21.91 894.81 927.06
CITY 346 5.38 12.78 819.71 844.01
CITY 347 8.67 8.97 2973.58 3020.81
CITY 348 20.05 90.41 1920.86 1970.57
CITY 349 62.71 6.86 303.02 323.90
CITY 350 90.44 94.65 2419.96 2440.31
CITY 351 73.54 43.52 1099.82 1148.49
CITY 352 77.19 73.05 3293.53 3321.29
CITY 353 38.18 4.60 2961.21 3000.86
CITY 354 89.38 97.85 1417.35 1443.91
CITY 355 63.40 38.28 3269.31 3292.52
CITY 356 8.81 23.66 1238.01 1279.59
CITY 357 79.85 98.30 3261.34 3290.62
CITY 358 84.53 25.95 1183.11 1231.94
CITY 359 8.31 99.92 1809.09 1833.98
CITY 360 31.79 10.16 2298.37 2343.15
CITY 361 66.82 18.33 1532.71 1552.83
CITY 362 39.20 41.83 2737.66 2785.71
CITY 363 93.19 78.32 3223.00 3268.67
CITY 364 27.61 7.66 3134.68 3181.06
CITY 365 88.39 40.88 1846.37 1881.68
CITY 366 84.43 79.01 992.75 1026.76
CITY 367 8.05 15.96 203.28 229.51
CITY 368 1.50 41.28 3155.15 3199.34
CITY 369 30.33 56.56 3360.75 3409.95
CITY 370 12.56 31.32 919.75 946.04
CITY 371 5.36 72.61 2972.66 3015.28
CITY 372 54.77 94.75 510.21 540.30
CITY 373 63.72 84.35 2045.37 2087.90
CITY 374 16.36 25.68 2657.87 2678.39
CITY 375 39.97 69.10 2709.88 2749.17
CITY 376 8.79 12.37 2268.57 2306.95
CITY 377 77.41 54.67 271.68 296.08
CITY 378 24.91 85.72 1451.42 1480.63
CITY 379 33.74 58.68 972.61 1018.85
CITY 380 50.27 17.88 219.13 254.63
CITY 381 58.67 41.98 78.48 110.64
CITY 382 25.97 77.41 1174.97 1197.92
CITY 383 10.08 4.37 308.22 352.67
CITY 384 37.11 19.61 2536.41 2558.88
CITY 385 72.62 24.71 99.15 140.39
CITY 386 5.10 61.13 3217.44 3250.16
CITY 387 82.38 23.97 481.33 522.73
CITY 388 64.19 50.52 178.86 200.62
