NUM_CLIENTS 414
NUM_VEHICLES 41
CITY 0 0.0 0.0 0.0 3031
CITY 1 8.84 58.10 335.34 368.16
CITY 2 49.44 55.18 739.62 774.25
CITY 3 67.42 80.85 1649.12 1675.85
CITY 4 72.29 35.40 2322.29 2356.10
CITY 5 79.79 80.48 1997.35 2029.30
CITY 6 29.28 4.52 1802.75 1835.40
CITY 7 63.97 83.51 1121.79 1158.20
CITY 8 72.04 93.56 1279.77 1307.74
CITY 9 51.17 15.17 1323.40 1347.99
CITY 10 33.80 38.59 476.39 524.39
CITY 11 58.00 24.32 1878.97 1907.23
CITY 12 54.67 0.03 2884.60 2933.40
CITY 13 77.87 26.59 1192.79 1233.69
CITY 14 22.80 4.11 1299.44 1348.99
CITY 15 39.52 15.13 2943.81 2979.62
CITY 16 60.19 6.81 65.75 110.74
CITY 17 8.92 7.39 2977.16 3000.55
CITY 18 89.61 99.42 740.14 779.97
CITY 19 98.71 64.01 486.63 531.26
CITY 20 20.46 40.74 693.53 727.78
CITY 21 40.76 0.04 556.20 583.65
CITY 22 91.84 32.12 1523.42 1555.44
CITY 23 77.98 70.03 2712.74 2743.55
CITY 24 95.61 75.05 1477.36 1505.23
CITY 25 61.63 42.89 1938.50 1984.69
CITY 26 69.70 27.36 2348.13 2380.62
CITY 27 84.51 47.00 2206.94 2253.84
CITY 28 93.14 6.53 1537.56 1578.57
CITY 29 59.45 57.32 1629.48 1650.73
CITY 30 54.10 90.76 8.50 40.52
CITY 31 83.33 14.55 809.34 842.62
CITY 32 41.37 84.78 311.77 338.57
CITY 33 32.64 18.47 1176.06 1207.36
CITY 34 26.50 42.22 1976.90 2015.43
CITY 35 91.51 69.89 1734.26 1775.15
CITY 36 54.96 31.16 1510.54 1547.56
CITY 37 68.87 86.67 975.76 1013.41
CITY 38 97.89 80.36 146.96 170.69
CITY 39 13.48 59.91 538.31 583.66
CITY 40 78.10 99.47 734.51 782.37
CITY 41 88.92 4.45 338.01 372.25
CITY 42 42.25 72.82 676.89 714.77
CITY 43 75.27 55.52 1177.15 1209.79
CITY 44 24.86 97.59 1930.55 1953.55
CITY 45 57.93 32.77 1787.09 1818.46
CITY 46 0.77 2.48 1955.73 1992.90
CITY 47 80.70 29.87 2895.37 2922.88
CITY 48 4.70 92.05 2976.95 3017.42
CITY 49 27.40 90.30 2568.32 2606.72
CITY 50 43.13 41.05 974.41 1007.49
CITY 51 16.18 82.02 2776.48 2805.92
CITY 52 86.52 49.00 1320.87 1356.99
CITY 53 2.92 45.06 2840.87 2883.91
CITY 54 96.48 19.23 1509.64 1547.90
CITY 55 42.52 24.25 2331.83 2359.57
CITY 56 40.44 38.13 389.93 428.94
CITY 57 77.04 33.65 862.08 885.33
CITY 58 63.26 60.37 1034.48 1082.24
CITY 59 0.92 93.19 1268.40 1314.07
CITY 60 11.84 15.22 539.69 582.55
CITY 61 45.19 96.43 1426.01 1465.71
CITY 62 31.06 13.43 942.01 964.03
CITY 63 2.77 7.91 837.45 886.96
CITY 64 9.23 91.07 2539.18 2583.64
CITY 65 25.12 79.69 1906.10 1955.91
CITY 66 0.61 90.44 1600.35 1623.60
CITY 67 58.88 98.20 1434.46 1469.29
CITY 68 55.88 19.59 235.89 273.23
CITY 69 88.25 35.84 2774.49 2821.41
CITY 70 93.10 27.32 402.17 443.72
CITY 71 79.25 85.27 1903.65 1936.40
CITY 72 14.73 11.09 490.74 516.86
CITY 73 25.12 73.54 2636.69 2666.95
CITY 74 43.01 69.64 2174.63 2220.62
CITY 75 53.23 46.12 1044.41 1088.98
CITY 76 16.88 98.34 2825.95 2851.20
CITY 77 12.79 67.17 2070.95 2097.93
CITY 78 32.43 25.32 2375.61 2425.00
CITY 79 26.84 3.14 2815.77 2843.41
CITY 80 65.28 28.52 1392.79 1434.99
CITY 81 86.99 84.55 228.65 252.85
CITY 82 19.35 93.47 2935.47 2964.03
CITY 83 53.73 76.53 2179.03 2213.77
CITY 84 94.01 73.34 2931.19 2964.71
CITY 85 90.12 39.81 614.92 654.86
CITY 86 64.51 67.85 495.91 521.00
CITY 87 19.16 83.26 1606.45 1647.00
CITY 88 81.96 89.77 1054.17 1074.55
CITY 89 54.29 80.12 200.54 244.06
CITY 90 96.23 82.67 759.95 801.39
CITY 91 19.44 38.66 2964.10 3013.46
CITY 92 32.50 54.53 2473.47 2501.47
CITY 93 89.38 33.10 684.19 713.36
CITY 94 3.58 92.08 2086.71 2125.74
CITY 95 10.38 6.91 2601.18 2634.40
CITY 96 50.52 51.42 199.61 232.36
CITY 97 98.89 27.89 758.35 798.45
CITY 98 35.95 26.19 159.45 195.40
CITY 99 81.94 87.90 2052.22 2086.48
CITY 100 61.95 45.03 2337.93 2361.15
CITY 101 64.18 65.09 2713.75 2755.53
CITY 102 32.05 64.36 367.66 403.75
CITY 103 96.03 51.25 761.52 797.68
CITY 104 38.60 62.21 1726.83 1776.48
CITY 105 52.77 77.64 2637.59 2680.52
CITY 106 59.89 30.61 2937.13 2971.57
CITY 107 70.31 83.75 311.97 357.17
CITY 108 68.10 25.38 693.24 737.54
CITY 109 86.18 98.65 1611.07 1659.98
CITY 110 71.05 17.50 394.09 420.20
CITY 111 55.67 22.64 1340.05 1375.69
CITY 112 23.83 79.23 449.98 473.36
CITY 113 64.61 54.97 89.68 137.28
CITY 114 15.71 88.16 626.28 651.45
CITY 115 86.69 92.42 2121.55 2158.26
CITY 116 21.21 14.57 133.50 157.00
CITY 117 18.51 17.57 6.30 28.19
CITY 118 52.20 46.13 1131.00 1152.36
CITY 119 2.98 84.13 1779.26 1825.29
CITY 120 91.96 67.67 2131.02 2154.67
CITY 121 54.77 81.78 564.45 595.97
CITY 122 9.29 6.17 2159.75 2206.68
CITY 123 28.94 31.93 727.27 775.57
CITY 124 58.96 75.51 2343.57 2371.86
CITY 125 78.30 76.64 1640.54 1664.69
CITY 126 31.49 40.87 2928.66 2958.15
CITY 127 67.63 9.77 10.88 52.88
CITY 128 99.46 45.70 2240.51 2287.99
CITY 129 0.35 81.74 831.54 861.43
CITY 130 74.22 37.92 2486.43 2516.37
CITY 131 90.29 4.61 1290.33 1337.23
CITY 132 38.99 26.87 220.07 267.22
CITY 133 39.30 37.10 2586.03 2627.30
CITY 134 70.41 89.18 2809.88 2859.48
CITY 135 0.16 44.70 965.64 997.60
CITY 136 81.79 91.63 801.49 840.04
CITY 137 4.20 61.52 1094.87 1131.73
CITY 138 19.46 41.97 603.06 639.68
CITY 139 37.79 72.56 1683.08 1715.24
CITY 140 38.84 45.91 45.99 73.01
CITY 141 43.34 55.54 2676.06 2713.03
CITY 142 47.25 99.50 1968.69 2003.25
CITY 143 61.44 36.41 1105.94 1143.68
CITY 144 18.06 45.35 231.13 264.76
CITY 145 37.71 69.32 705.74 726.41
CITY 146 8.70 43.16 2091.30 2140.94
CITY 147 45.46 96.34 1556.01 1592.78
CITY 148 87.27 38.01 902.43 924.79
CITY 149 85.48 76.11 2922.57 2959.72
CITY 150 93.45 94.07 2337.00 2367.84
CITY 151 51.05 97.15 351.10 385.70
CITY 152 29.08 9.02 2229.65 2264.30
CITY 153 38.51 18.49 222.47 258.72
CITY 154 79.72 64.50 431.21 453.97
CITY 155 71.28 40.28 410.69 438.68
CITY 156 16.27 60.32 1423.51 1458.88
CITY 157 7.44 5.34 2107.96 2157.83
CITY 158 88.39 72.10 1092.36 1139.85
CITY 159 10.52 55.36 2030.11 2061.29
CITY 160 83.34 4.54 1297.09 1332.26
CITY 161 0.29 57.80 376.59 422.67
CITY 162 49.69 0.01 1712.65 1760.79
CITY 163 4.98 63.21 654.50 695.62
CITY 164 34.22 27.51 157.52 182.67
CITY 165 82.73 27.84 2577.12 2626.88
CITY 166 50.31 91.95 1821.47 1868.09
CITY 167 88.55 28.00 174.12 208.69
CITY 168 65.19 91.24 1540.31 1565.14
CITY 169 26.18 45.26 268.56 318.37
CITY 170 7.25 94.16 1616.43 1664.37
CITY 171 77.24 0.62 196.48 240.07
CITY 172 94.30 64.15 2244.87 2266.64
CITY 173 11.62 37.18 3.06 28.40
CITY 174 46.38 80.73 2924.52 2964.23
CITY 175 31.50 42.74 2228.39 2249.70
CITY 176 36.27 94.70 2570.20 2603.42
CITY 177 82.08 13.62 130.72 164.59
CITY 178 80.97 59.36 2028.53 2048.67
CITY 179 48.39 90.61 2474.16 2513.77
CITY 180 87.73 57.40 930.84 972.18
CITY 181 69.91 22.70 1925.31 1969.23
CITY 182 52.19 41.32 1655.45 1681.85
CITY 183 85.75 34.46 1774.23 1802.60
CITY 184 47.22 11.56 2493.11 2515.75
CITY 185 62.44 72.10 2759.50 2808.82
CITY 186 20.22 31.09 1605.03 1631.43
CITY 187 77.05 77.34 105.89 135.86
CITY 188 15.37 77.47 1979.35 2011.45
CITY 189 68.46 6.87 2660.25 2686.65
CITY 190 88.16 79.07 1072.99 1100.67
CITY 191 76.39 82.39 1005.77 1053.33
CITY 192 42.07 6.05 2569.75 2619.12
CITY 193 43.54 74.53 1334.91 1372.55
CITY 194 21.90 71.77 749.34 778.32
CITY 195 54.19 19.52 905.15 930.46
CITY 196 80.02 38.26 2925.55 2972.78
CITY 197 96.90 29.79 2727.63 2763.83
CITY 198 33.08 5.31 2433.40 2481.21
CITY 199 70.47 39.35 1338.43 1368.49
CITY 200 8.01 96.09 475.34 512.27
CITY 201 72.92 0.97 101.40 149.50
CITY 202 90.23 32.46 126.71 165.58
CITY 203 30.95 2.76 2951.53 2974.58
CITY 204 23.36 95.10 2971.41 3005.29
CITY 205 50.75 38.79 1791.66 1832.26
CITY 206 14.23 80.54 2099.10 2132.46
CITY 207 38.91 68.67 528.08 567.09
CITY 208 40.61 62.10 2740.66 2770.12
CITY 209 91.99 26.80 2803.62 2844.10
CITY 210 99.82 89.30 1987.91 2013.38
CITY 211 90.11 78.49 2683.19 2713.91
CITY 212 96.20 1.06 2563.46 2606.24
CITY 213 69.96 5.08 952.45 982.57
CITY 214 86.28 93.05 2702.29 2732.70
CITY 215 79.79 68.64 1753.43 1786.63
CITY 216 89.06 33.98 1305.86 1327.18
CITY 217 83.48 9.99 1320.41 1346.15
CITY 218 12.91 59.50 147.61 178.23
CITY 219 74.32 67.41 1919.51 1966.91
CITY 220 66.64 82.92 143.52 193.00
CITY 221 28.78 67.75 644.59 673.71
CITY 222 72.14 20.33 2674.74 2698.29
CITY 223 27.74 12.61 93.70 120.14
CITY 224 4.56 61.16 2898.44 2926.96
CITY 225 7.20 29.99 1828.64 1851.45
CITY 226 22.14 65.39 2624.77 2663.27
CITY 227 17.43 54.54 1031.75 1074.25
CITY 228 90.93 68.60 1014.93 1036.31
CITY 229 38.79 3.33 1214.93 1249.53
CITY 230 94.06 1.30 57.30 94.44
CITY 231 94.29 90.88 1632.09 1654.30
CITY 232 38.69 43.92 783.31 826.66
CITY 233 89.54 99.61 1493.34 1534.18
CITY 234 12.53 88.98 649.27 675.09
CITY 235 84.83 30.68 2083.39 2132.99
CITY 236 86.19 2.05 1170.43 1204.19
CITY 237 75.88 84.65 996.17 1016.42
CITY 238 16.07 34.79 32.95 67.75
CITY 239 98.54 31.31 387.55 419.29
CITY 240 28.59 45.94 759.47 796.94
CITY 241 62.77 66.15 1707.17 1750.54
CITY 242 21.88 22.13 986.80 1009.66
CITY 243 1.52 78.75 1703.10 1742.39
CITY 244 89.23 83.89 138.30 165.63
CITY 245 63.72 95.91 1656.80 1689.22
CITY 246 25.33 1.39 2642.35 2665.85
CITY 247 38.40 44.41 2368.64 2407.13
CITY 248 0.65 89.64 997.18 1046.44
CITY 249 91.21 33.41 2612.72 2649.60
CITY 250 79.00 54.30 963.69 1000.66
CITY 251 18.61 17.10 2196.84 2239.97
CITY 252 31.17 39.52 688.45 733.74
CITY 253 41.91 80.41 534.14 554.39
CITY 254 69.42 45.76 1054.45 1080.04
CITY 255 25.58 98.33 2652.88 2693.72
CITY 256 12.61 90.73 341.43 385.46
CITY 257 84.19 22.56 2241.52 2261.70
CITY 258 18.90 70.04 501.55 540.96
CITY 259 60.80 66.03 201.29 248.50
CITY 260 52.44 12.45 1707.67 1742.33
CITY 261 0.43 36.60 281.60 304.79
CITY 262 11.21 43.65 1596.42 1626.39
CITY 263 55.06 73.03 2625.44 2662.51
CITY 264 46.38 97.28 499.26 539.98
CITY 265 38.17 51.68 2113.02 2155.53
CITY 266 77.31 91.72 1427.15 1470.12
CITY 267 69.94 85.81 200.23 249.60
CITY 268 60.87 15.46 2708.58 2742.97
CITY 269 17.24 50.91 988.79 1035.26
CITY 270 86.62 65.74 2967.37 2991.52
CITY 271 72.24 47.68 3.63 28.96
CITY 272 21.38 29.45 379.96 427.76
CITY 273 97.94 13.53 2818.58 2840.35
CITY 274 8.87 27.87 2943.45 2983.09
CITY 275 73.11 92.46 2564.42 2606.85
CITY 276 6.60 97.39 2851.50 2888.82
CITY 277 71.05 70.11 2006.59 2048.66
CITY 278 73.48 12.76 1890.08 1939.45
CITY 279 27.70 71.44 444.97 490.54
CITY 280 13.06 43.89 1070.70 1118.61
CITY 281 69.55 10.32 1111.71 1137.53
CITY 282 89.85 75.93 1500.45 1532.99
CITY 283 88.63 40.72 1180.10 1200.18
CITY 284 98.44 5.74 2132.15 2170.00
CITY 285 93.49 44.00 1370.06 1402.00
CITY 286 58.46 61.11 668.47 711.51
CITY 287 68.38 65.18 2953.18 2975.87
CITY 288 68.26 81.30 2916.25 2938.47
CITY 289 29.85 86.52 121.85 170.20
CITY 290 58.20 95.58 650.36 698.69
CITY 291 2.92 24.79 2877.74 2913.98
CITY 292 27.59 62.01 1168.20 1192.73
CITY 293 8.12 86.86 2798.82 2831.41
CITY 294 1.40 5.59 1209.88 1256.42
CITY 295 96.88 41.77 2890.71 2922.51
CITY 296 95.40 87.70 120.97 147.98
CITY 297 39.40 15.30 1700.15 1744.27
CITY 298 36.21 6.04 1732.60 1775.96
CITY 299 78.32 30.05 107.85 156.81
CITY 300 39.15 19.63 912.69 955.80
CITY 301 71.73 56.76 1024.84 1053.91
CITY 302 60.45 16.73 565.71 611.11
CITY 303 38.53 43.38 2486.22 2508.88
CITY 304 96.87 25.57 2342.56 2382.52
CITY 305 91.96 73.88 2804.64 2841.28
CITY 306 32.06 67.35 302.31 337.75
CITY 307 51.32 88.63 117.13 159.17
CITY 308 94.91 59.41 2048.67 2071.62
CITY 309 62.28 40.76 1906.26 1947.99
CITY 310 90.74 71.12 1961.54 1998.67
CITY 311 38.03 22.06 1668.48 1712.63
CITY 312 88.74 72.02 2868.93 2897.38
CITY 313 46.09 95.80 2650.00 2690.00
CITY 314 36.47 23.59 731.90 780.38
CITY 315 94.94 3.47 2055.47 2077.80
CITY 316 70.64 36.58 1992.68 2027.67
CITY 317 2.80 98.01 796.15 842.06
CITY 318 77.84 39.04 2056.38 2096.63
CITY 319 49.94 79.61 1196.50 1237.87
CITY 320 72.06 99.04 2151.52 2199.81
CITY 321 91.62 33.55 594.32 643.33
CITY 322 43.66 56.43 2954.55 2982.68
CITY 323 38.67 72.81 2316.00 2347.47
CITY 324 80.69 43.09 2700.62 2724.42
CITY 325 17.71 28.56 65.96 106.89
CITY 326 0.79 33.20 2500.38 2538.93
CITY 327 93.99 50.80 2428.82 2454.38
CITY 328 39.91 14.26 2344.64 2375.77
CITY 329 38.13 30.21 1331.57 1354.95
CITY 330 92.26 1.35 2593.82 2622.10
CITY 331 23.96 77.69 1754.32 1777.88
CITY 332 18.16 12.25 2425.45 2447.03
CITY 333 66.77 26.48 1623.04 1648.90
CITY 334 79.26 15.74 1238.47 1261.96
CITY 335 77.68 88.61 636.42 680.70
CITY 336 45.28 41.26 1960.86 1994.60
CITY 337 10.42 90.75 2693.83 2714.73
CITY 338 64.56 73.09 1477.63 1513.55
CITY 339 35.63 16.70 2778.06 2800.44
CITY 340 72.99 44.66 2731.04 2767.75
CITY 341 31.83 20.91 2431.44 2471.18
CITY 342 73.91 17.62 2650.65 2685.81
CITY 343 46.07 26.71 2027.90 2074.61
CITY 344 49.81 11.24 578.30 627.25
CITY 345 86.97 93.38 2017.26 2058.00
CITY 346 41.09 34.14 2211.82 2236.25
CITY 347 90.49 46.28 393.66 426.56
CITY 348 68.20 40.67 581.23 601.34
CITY 349 27.87 6.19 2466.52 2514.27
CITY 350 62.93 35.71 454.60 487.78
CITY 351 53.70 2.46 2790.37 2820.13
CITY 352 51.91 98.41 108.41 156.03
CITY 353 48.38 68.24 2174.60 2196.58
CITY 354 18.63 46.31 2523.96 2549.80
CITY 355 42.54 60.42 675.82 713.03
CITY 356 79.18 76.92 648.72 680.66
CITY 357 80.61 69.41 1473.74 1498.67
CITY 358 3.51 12.16 1127.07 1157.44
CITY 359 70.92 51.81 1164.87 1212.07
CITY 360 2.68 64.49 1715.90 1754.84
CITY 361 48.46 24.61 381.03 412.24
CITY 362 61.54 82.72 2563.08 2603.57
CITY 363 90.95 14.84 449.46 490.26
CITY 364 81.47 22.68 1836.14 1882.95
CITY 365 60.34 17.43 856.53 902.11
CITY 366 69.12 82.83 2330.28 2356.95
CITY 367 35.40 12.92 1261.64 1284.25
CITY 368 35.00 3.48 1183.74 1230.97
CITY 369 55.12 45.91 1524.63 1556.31
CITY 370 49.78 95.96 2278.95 2323.16
CITY 371 82.98 19.99 114.99 135.42
CITY 372 12.47 39.64 1055.93 1101.29
CITY 373 82.36 55.36 2661.88 2698.63
CITY 374 56.02 96.19 2104.85 2153.76
CITY 375 49.30 79.38 1878.83 1926.52
CITY 376 76.20 53.41 769.90 801.98
CITY 377 20.03 44.26 782.98 807.33
CITY 378 97.97 96.42 2927.80 2977.27
CITY 379 14.16 16.14 2122.68 2143.19
CITY 380 10.61 60.74 756.45 781.07
CITY 381 56.02 67.04 2207.63 2232.26
CITY 382 81.57 99.08 1882.01 1907.53
CITY 383 73.43 35.37 170.39 195.88
CITY 384 88.84 99.29 1006.19 1037.34
CITY 385 4.93 38.96 2483.52 2522.58
CITY 386 72.21 86.45 729.28 774.93
CITY 387 11.47 5.54 1182.92 1226.71
CITY 388 27.58 82.77 18.82 58.89
CITY 389 22.91 55.89 908.88 932.54
CITY 390 56.17 14.85 2648.55 2670.71
CITY 391 77.48 17.45 1970.73 2006.00
CITY 392 28.68 39.93 1701.88 1743.49
CITY 393 65.69 38.61 935.53 963.84
CITY 394 47.61 36.15 749.50 771.69
CITY 395 17.43 62.62 200.60 223.19
CITY 396 97.74 26.77 231.01 274.00
CITY 397 67.32 32.99 809.70 846.78
CITY 398 67.05 57.62 1120.78 1170.33
CITY 399 59.09 45.09 1480.52 1524.66
CITY 400 6.02 80.34 2418.20 2438.74
CITY 401 16.87 97.64 1987.32 2009.46
CITY 402 86.69 49.61 405.28 445.13
CITY 403 14.97 7.33 601.52 628.83
CITY 404 71.65 90.59 1849.13 1883.01
CITY 405 56.65 45.39 108.32 156.96
CITY 406 47.46 7.42 1270.99 1317.78
CITY 407 23.13 79.79 2936.55 2962.11
CITY 408 43.78 38.94 2279.39 2313.21
CITY 409 33.91 57.68 1581.18 1619.82
CITY 410 64.87 42.04 707.19 746.31
CITY 411 20.80 63.10 1704.14 1751.61
CITY 412 69.30 20.30 1796.40 1835.30
CITY 413 38.22 30.88 92.04 127.42
CITY 414 72.51 57.82 998.25 1025.25
