NUM_CLIENTS 473
NUM_VEHICLES 47
CITY 0 0.0 0.0 0.0 2628
CITY 1 17.66 37.67 779.27 805.97
CITY 2 86.56 58.36 1271.86 1313.27
CITY 3 80.84 94.80 299.28 324.21
CITY 4 13.20 97.88 1560.22 1580.93
CITY 5 49.61 79.43 1108.47 1149.72
CITY 6 89.77 36.83 1401.10 1433.66
CITY 7 3.35 43.63 1809.88 1831.89
CITY 8 8.72 87.78 1713.60 1747.84
CITY 9 50.71 24.32 2392.04 2416.17
CITY 10 2.41 8.64 481.55 507.44
CITY 11 65.99 54.59 1436.90 1471.23
CITY 12 97.09 65.63 1500.71 1524.18
CITY 13 3.98 20.24 774.28 816.68
CITY 14 39.07 37.19 1315.29 1335.65
CITY 15 52.46 26.59 1367.68 1396.78
CITY 16 81.15 31.95 628.20 662.61
CITY 17 21.36 66.40 1232.99 1259.42
CITY 18 17.24 55.30 1616.48 1662.24
CITY 19 7.09 66.71 2211.53 2235.89
CITY 20 76.05 47.77 2551.88 2574.05
CITY 21 16.47 62.69 1066.03 1104.79
CITY 22 93.76 82.80 1047.68 1090.25
CITY 23 4.29 32.05 1017.35 1043.13
CITY 24 72.65 37.37 1159.66 1204.75
CITY 25 22.47 90.75 1235.81 1284.29
CITY 26 50.95 40.65 2247.68 2286.74
CITY 27 24.13 52.13 1281.61 1303.86
CITY 28 59.98 41.73 1448.03 1489.16
CITY 29 77.70 77.29 102.99 131.31
CITY 30 28.08 65.02 2543.66 2573.90
CITY 31 83.63 60.53 2370.02 2415.69
CITY 32 46.99 48.78 1952.62 1997.81
CITY 33 58.96 56.02 1758.67 1796.65
CITY 34 78.58 13.73 868.98 909.72
CITY 35 97.52 53.27 1588.99 1610.88
CITY 36 62.91 93.42 2255.11 2292.94
CITY 37 22.78 92.68 835.70 862.88
CITY 38 19.13 97.23 494.58 524.63
CITY 39 67.61 27.85 1541.03 1581.12
CITY 40 18.84 61.31 2028.61 2072.68
CITY 41 68.83 19.00 1768.46 1809.83
CITY 42 55.29 20.45 1192.82 1228.42
CITY 43 11.72 72.27 751.39 778.80
CITY 44 59.81 63.34 869.75 916.36
CITY 45 80.96 37.50 1009.62 1051.13
CITY 46 93.25 45.91 880.13 907.77
CITY 47 7.21 12.44 970.78 1007.30
CITY 48 39.31 6.65 2093.31 2120.96
CITY 49 49.51 93.48 1419.56 1464.20
CITY 50 51.11 42.05 684.98 734.43
CITY 51 62.81 48.96 278.63 311.74
CITY 52 31.31 13.97 316.88 359.68
CITY 53 99.42 4.10 181.18 204.41
CITY 54 53.52 12.74 247.21 289.50
CITY 55 42.33 3.99 1702.25 1724.04
CITY 56 11.14 97.68 1855.06 1883.58
CITY 57 24.07 22.04 1556.24 1598.79
CITY 58 92.79 35.36 609.34 630.03
CITY 59 58.41 76.24 443.01 492.00
CITY 60 38.33 54.17 44.96 69.77
CITY 61 57.12 61.41 2511.19 2555.48
CITY 62 12.46 24.62 1047.70 1074.97
CITY 63 60.96 89.19 2365.64 2394.02
CITY 64 0.32 67.12 1121.93 1167.76
CITY 65 84.96 44.62 598.56 643.98
CITY 66 40.85 44.41 387.69 434.34
CITY 67 85.06 75.07 59.36 102.31
CITY 68 20.51 67.33 1125.68 1171.94
CITY 69 34.23 2.07 1308.49 1340.12
CITY 70 44.22 20.55 372.56 394.88
CITY 71 83.69 68.33 434.09 466.21
CITY 72 21.79 35.33 706.74 748.19
CITY 73 89.85 37.94 2262.79 2311.61
CITY 74 68.65 56.33 1664.04 1685.98
CITY 75 71.31 2.19 1473.73 1504.52
CITY 76 2.05 43.63 1148.05 1180.78
CITY 77 43.74 34.82 693.80 741.14
CITY 78 25.99 15.81 564.93 602.50
CITY 79 51.72 53.09 504.55 525.63
CITY 80 38.14 4.80 589.28 630.49
CITY 81 15.88 61.54 1425.18 1452.69
CITY 82 52.53 25.51 384.20 408.45
CITY 83 43.59 87.10 479.56 511.84
CITY 84 16.66 6.68 2247.53 2286.15
CITY 85 57.26 78.31 2247.57 2293.58
CITY 86 74.11 28.82 1212.30 1245.00
CITY 87 16.79 1.72 2478.34 2516.42
CITY 88 7.70 77.28 693.60 737.09
CITY 89 53.40 77.91 1426.76 1457.83
CITY 90 17.89 53.37 481.59 525.19
CITY 91 32.55 17.18 702.09 746.49
CITY 92 50.09 89.48 1015.23 1040.24
CITY 93 46.91 84.65 623.68 661.95
CITY 94 36.72 78.32 1192.08 1225.73
CITY 95 71.02 71.34 417.86 456.04
CITY 96 4.23 98.29 350.36 378.98
CITY 97 52.89 49.00 1944.48 1980.99
CITY 98 72.62 88.88 1202.95 1242.37
CITY 99 51.97 78.64 1488.72 1533.85
CITY 100 40.52 25.14 2415.25 2440.26
CITY 101 85.79 12.62 93.88 116.08
CITY 102 99.47 84.19 297.85 344.98
CITY 103 38.26 29.95 61.55 96.17
CITY 104 75.03 21.56 1998.14 2040.65
CITY 105 44.99 59.04 1956.07 1980.27
CITY 106 79.38 39.64 366.89 413.90
CITY 107 90.37 25.29 1029.24 1070.63
CITY 108 37.16 20.47 336.21 385.00
CITY 109 24.54 14.55 1649.98 1673.02
CITY 110 37.40 35.06 2344.41 2391.02
CITY 111 87.21 7.81 757.81 802.44
CITY 112 55.16 4.05 2529.94 2575.35
CITY 113 6.78 33.15 800.06 835.26
CITY 114 1.11 10.13 1918.90 1955.75
CITY 115 5.99 50.95 1625.88 1657.02
CITY 116 44.84 33.40 1580.12 1610.53
CITY 117 32.65 36.80 2065.56 2103.12
CITY 118 88.35 75.85 1117.33 1152.75
CITY 119 66.63 54.80 1930.76 1965.94
CITY 120 99.86 15.33 2126.11 2156.01
CITY 121 71.43 73.14 1637.56 1661.88
CITY 122 76.21 19.63 1590.30 1618.57
CITY 123 22.02 4.40 31.23 55.22
CITY 124 41.84 19.37 2061.04 2107.53
CITY 125 42.69 56.82 2553.32 2579.64
CITY 126 99.10 16.34 96.57 138.39
CITY 127 78.70 21.91 2359.22 2384.18
CITY 128 67.26 11.42 1725.76 1770.11
CITY 129 34.27 72.79 959.32 993.38
CITY 130 95.65 57.70 1412.55 1459.59
CITY 131 74.21 63.15 841.80 866.47
CITY 132 68.20 71.66 1340.68 1369.05
CITY 133 59.39 89.66 583.14 603.81
CITY 134 48.34 32.82 1311.78 1346.74
CITY 135 72.43 40.47 2454.51 2483.53
CITY 136 86.31 10.65 381.47 408.18
CITY 137 78.35 88.07 641.25 688.40
CITY 138 92.61 69.74 1304.06 1336.44
CITY 139 39.99 56.66 771.04 798.31
CITY 140 62.31 94.85 1708.91 1752.16
CITY 141 92.61 5.69 1046.47 1079.44
CITY 142 41.42 97.84 860.50 891.61
CITY 143 30.80 48.65 2572.32 2620.16
CITY 144 39.63 21.40 1108.81 1135.87
CITY 145 24.32 80.45 866.49 904.43
CITY 146 59.34 85.32 259.50 281.97
CITY 147 73.74 15.00 1104.78 1151.68
CITY 148 93.44 79.36 1797.85 1822.41
CITY 149 5.14 47.12 84.26 113.00
CITY 150 84.36 67.87 2366.82 2407.82
CITY 151 66.61 8.75 425.94 455.23
CITY 152 10.00 99.63 212.29 233.47
CITY 153 0.02 92.26 2035.44 2082.35
CITY 154 82.42 49.04 689.18 717.92
CITY 155 83.68 7.17 1579.64 1603.79
CITY 156 46.23 85.24 405.76 449.04
CITY 157 51.49 49.64 576.94 605.45
CITY 158 39.34 33.87 419.72 453.90
CITY 159 45.25 95.17 789.90 829.50
CITY 160 81.46 41.80 2398.82 2442.65
CITY 161 84.71 66.63 542.79 576.63
CITY 162 70.32 3.68 151.45 197.71
CITY 163 14.77 99.82 325.11 366.79
CITY 164 28.25 33.27 824.83 852.01
CITY 165 48.16 40.99 2397.21 2437.26
CITY 166 67.16 72.94 779.96 821.24
CITY 167 89.56 65.62 938.93 970.66
CITY 168 34.51 4.89 2168.41 2212.52
CITY 169 38.96 81.25 1194.91 1243.91
CITY 170 78.37 86.26 1159.10 1203.57
CITY 171 74.53 70.74 1697.37 1746.11
CITY 172 75.15 86.81 474.25 520.33
CITY 173 16.42 25.06 240.31 286.58
CITY 174 33.46 4.20 361.80 397.18
CITY 175 49.54 27.79 521.41 546.83
CITY 176 3.84 0.92 929.96 960.24
CITY 177 61.49 33.72 269.65 312.80
CITY 178 96.93 20.17 381.04 421.45
CITY 179 85.78 74.41 704.94 736.66
CITY 180 52.87 59.05 2388.72 2414.62
CITY 181 76.97 73.13 101.64 150.56
CITY 182 59.10 29.02 2569.72 2603.42
CITY 183 28.45 1.79 1519.27 1568.22
CITY 184 6.28 82.96 1075.66 1109.56
CITY 185 88.44 57.19 2379.72 2424.77
CITY 186 22.29 26.47 2298.32 2343.89
CITY 187 81.67 66.84 1494.12 1525.96
CITY 188 0.43 22.92 571.80 616.45
CITY 189 23.90 0.23 123.13 145.42
CITY 190 80.33 53.53 2318.90 2367.09
CITY 191 1.63 86.85 1889.03 1932.03
CITY 192 78.80 76.89 1710.02 1744.92
CITY 193 58.02 53.41 1423.98 1467.37
CITY 194 85.52 92.56 1002.91 1044.68
CITY 195 17.72 65.61 36.64 69.52
CITY 196 32.88 24.56 1237.09 1260.07
CITY 197 93.11 73.10 435.74 464.51
CITY 198 25.71 16.19 1099.39 1141.26
CITY 199 36.14 76.51 744.47 794.41
CITY 200 69.16 63.90 196.51 221.18
CITY 201 12.14 93.71 2458.34 2480.32
CITY 202 77.03 75.84 696.19 721.56
CITY 203 76.49 33.75 1290.19 1335.25
CITY 204 53.46 51.08 1240.64 1279.07
CITY 205 78.55 35.63 237.25 262.55
CITY 206 80.66 54.53 645.21 665.76
CITY 207 91.39 80.44 2045.15 2067.75
CITY 208 6.34 14.58 413.36 457.81
CITY 209 53.48 47.87 2383.91 2422.86
CITY 210 2.98 85.35 2043.49 2076.46
CITY 211 80.73 77.59 1037.54 1062.57
CITY 212 62.11 48.34 1511.62 1552.54
CITY 213 97.61 74.47 2151.37 2199.38
CITY 214 78.08 55.75 1180.35 1210.01
CITY 215 36.89 90.00 93.79 119.43
CITY 216 57.09 1.71 1713.29 1744.46
CITY 217 33.87 74.97 19.17 48.63
CITY 218 46.35 13.41 247.43 283.05
CITY 219 76.61 59.29 1220.50 1257.11
CITY 220 55.16 76.16 308.72 353.05
CITY 221 78.61 63.81 634.28 670.40
CITY 222 42.56 3.89 274.75 322.92
CITY 223 66.48 99.84 1794.05 1838.52
CITY 224 99.93 28.07 2190.62 2240.06
CITY 225 97.51 36.38 1284.58 1326.74
CITY 226 40.69 2.61 735.13 760.67
CITY 227 9.31 13.74 1353.33 1391.32
CITY 228 10.01 11.34 2512.62 2555.66
CITY 229 31.83 12.37 1485.99 1523.46
CITY 230 7.88 4.91 803.02 845.84
CITY 231 75.48 91.30 205.37 246.76
CITY 232 93.52 87.03 1407.75 1454.94
CITY 233 65.79 10.04 1040.61 1088.53
CITY 234 31.19 87.80 239.67 269.67
CITY 235 74.11 13.69 243.14 291.48
CITY 236 0.40 89.14 109.63 153.91
CITY 237 40.60 10.69 409.40 457.59
CITY 238 89.50 24.76 861.21 886.77
CITY 239 91.82 70.07 267.79 312.15
CITY 240 47.03 72.87 326.53 368.67
CITY 241 82.22 68.24 615.08 647.31
CITY 242 68.14 87.51 1486.71 1528.60
CITY 243 84.18 49.27 613.34 646.23
CITY 244 61.33 38.84 2126.92 2155.70
CITY 245 13.62 97.37 1060.96 1098.31
CITY 246 26.94 61.64 2293.31 2334.51
CITY 247 25.50 60.53 3.74 27.18
CITY 248 59.07 74.68 1782.17 1819.47
CITY 249 81.44 58.02 2493.38 2520.84
CITY 250 71.11 23.09 644.49 665.89
CITY 251 7.22 39.47 2488.34 2516.63
CITY 252 11.26 0.28 541.91 565.23
CITY 253 69.62 41.34 880.02 913.43
CITY 254 14.70 64.80 317.72 348.79
CITY 255 97.73 37.87 1337.64 1365.89
CITY 256 66.31 85.78 376.17 407.85
CITY 257 18.80 66.59 2440.76 2468.04
CITY 258 48.89 27.39 126.15 146.24
CITY 259 46.36 6.14 2291.68 2313.47
CITY 260 45.87 28.91 1065.76 1112.20
CITY 261 14.07 27.93 1098.62 1119.03
CITY 262 78.57 52.96 1511.96 1542.39
CITY 263 64.43 44.93 1774.77 1803.04
CITY 264 47.68 39.06 413.66 440.28
CITY 265 90.48 1.71 604.34 638.91
CITY 266 21.89 94.85 1314.00 1362.02
CITY 267 10.98 72.12 1345.79 1386.49
CITY 268 27.18 65.83 2061.01 2103.40
CITY 269 2.03 56.72 2281.04 2308.27
CITY 270 28.28 80.97 1953.45 1993.50
CITY 271 55.60 61.36 2059.81 2095.71
CITY 272 18.29 49.70 1362.03 1386.50
CITY 273 1.96 76.85 1984.25 2016.84
CITY 274 34.13 48.10 483.04 525.02
CITY 275 72.09 42.48 1794.36 1822.52
CITY 276 19.95 40.20 2170.44 2208.49
CITY 277 56.40 9.61 1216.44 1242.33
CITY 278 24.49 4.58 866.59 900.73
CITY 279 24.12 33.34 586.70 635.42
CITY 280 1.64 7.63 1456.98 1481.09
CITY 281 41.07 4.39 1204.14 1240.19
CITY 282 73.86 10.26 2551.64 2588.10
CITY 283 71.84 22.07 553.07 584.19
CITY 284 3.66 1.17 1514.57 1538.18
CITY 285 28.04 58.86 1159.68 1185.95
CITY 286 34.08 23.67 306.21 350.37
CITY 287 79.11 53.69 1621.84 1664.67
CITY 288 4.42 68.90 1394.89 1434.61
CITY 289 69.59 0.64 2170.80 2215.31
CITY 290 21.64 41.18 852.66 875.32
CITY 291 58.29 92.48 715.83 748.65
CITY 292 34.90 35.69 1166.17 1207.05
CITY 293 2.69 9.75 1616.94 1637.58
CITY 294 27.53 17.21 404.63 446.75
CITY 295 73.24 19.59 538.98 562.96
CITY 296 46.09 66.17 581.66 605.70
CITY 297 11.79 91.22 526.33 565.15
CITY 298 88.02 29.96 1770.47 1795.08
CITY 299 6.33 90.12 1221.28 1241.50
CITY 300 37.45 53.30 1764.49 1811.27
CITY 301 10.85 76.44 545.98 570.59
CITY 302 10.84 22.93 2094.88 2122.87
CITY 303 52.03 55.50 1745.67 1794.17
CITY 304 93.21 89.90 2364.38 2413.91
CITY 305 88.64 15.74 2570.83 2606.81
CITY 306 56.73 95.36 1095.36 1133.69
CITY 307 79.47 27.92 670.87 697.29
CITY 308 73.34 77.18 51.63 83.81
CITY 309 37.55 53.54 2390.44 2436.69
CITY 310 11.53 69.45 2322.34 2349.23
CITY 311 70.03 94.96 291.74 326.12
CITY 312 90.93 58.07 1901.56 1925.62
CITY 313 51.80 53.90 597.58 621.37
CITY 314 90.80 50.84 1564.59 1611.12
CITY 315 24.15 55.23 874.23 910.36
CITY 316 25.97 33.21 351.07 376.42
CITY 317 42.77 85.02 529.26 573.35
CITY 318 22.05 63.62 1335.29 1374.03
CITY 319 7.14 72.09 1409.46 1451.59
CITY 320 32.18 16.46 712.33 757.75
CITY 321 3.00 76.55 2010.96 2054.22
CITY 322 69.09 86.29 1864.13 1886.64
CITY 323 16.49 74.22 1642.29 1664.72
CITY 324 68.80 48.08 2076.25 2109.42
CITY 325 89.43 64.75 147.58 186.51
CITY 326 96.86 2.58 386.12 416.72
CITY 327 37.90 11.52 2356.96 2396.33
CITY 328 75.25 26.08 219.23 263.62
CITY 329 60.03 57.64 1229.13 1263.87
CITY 330 91.03 7.66 453.02 495.92
CITY 331 50.14 78.83 809.78 843.85
CITY 332 50.71 46.73 113.81 135.28
CITY 333 66.20 88.58 974.22 1013.32
CITY 334 8.87 72.39 709.15 733.65
CITY 335 37.77 12.29 1064.64 1108.57
CITY 336 51.17 99.07 952.74 974.21
CITY 337 31.01 17.02 1487.06 1528.94
CITY 338 55.25 3.94 1211.07 1243.27
CITY 339 24.04 60.21 1583.43 1617.23
CITY 340 35.51 99.87 1991.16 2034.52
CITY 341 95.31 85.62 1355.57 1379.34
CITY 342 6.07 80.20 2392.74 2438.70
CITY 343 25.28 52.86 2294.95 2342.41
CITY 344 73.85 26.16 1890.41 1939.27
CITY 345 64.38 54.75 1221.05 1267.46
CITY 346 24.90 19.39 1851.47 1877.10
CITY 347 64.77 39.97 624.46 664.65
CITY 348 14.15 40.01 1747.63 1789.41
CITY 349 52.17 64.52 1719.47 1748.70
CITY 350 29.76 2.07 2267.21 2309.91
CITY 351 13.05 72.22 2178.51 2211.44
CITY 352 10.41 96.08 649.27 683.13
CITY 353 4.08 39.02 2437.38 2476.33
CITY 354 15.67 94.61 963.31 992.03
CITY 355 87.35 18.66 2033.16 2074.80
CITY 356 36.90 54.35 481.97 507.72
CITY 357 86.55 72.92 1723.82 1757.91
CITY 358 30.77 79.21 2225.03 2260.42
CITY 359 96.00 53.04 2362.16 2382.83
CITY 360 22.59 10.90 622.44 663.36
CITY 361 51.87 83.04 710.07 751.83
CITY 362 13.43 61.01 1797.36 1837.57
CITY 363 33.99 28.97 1647.55 1697.35
CITY 364 29.14 20.46 557.19 606.28
CITY 365 82.39 19.43 1356.58 1394.19
CITY 366 88.35 12.22 1877.95 1922.15
CITY 367 80.59 9.01 1833.75 1867.39
CITY 368 46.65 87.86 319.10 340.55
CITY 369 97.56 24.11 235.68 276.04
CITY 370 49.26 13.47 1660.30 1710.29
CITY 371 3.92 40.66 89.60 111.91
CITY 372 8.39 75.00 1962.77 1997.67
CITY 373 96.17 99.14 245.70 294.53
CITY 374 85.84 77.89 1856.90 1892.63
CITY 375 0.84 91.15 538.04 558.83
CITY 376 81.07 58.61 862.57 895.02
CITY 377 54.97 83.76 1350.54 1370.93
CITY 378 68.84 33.39 1641.76 1676.68
CITY 379 72.93 82.30 1536.67 1585.48
CITY 380 90.79 91.67 2274.52 2314.92
CITY 381 39.18 60.97 891.45 938.03
CITY 382 7.63 60.37 2084.35 2130.47
CITY 383 63.93 57.50 280.63 309.40
CITY 384 23.13 52.99 884.13 904.92
CITY 385 13.93 99.69 501.95 546.40
CITY 386 15.77 21.56 1551.86 1576.30
CITY 387 24.01 27.50 870.58 892.88
CITY 388 25.51 3.65 1923.23 1965.15
CITY 389 13.01 53.61 2425.04 2446.33
CITY 390 36.68 2.13 2041.86 2068.99
CITY 391 93.56 42.87 2491.09 2533.40
CITY 392 51.93 9.60 1924.07 1956.87
CITY 393 84.65 93.88 2433.24 2479.48
CITY 394 5.54 88.49 931.49 963.42
CITY 395 60.74 81.82 1966.33 1997.92
CITY 396 68.49 7.27 2424.12 2450.50
CITY 397 95.28 76.76 654.88 685.10
CITY 398 5.21 42.98 1418.65 1451.74
CITY 399 10.88 62.64 1251.03 1293.92
CITY 400 64.42 14.26 543.59 579.33
CITY 401 26.38 74.97 104.00 131.26
CITY 402 89.64 0.50 1360.69 1394.12
CITY 403 19.41 29.84 1229.41 1269.43
CITY 404 55.03 89.37 351.88 373.27
CITY 405 23.37 37.43 1866.10 1887.71
CITY 406 66.70 45.15 1789.05 1827.22
CITY 407 4.75 36.82 1455.18 1496.41
CITY 408 80.33 28.58 468.62 489.10
CITY 409 99.54 99.19 1502.71 1527.68
CITY 410 75.62 70.62 1608.09 1646.87
CITY 411 76.66 57.27 968.99 1012.40
CITY 412 29.64 55.27 1558.81 1596.82
CITY 413 72.98 67.83 2529.63 2563.31
CITY 414 88.92 29.55 1379.91 1410.90
CITY 415 38.41 95.19 639.86 669.77
CITY 416 10.29 2.13 1290.13 1319.42
CITY 417 61.88 97.49 501.29 526.55
CITY 418 19.04 18.50 2011.70 2056.28
CITY 419 29.44 14.13 2498.37 2530.49
CITY 420 55.98 93.75 1051.36 1092.35
CITY 421 99.00 47.30 1026.03 1049.56
CITY 422 76.38 97.23 78.68 111.94
CITY 423 74.93 30.95 2431.14 2472.87
CITY 424 52.00 22.04 1727.64 1765.71
CITY 425 36.18 24.40 2449.27 2473.42
CITY 426 89.71 75.70 2155.13 2204.56
CITY 427 82.80 89.73 2474.93 2521.55
CITY 428 11.78 14.25 1792.08 1830.38
CITY 429 34.13 54.93 2188.65 2213.07
CITY 430 59.05 35.87 1744.16 1777.18
CITY 431 26.60 78.36 985.91 1017.26
CITY 432 40.69 7.28 2137.72 2158.16
CITY 433 48.19 42.60 1732.45 1773.02
CITY 434 14.57 19.03 1362.48 1399.63
CITY 435 98.05 75.04 649.48 675.24
CITY 436 26.70 54.15 620.27 664.16
CITY 437 31.07 50.90 1613.93 1635.15
CITY 438 2.95 95.92 1233.36 1260.07
CITY 439 0.65 85.22 1119.49 1151.21
CITY 440 88.52 6.26 142.18 187.19
CITY 441 76.33 50.39 193.50 233.55
CITY 442 81.43 33.48 2499.35 2544.99
CITY 443 4.79 6.62 1360.70 1399.06
CITY 444 27.92 29.30 1563.64 1609.38
CITY 445 32.14 45.31 1994.48 2040.37
CITY 446 52.18 87.18 2447.61 2486.88
CITY 447 62.70 5.03 949.63 988.76
CITY 448 27.01 89.57 1135.99 1173.96
CITY 449 39.07 5.82 2430.88 2477.44
CITY 450 72.60 76.30 1061.22 1085.12
CITY 451 13.72 1.95 2058.96 2101.34
CITY 452 49.21 62.54 1222.33 1253.87
CITY 453 4.77 16.10 1802.74 1840.80
CITY 454 76.91 26.35 1024.19 1059.90
CITY 455 53.35 6.72 503.40 529.48
CITY 456 23.21 93.72 2459.91 2489.34
CITY 457 71.49 17.12 888.74 937.57
CITY 458 10.87 54.47 204.05 224.37
CITY 459 84.95 89.91 423.50 446.55
CITY 460 60.29 0.05 290.33 332.84
CITY 461 23.80 51.33 1726.31 1750.28
CITY 462 49.57 57.34 889.32 912.96
CITY 463 21.83 7.43 1721.78 1750.69
CITY 464 26.46 4.92 2478.07 2524.01
CITY 465 32.30 14.09 1019.83 1055.14
CITY 466 97.31 9.45 709.96 759.81
CITY 467 23.65 20.49 644.82 667.87
CITY 468 47.04 10.83 365.49 399.39
CITY 469 79.09 66.73 439.08 464.68
CITY 470 1.40 16.15 237.87 272.62
CITY 471 82.06 53.62 470.21 509.05
CITY 472 26.11 93.06 1082.42 1119.59
CITY 473 34.01 82.97 2022.17 2062.77
