NUM_CLIENTS 50
NUM_VEHICLES 50
CITY 0 0.0 0.0 0.0 3039
CITY 1 37.14 8.95 479.78 502.53
CITY 2 61.86 93.08 2979.98 3018.74
CITY 3 5.98 64.46 2099.26 2143.00
CITY 4 12.58 23.27 2934.41 2978.07
CITY 5 75.67 80.55 1316.94 1342.73
CITY 6 68.92 35.82 411.37 458.33
CITY 7 48.53 43.75 887.95 928.87
CITY 8 18.98 18.66 1045.69 1087.67
CITY 9 27.53 83.13 2734.22 2770.85
CITY 10 6.89 15.50 890.81 918.71
CITY 11 36.71 0.07 1910.68 1942.05
CITY 12 18.55 1.87 2562.49 2605.77
CITY 13 23.88 72.10 1971.04 2007.21
CITY 14 38.75 52.41 1492.20 1528.74
CITY 15 61.30 32.26 1919.25 1942.57
CITY 16 52.32 6.67 2498.04 2521.93
CITY 17 87.35 20.21 1455.92 1478.88
CITY 18 57.10 83.63 1969.95 2005.72
CITY 19 70.13 25.59 1101.37 1139.55
CITY 20 7.09 93.02 631.83 666.57
CITY 21 88.98 8.00 2396.24 2418.06
CITY 22 55.80 93.82 1249.12 1280.20
CITY 23 70.84 82.36 801.86 823.08
CITY 24 7.04 30.39 2823.97 2872.79
CITY 25 9.71 72.52 1593.82 1619.50
CITY 26 52.62 24.88 1872.84 1898.21
CITY 27 74.92 41.52 324.33 363.49
CITY 28 35.80 45.87 1991.76 2038.24
CITY 29 16.68 18.04 1206.24 1236.36
CITY 30 15.82 99.84 1329.73 1360.30
CITY 31 31.52 99.15 977.14 1008.30
CITY 32 76.42 43.06 2172.36 2210.61
CITY 33 56.31 21.39 2291.04 2338.83
CITY 34 25.41 96.17 1343.10 1375.01
CITY 35 72.63 98.30 1784.78 1820.31
CITY 36 99.34 30.18 904.69 931.35
CITY 37 85.57 2.17 2458.56 2499.25
CITY 38 27.60 55.37 1667.29 1715.06
CITY 39 15.47 3.77 1069.50 1093.65
CITY 40 36.71 58.22 704.09 748.42
CITY 41 9.19 39.98 2744.37 2786.40
CITY 42 72.36 79.29 525.08 569.85
CITY 43 68.96 57.62 2713.91 2751.76
CITY 44 30.04 73.08 1726.75 1749.10
CITY 45 5.59 77.09 1046.48 1091.00
CITY 46 41.65 86.78 2601.09 2627.90
CITY 47 65.28 60.23 44.06 87.39
CITY 48 38.25 30.48 132.68 168.88
CITY 49 14.96 50.24 667.75 689.27
CITY 50 73.16 39.29 1337.49 1375.34
