NUM_CLIENTS 429
NUM_VEHICLES 42
CITY 0 0.0 0.0 0.0 6052
CITY 1 71.76 71.16 2842.41 2864.05
CITY 2 68.20 46.75 1155.01 1195.17
CITY 3 24.10 63.80 5253.18 5302.53
CITY 4 41.62 10.54 2121.34 2169.46
CITY 5 29.83 72.89 2318.78 2355.19
CITY 6 98.03 87.01 2375.93 2410.99
CITY 7 54.89 75.78 4478.75 4519.61
CITY 8 95.57 94.26 3697.68 3722.76
CITY 9 97.19 60.41 5911.85 5958.53
CITY 10 75.39 68.02 4779.48 4818.98
CITY 11 90.91 36.02 3121.89 3154.71
CITY 12 70.73 41.71 520.24 560.26
CITY 13 27.31 85.01 5852.05 5878.89
CITY 14 65.58 86.88 3267.87 3304.20
CITY 15 12.13 57.93 1144.07 1178.13
CITY 16 58.56 80.45 3873.70 3917.40
CITY 17 20.35 96.56 3616.01 3659.56
CITY 18 63.16 60.99 4843.93 4866.66
CITY 19 67.34 15.78 5584.14 5604.97
CITY 20 38.56 9.58 4587.82 4613.23
CITY 21 0.59 15.33 3480.80 3511.72
CITY 22 21.62 92.82 1454.68 1499.46
CITY 23 63.72 68.57 4074.69 4103.43
CITY 24 0.49 55.33 477.46 512.01
CITY 25 18.36 12.22 3570.02 3602.81
CITY 26 18.73 83.37 1097.96 1128.39
CITY 27 1.82 84.82 1469.80 1509.69
CITY 28 45.65 63.56 2393.92 2431.17
CITY 29 68.93 0.78 34.23 57.39
CITY 30 58.18 99.77 4493.58 4542.12
CITY 31 37.62 34.28 5758.83 5785.20
CITY 32 75.78 93.90 5101.32 5137.20
CITY 33 25.72 21.87 5184.94 5232.23
CITY 34 48.10 37.27 436.53 465.07
CITY 35 49.28 43.54 691.84 725.80
CITY 36 62.64 89.79 4141.08 4174.65
CITY 37 13.34 14.06 5806.11 5853.29
CITY 38 84.38 5.32 3740.71 3780.42
CITY 39 73.28 51.97 5168.01 5204.37
CITY 40 72.71 28.30 4281.81 4321.05
CITY 41 17.87 20.49 679.76 719.74
CITY 42 1.26 37.47 3603.02 3644.33
CITY 43 17.79 69.79 3279.40 3303.56
CITY 44 73.60 35.03 4269.82 4301.35
CITY 45 36.09 65.55 257.67 282.59
CITY 46 22.02 9.87 2804.87 2835.26
CITY 47 29.01 52.91 5433.95 5460.40
CITY 48 89.05 49.41 159.49 201.97
CITY 49 8.34 44.59 665.12 709.22
CITY 50 98.72 46.83 4977.68 5013.79
CITY 51 73.69 95.31 42.37 71.97
CITY 52 33.31 50.72 5249.79 5292.41
CITY 53 43.23 23.39 94.47 119.61
CITY 54 61.48 29.89 2900.93 2945.14
CITY 55 94.28 20.87 5144.49 5172.98
CITY 56 67.37 36.10 1184.71 1222.96
CITY 57 28.10 7.43 3989.79 4010.61
CITY 58 32.24 31.97 3166.76 3201.82
CITY 59 16.38 29.12 5576.38 5609.78
CITY 60 23.27 49.66 1503.52 1537.08
CITY 61 49.21 73.38 3355.91 3397.70
CITY 62 99.62 65.04 2357.01 2396.80
CITY 63 83.08 33.97 3060.64 3090.30
CITY 64 71.79 0.78 2986.30 3011.20
CITY 65 16.70 64.12 5893.37 5920.64
CITY 66 72.51 54.85 3389.38 3412.91
CITY 67 68.96 90.78 782.88 813.71
CITY 68 9.00 15.77 4960.16 4987.82
CITY 69 42.72 19.54 2300.88 2321.81
CITY 70 88.58 59.65 2183.99 2209.35
CITY 71 4.15 31.48 396.99 431.06
CITY 72 71.33 27.32 5707.68 5751.74
CITY 73 71.90 46.09 4011.10 4039.24
CITY 74 35.16 81.20 2640.48 2673.55
CITY 75 51.02 40.55 1171.85 1211.57
CITY 76 16.35 95.53 4760.59 4805.47
CITY 77 44.78 66.02 151.49 190.53
CITY 78 54.30 8.02 1479.21 1528.69
CITY 79 52.12 57.75 5485.31 5508.31
CITY 80 75.31 84.45 4927.32 4957.38
CITY 81 40.69 79.57 2413.51 2446.68
CITY 82 90.21 58.45 2030.64 2058.68
CITY 83 39.91 2.90 2904.60 2941.65
CITY 84 79.01 44.99 1839.15 1861.41
CITY 85 89.95 87.00 2801.14 2845.10
CITY 86 12.89 15.26 1234.23 1254.35
CITY 87 70.40 35.00 1380.48 1414.04
CITY 88 87.40 44.04 3944.03 3973.70
CITY 89 18.96 14.88 3704.85 3735.45
CITY 90 58.81 68.97 3193.76 3229.48
CITY 91 55.56 78.38 2165.29 2200.35
CITY 92 17.47 45.86 1028.73 1066.96
CITY 93 94.96 21.50 4349.97 4390.99
CITY 94 89.17 62.70 980.78 1027.82
CITY 95 3.00 81.56 1456.56 1491.65
CITY 96 66.60 19.54 3639.77 3675.63
CITY 97 76.58 28.62 1716.56 1740.62
CITY 98 45.49 58.55 1395.58 1437.26
CITY 99 39.29 67.70 785.49 812.68
CITY 100 7.74 73.30 2498.68 2532.30
CITY 101 16.60 97.12 2840.87 2870.88
CITY 102 98.06 22.57 1408.52 1437.87
CITY 103 0.30 39.04 948.54 994.10
CITY 104 41.10 19.44 1621.56 1643.33
CITY 105 26.18 87.75 551.38 583.33
CITY 106 19.62 88.22 5911.67 5936.98
CITY 107 87.37 21.18 1028.31 1074.37
CITY 108 55.66 18.19 1303.33 1334.26
CITY 109 3.22 27.59 2183.57 2227.54
CITY 110 11.72 90.78 3915.74 3944.93
CITY 111 27.09 29.05 884.08 906.41
CITY 112 46.72 26.51 3456.33 3485.12
CITY 113 56.76 47.81 1733.49 1776.45
CITY 114 8.11 55.42 4312.99 4338.38
CITY 115 62.55 30.03 1426.30 1449.59
CITY 116 36.71 16.14 667.68 717.04
CITY 117 40.79 75.24 3851.37 3876.58
CITY 118 25.17 38.74 1068.56 1106.44
CITY 119 50.11 44.22 1519.62 1561.48
CITY 120 32.32 65.18 3731.87 3767.72
CITY 121 49.58 76.47 3420.66 3444.20
CITY 122 23.99 0.21 2789.24 2833.52
CITY 123 26.11 98.16 3906.79 3950.70
CITY 124 22.02 27.80 5302.43 5327.75
CITY 125 68.74 23.46 2038.31 2072.27
CITY 126 88.87 17.15 1946.34 1972.24
CITY 127 7.62 72.42 550.92 578.45
CITY 128 97.97 90.41 1432.15 1466.50
CITY 129 64.00 82.59 2304.33 2329.37
CITY 130 20.56 4.74 4909.46 4931.59
CITY 131 26.87 41.58 2555.49 2597.59
CITY 132 59.03 11.42 158.96 203.23
CITY 133 59.49 41.32 4501.21 4548.60
CITY 134 60.71 88.10 882.50 928.25
CITY 135 6.39 91.29 3587.52 3628.52
CITY 136 3.70 33.82 2549.29 2594.78
CITY 137 26.63 8.35 3489.01 3512.08
CITY 138 90.04 31.84 833.04 882.76
CITY 139 8.14 4.41 5460.46 5503.31
CITY 140 18.72 98.28 990.68 1038.53
CITY 141 62.10 41.56 5972.17 6017.97
CITY 142 96.19 63.89 677.15 702.33
CITY 143 55.42 88.86 1586.17 1627.23
CITY 144 54.80 14.10 220.19 254.05
CITY 145 39.50 38.07 3628.27 3667.37
CITY 146 96.49 50.53 1568.13 1589.11
CITY 147 6.17 6.74 508.83 553.98
CITY 148 13.64 39.23 3851.11 3877.80
CITY 149 48.83 24.67 5065.33 5112.85
CITY 150 6.77 97.98 3474.05 3499.14
CITY 151 70.46 84.31 4440.69 4481.95
CITY 152 59.96 45.70 1942.66 1976.77
CITY 153 43.68 89.54 5387.81 5428.88
CITY 154 60.88 17.04 1378.19 1408.39
CITY 155 49.89 57.48 3961.78 3999.81
CITY 156 53.46 83.18 2340.50 2373.53
CITY 157 46.90 71.99 598.43 629.50
CITY 158 21.84 27.26 4037.26 4060.36
CITY 159 0.44 28.07 5083.55 5120.64
CITY 160 97.52 34.10 4852.55 4894.81
CITY 161 87.46 53.07 4606.53 4645.51
CITY 162 61.90 96.38 2554.06 2574.51
CITY 163 61.74 21.15 1844.14 1878.18
CITY 164 91.72 1.71 2917.99 2963.35
CITY 165 79.72 8.71 531.79 560.52
CITY 166 38.94 66.33 2278.90 2324.05
CITY 167 28.57 10.38 140.08 183.63
CITY 168 85.46 34.52 1760.95 1796.01
CITY 169 98.27 60.65 1405.27 1437.42
CITY 170 24.04 15.75 1659.07 1686.40
CITY 171 77.29 76.38 5673.17 5703.10
CITY 172 82.30 72.27 2504.97 2545.43
CITY 173 36.25 77.41 2753.40 2780.11
CITY 174 87.55 25.20 4876.13 4920.10
CITY 175 35.26 92.05 928.57 950.85
CITY 176 17.05 33.10 4908.25 4944.77
CITY 177 29.04 45.80 3556.64 3595.85
CITY 178 8.23 49.18 1948.37 1973.47
CITY 179 15.78 48.03 4510.59 4557.82
CITY 180 62.12 56.26 4566.23 4616.00
CITY 181 32.78 16.21 4720.80 4752.72
CITY 182 25.48 87.34 5703.15 5740.07
CITY 183 5.27 6.02 1344.87 1380.38
CITY 184 26.92 43.77 353.22 381.08
CITY 185 8.97 57.04 493.05 516.92
CITY 186 14.35 56.42 1919.91 1966.58
CITY 187 22.14 69.47 2044.93 2086.15
CITY 188 20.17 94.16 5226.22 5257.48
CITY 189 24.77 16.10 1706.49 1728.60
CITY 190 13.08 43.44 1005.81 1033.94
CITY 191 51.11 14.07 2388.03 2415.41
CITY 192 26.35 40.76 413.82 451.79
CITY 193 52.56 18.89 863.83 889.21
CITY 194 38.24 34.93 3620.60 3665.51
CITY 195 65.90 69.15 246.48 269.56
CITY 196 95.44 6.60 510.34 556.87
CITY 197 38.46 99.24 1214.40 1259.25
CITY 198 80.34 23.14 3028.63 3059.84
CITY 199 28.14 52.91 1808.77 1841.36
CITY 200 80.43 42.99 3991.15 4031.46
CITY 201 63.05 91.80 523.15 557.28
CITY 202 55.33 4.83 950.39 997.65
CITY 203 3.14 24.03 2493.86 2535.60
CITY 204 72.32 41.32 5639.13 5682.63
CITY 205 45.49 85.33 2053.09 2101.72
CITY 206 37.75 35.71 1793.37 1831.89
CITY 207 5.82 25.02 5778.36 5801.68
CITY 208 33.08 86.09 1501.21 1531.96
CITY 209 73.91 11.10 5412.26 5436.45
CITY 210 62.43 57.42 2229.53 2256.58
CITY 211 4.93 61.83 4508.15 4533.91
CITY 212 24.95 65.28 5274.43 5300.60
CITY 213 67.87 98.34 1868.58 1908.22
CITY 214 31.49 74.67 171.01 191.69
CITY 215 37.65 1.74 831.96 875.83
CITY 216 1.42 44.00 4305.24 4334.84
CITY 217 99.91 74.64 1782.32 1826.77
CITY 218 47.75 15.72 5597.14 5644.27
CITY 219 42.01 28.56 5906.39 5948.43
CITY 220 25.50 13.58 4184.97 4230.03
CITY 221 57.89 24.92 1045.94 1074.39
CITY 222 43.68 32.72 2868.87 2893.94
CITY 223 16.77 3.36 1373.80 1417.72
CITY 224 95.78 50.72 1237.88 1271.75
CITY 225 11.17 37.42 1084.78 1112.72
CITY 226 98.64 55.93 5365.86 5403.61
CITY 227 89.03 71.83 5724.21 5753.21
CITY 228 60.34 95.17 2305.33 2347.08
CITY 229 62.49 6.72 4242.63 4280.15
CITY 230 31.36 81.65 3942.18 3970.98
CITY 231 29.85 25.14 1929.22 1956.37
CITY 232 58.42 3.02 435.45 466.56
CITY 233 30.32 15.62 5258.03 5303.64
CITY 234 52.63 49.55 2193.60 2221.27
CITY 235 89.06 78.75 3013.64 3047.74
CITY 236 48.81 68.75 4588.52 4612.27
CITY 237 68.49 37.58 5635.19 5677.65
CITY 238 61.61 75.34 2541.96 2566.26
CITY 239 64.17 34.37 266.86 290.70
CITY 240 50.35 2.79 4786.34 4815.62
CITY 241 7.67 48.36 4267.93 4312.79
CITY 242 49.53 26.98 5105.39 5126.68
CITY 243 24.82 41.36 1329.80 1358.75
CITY 244 74.65 58.74 765.27 805.83
CITY 245 8.78 88.52 2101.00 2130.71
CITY 246 17.75 34.53 3886.88 3928.40
CITY 247 71.16 66.66 1207.71 1231.48
CITY 248 56.15 39.96 4124.97 4160.03
CITY 249 92.04 95.95 4081.69 4114.38
CITY 250 88.45 52.11 3049.56 3079.98
CITY 251 74.27 10.98 1951.26 1996.33
CITY 252 67.73 8.10 2529.05 2565.84
CITY 253 58.23 30.15 258.98 286.16
CITY 254 93.42 23.90 1505.81 1544.98
CITY 255 34.16 88.26 1882.13 1923.00
CITY 256 11.66 90.65 1314.94 1352.55
CITY 257 41.53 18.79 790.46 837.65
CITY 258 93.11 51.08 2239.90 2278.11
CITY 259 6.74 12.87 5694.67 5733.91
CITY 260 42.97 56.75 5075.68 5122.44
CITY 261 55.80 75.98 5265.89 5303.28
CITY 262 55.34 52.56 3427.55 3472.37
CITY 263 62.75 99.04 4438.63 4461.19
CITY 264 42.49 22.45 2085.72 2120.56
CITY 265 5.10 70.86 2332.86 2379.12
CITY 266 98.92 18.04 2085.96 2122.86
CITY 267 7.86 25.04 1410.83 1459.07
CITY 268 13.41 28.16 3519.63 3561.19
CITY 269 1.00 48.79 1223.20 1246.44
CITY 270 60.59 57.07 3015.46 3048.22
CITY 271 46.67 68.22 101.91 137.63
CITY 272 66.74 22.62 2330.62 2363.22
CITY 273 14.99 19.26 2480.19 2510.64
CITY 274 47.04 64.12 2117.42 2151.06
CITY 275 39.16 73.14 997.54 1035.78
CITY 276 30.94 6.49 4797.15 4843.55
CITY 277 83.81 70.99 1302.96 1345.30
CITY 278 46.88 1.85 4515.89 4545.14
CITY 279 52.38 70.94 1828.25 1869.09
CITY 280 38.09 74.81 1949.91 1990.42
CITY 281 22.93 34.15 2479.77 2503.25
CITY 282 51.49 75.28 77.23 104.51
CITY 283 97.56 0.33 5060.10 5105.81
CITY 284 67.26 71.99 1977.75 2017.74
CITY 285 41.31 13.87 402.78 432.82
CITY 286 91.85 96.78 5249.48 5290.78
CITY 287 9.39 93.01 3016.10 3038.46
CITY 288 48.44 60.29 4858.85 4885.13
CITY 289 39.13 38.49 1371.67 1411.20
CITY 290 93.85 30.37 1051.47 1073.68
CITY 291 24.63 41.41 5096.00 5133.44
CITY 292 27.99 1.02 1206.71 1247.23
CITY 293 61.11 71.71 4008.39 4046.43
CITY 294 98.79 3.09 1349.94 1380.78
CITY 295 34.50 68.85 3999.10 4022.33
CITY 296 20.09 71.05 4439.32 4463.10
CITY 297 68.93 95.29 1980.79 2014.34
CITY 298 9.81 63.14 284.71 328.90
CITY 299 78.37 24.95 2215.66 2250.70
CITY 300 55.54 45.61 402.49 443.52
CITY 301 77.29 32.98 1704.80 1750.43
CITY 302 29.21 54.18 433.64 464.30
CITY 303 79.93 59.94 3033.00 3068.23
CITY 304 89.95 90.93 5443.42 5465.64
CITY 305 12.08 58.71 2651.19 2683.60
CITY 306 57.43 24.61 4356.75 4388.99
CITY 307 35.20 41.39 2078.97 2114.21
CITY 308 99.51 95.88 4220.24 4264.38
CITY 309 38.67 83.97 3934.38 3974.08
CITY 310 70.84 56.36 4889.26 4935.94
CITY 311 95.70 56.27 3372.52 3400.42
CITY 312 77.87 18.97 5116.45 5160.88
CITY 313 74.04 31.98 2882.51 2926.77
CITY 314 40.93 39.51 4332.42 4359.55
CITY 315 54.23 84.42 2060.25 2090.45
CITY 316 77.69 95.66 5495.62 5536.83
CITY 317 58.26 9.04 2205.76 2236.16
CITY 318 40.03 44.36 1125.42 1173.81
CITY 319 56.43 65.12 4448.97 4491.89
CITY 320 95.93 75.68 4541.20 4572.71
CITY 321 1.53 11.70 4682.74 4705.35
CITY 322 63.71 3.07 2297.94 2334.79
CITY 323 32.72 22.97 206.09 242.03
CITY 324 53.49 99.52 2630.92 2650.94
CITY 325 13.99 90.24 5420.90 5468.70
CITY 326 71.20 55.06 3295.89 3344.20
CITY 327 15.79 75.84 3468.20 3501.00
CITY 328 85.24 42.86 1319.48 1344.39
CITY 329 1.75 64.69 1341.72 1384.95
CITY 330 50.33 98.69 2252.76 2285.38
CITY 331 0.10 64.06 3476.99 3517.89
CITY 332 34.75 65.94 1956.51 2000.68
CITY 333 83.90 84.65 3534.90 3569.57
CITY 334 3.40 26.06 4913.84 4939.88
CITY 335 24.40 39.25 4356.27 4376.44
CITY 336 94.63 99.46 1623.82 1656.59
CITY 337 54.98 53.27 4479.08 4506.31
CITY 338 66.11 75.51 3105.94 3141.02
CITY 339 53.38 5.81 965.29 991.66
CITY 340 9.45 96.76 4806.43 4839.10
CITY 341 88.22 12.78 1633.28 1668.14
CITY 342 50.84 4.87 196.06 225.89
CITY 343 5.17 1.41 543.92 572.74
CITY 344 12.22 31.55 4726.35 4769.40
CITY 345 1.30 2.56 5500.02 5540.17
CITY 346 96.62 92.52 2705.37 2740.94
CITY 347 93.82 25.76 2647.05 2689.80
CITY 348 23.18 30.90 2977.87 3005.19
CITY 349 40.19 57.25 4923.33 4962.41
CITY 350 3.24 60.44 628.02 651.24
CITY 351 53.11 94.63 2268.53 2290.56
CITY 352 21.90 10.92 5756.26 5786.76
CITY 353 12.59 66.03 3825.68 3865.32
CITY 354 70.97 35.85 406.72 429.32
CITY 355 90.30 65.62 1178.31 1208.91
CITY 356 30.02 74.80 3468.10 3493.08
CITY 357 57.74 6.31 1089.01 1125.95
CITY 358 62.14 73.83 3538.94 3580.80
CITY 359 22.83 77.16 1481.91 1518.18
CITY 360 44.77 41.87 2810.50 2856.08
CITY 361 3.63 63.28 4990.01 5035.25
CITY 362 52.36 93.79 5379.43 5424.55
CITY 363 89.42 78.11 4990.35 5010.85
CITY 364 21.25 61.19 5844.59 5881.10
CITY 365 53.38 28.68 4016.07 4055.64
CITY 366 2.13 9.99 1179.71 1206.87
CITY 367 69.06 56.85 1227.58 1266.28
CITY 368 68.41 44.77 51.16 82.70
CITY 369 38.19 50.98 5266.50 5300.66
CITY 370 34.83 30.89 479.23 509.00
CITY 371 22.25 82.49 632.85 677.23
CITY 372 50.94 5.65 2627.16 2660.63
CITY 373 84.22 49.33 3558.68 3608.31
CITY 374 78.22 81.28 3353.21 3391.42
CITY 375 76.32 87.46 354.57 379.25
CITY 376 97.01 99.10 1918.18 1951.31
CITY 377 3.35 50.35 4515.91 4541.48
CITY 378 67.96 1.29 2506.71 2538.05
CITY 379 48.88 48.22 3568.99 3608.29
CITY 380 26.63 59.71 3975.67 4000.92
CITY 381 32.36 75.06 2792.94 2818.62
CITY 382 40.49 57.62 2486.07 2534.51
CITY 383 69.80 9.47 4472.09 4501.58
CITY 384 45.26 76.55 2133.38 2174.95
CITY 385 97.26 29.72 4866.87 4911.58
CITY 386 53.18 98.31 1939.48 1981.09
CITY 387 65.47 94.81 3441.82 3463.27
CITY 388 11.25 52.06 5691.57 5734.43
CITY 389 10.30 11.22 4416.35 4450.64
CITY 390 24.97 23.22 5189.34 5211.57
CITY 391 45.99 28.68 2523.60 2573.40
CITY 392 64.90 6.03 2483.07 2529.04
CITY 393 98.99 0.92 3652.34 3678.40
CITY 394 73.52 99.25 5158.61 5185.31
CITY 395 43.39 70.25 1065.22 1099.77
CITY 396 50.91 42.83 1492.24 1531.01
CITY 397 74.66 89.99 2261.69 2302.33
CITY 398 85.41 77.74 3469.66 3496.99
CITY 399 62.37 88.57 830.72 873.80
CITY 400 45.21 33.90 1901.39 1947.81
CITY 401 33.72 47.05 3183.86 3232.44
CITY 402 13.35 19.24 3264.58 3309.30
CITY 403 20.25 16.62 1616.60 1656.92
CITY 404 87.39 14.53 532.22 555.52
CITY 405 52.53 67.17 4638.94 4680.39
CITY 406 68.80 90.93 2267.76 2315.82
CITY 407 95.86 25.09 2508.64 2552.80
CITY 408 95.27 99.77 3796.84 3817.57
CITY 409 68.45 34.45 5963.45 5997.53
CITY 410 75.74 75.21 4171.78 4204.17
CITY 411 9.60 99.09 1135.64 1159.32
CITY 412 61.07 17.89 3432.61 3461.03
CITY 413 77.19 71.27 1054.56 1103.43
CITY 414 22.29 51.04 4184.63 4230.65
CITY 415 76.43 85.53 1112.95 1140.17
CITY 416 57.98 86.75 568.95 604.00
CITY 417 27.46 36.81 386.67 422.85
CITY 418 16.42 53.88 3180.08 3227.76
CITY 419 23.90 26.13 21.61 68.32
CITY 420 34.72 22.47 1218.56 1266.00
CITY 421 50.51 43.11 1145.09 1185.12
CITY 422 87.11 0.91 5905.09 5942.48
CITY 423 75.50 95.12 2162.46 2185.47
CITY 424 82.83 50.37 4284.18 4323.81
CITY 425 9.24 14.78 4436.35 4467.35
CITY 426 52.45 17.26 3240.45 3287.66
CITY 427 31.37 29.22 3751.89 3780.83
CITY 428 38.66 68.52 3144.16 3190.35
CITY 429 53.83 21.09 3460.87 3506.40
