NUM_CLIENTS 147
NUM_VEHICLES 14
CITY 0 0.0 0.0 0.0 3836
CITY 1 49.55 7.74 1598.84 1619.60
CITY 2 7.15 46.46 3358.41 3378.99
CITY 3 21.60 99.78 1514.64 1540.46
CITY 4 88.71 3.93 1296.45 1316.78
CITY 5 3.29 58.33 790.06 822.46
CITY 6 45.88 25.38 1058.80 1096.13
CITY 7 85.28 86.30 1668.00 1704.89
CITY 8 78.25 43.32 914.95 951.60
CITY 9 53.99 95.79 123.09 155.02
CITY 10 92.96 26.01 591.65 622.15
CITY 11 72.85 81.76 2082.46 2105.72
CITY 12 60.36 73.82 851.34 885.20
CITY 13 15.80 75.81 682.17 728.01
CITY 14 16.01 57.26 3113.03 3139.69
CITY 15 65.22 29.85 2924.32 2968.84
CITY 16 5.95 83.04 2720.34 2753.92
CITY 17 64.59 82.41 1717.40 1742.38
CITY 18 64.45 35.59 777.68 812.36
CITY 19 62.34 62.66 1414.58 1448.16
CITY 20 0.06 85.92 1646.34 1690.82
CITY 21 41.87 49.52 1375.79 1408.17
CITY 22 87.10 16.96 2065.79 2105.75
CITY 23 92.24 56.50 3189.34 3214.50
CITY 24 4.65 18.62 294.38 325.52
CITY 25 82.53 29.93 3081.23 3119.82
CITY 26 27.95 54.22 3459.91 3497.45
CITY 27 17.34 15.69 3623.65 3651.07
CITY 28 17.33 95.74 926.35 948.37
CITY 29 15.40 37.42 2468.38 2498.32
CITY 30 85.35 5.94 2340.47 2382.36
CITY 31 98.93 28.37 3014.47 3054.96
CITY 32 3.34 85.53 2199.27 2243.66
CITY 33 80.85 28.48 2965.83 3004.54
CITY 34 75.51 24.56 3313.31 3342.14
CITY 35 24.63 91.91 2241.67 2265.64
CITY 36 81.18 2.67 2136.56 2178.77
CITY 37 99.98 23.05 478.27 527.25
CITY 38 26.95 27.02 612.17 649.56
CITY 39 44.43 33.33 2265.71 2295.10
CITY 40 87.46 60.11 506.94 528.63
CITY 41 14.26 96.70 1520.04 1542.29
CITY 42 45.98 58.80 1051.96 1073.93
CITY 43 1.49 18.23 2933.67 2961.72
CITY 44 9.29 20.31 1696.65 1735.31
CITY 45 79.68 58.60 684.55 717.94
CITY 46 70.30 9.99 1409.82 1451.50
CITY 47 12.81 42.36 3599.69 3633.90
CITY 48 15.11 85.30 2383.50 2415.46
CITY 49 38.31 89.73 537.11 557.87
CITY 50 62.08 12.05 3061.55 3088.41
CITY 51 0.45 59.31 2498.17 2544.55
CITY 52 90.24 31.54 520.30 542.14
CITY 53 16.62 10.59 1339.61 1366.52
CITY 54 33.19 0.99 356.21 382.51
CITY 55 77.19 10.04 2422.46 2451.45
CITY 56 66.62 4.94 3223.22 3257.77
CITY 57 59.13 63.77 987.87 1026.04
CITY 58 12.68 69.24 951.51 975.45
CITY 59 97.07 50.17 894.51 939.07
CITY 60 62.83 67.54 2651.76 2687.95
CITY 61 10.95 18.03 3512.16 3532.38
CITY 62 77.17 48.31 156.92 191.70
CITY 63 38.22 57.46 3640.78 3687.20
CITY 64 75.76 58.89 3733.67 3766.57
CITY 65 9.53 87.26 3569.27 3594.25
CITY 66 46.73 54.29 1097.32 1130.32
CITY 67 5.73 51.98 2409.94 2453.51
CITY 68 35.93 52.73 727.31 769.48
CITY 69 17.18 77.48 2648.20 2689.51
CITY 70 47.78 40.45 650.82 693.01
CITY 71 26.61 48.23 2492.94 2536.31
CITY 72 36.24 92.40 3264.53 3303.66
CITY 73 31.89 37.32 2974.79 3006.55
CITY 74 55.54 17.26 3292.22 3312.47
CITY 75 10.63 18.34 2761.27 2801.18
CITY 76 63.56 16.80 3342.75 3371.74
CITY 77 17.21 41.12 2229.89 2257.45
CITY 78 18.03 1.27 3222.20 3247.28
CITY 79 16.25 92.21 330.10 367.19
CITY 80 17.50 1.14 50.90 91.97
CITY 81 41.75 17.02 2626.06 2647.25
CITY 82 40.99 0.02 3477.67 3524.43
CITY 83 82.80 5.26 2198.58 2231.49
CITY 84 18.51 47.72 1079.16 1100.34
CITY 85 71.72 61.45 188.93 231.74
CITY 86 57.49 24.56 2888.78 2924.94
CITY 87 17.76 16.03 3166.44 3189.25
CITY 88 94.96 22.22 3226.35 3267.19
CITY 89 41.99 2.13 2002.33 2036.17
CITY 90 65.91 32.04 1063.82 1087.14
CITY 91 68.51 41.80 3182.30 3216.52
CITY 92 43.59 12.98 1065.31 1106.57
CITY 93 71.32 35.40 55.75 85.52
CITY 94 46.30 19.99 1603.97 1637.31
CITY 95 42.56 14.66 844.02 867.36
CITY 96 98.30 88.61 2977.69 3001.13
CITY 97 64.29 79.26 980.48 1021.86
CITY 98 96.50 29.97 3553.89 3595.35
CITY 99 38.91 27.60 3093.64 3117.13
CITY 100 74.89 45.98 1756.41 1796.16
CITY 101 38.84 36.20 3600.57 3647.40
CITY 102 75.21 42.20 2621.98 2665.68
CITY 103 60.44 18.01 3690.13 3734.69
CITY 104 88.00 80.89 1792.22 1837.97
CITY 105 10.01 55.05 74.86 97.46
CITY 106 84.62 61.97 2137.70 2162.87
CITY 107 69.73 4.12 638.70 675.51
CITY 108 44.53 26.66 1012.07 1055.13
CITY 109 16.82 26.87 1621.92 1651.98
CITY 110 19.64 82.39 2167.86 2201.32
CITY 111 76.09 1.08 1358.93 1387.73
CITY 112 53.61 74.54 1433.00 1475.83
CITY 113 41.80 56.78 1063.39 1097.42
CITY 114 19.79 43.39 2673.29 2695.18
CITY 115 1.21 95.73 2255.02 2281.83
CITY 116 87.44 62.58 1184.84 1227.09
CITY 117 26.79 9.14 2749.06 2776.10
CITY 118 78.02 60.34 3162.18 3183.15
CITY 119 78.10 47.70 293.99 334.15
CITY 120 4.99 48.87 2451.60 2483.92
CITY 121 9.39 22.21 1912.64 1959.84
CITY 122 26.19 21.23 193.95 235.79
CITY 123 8.24 75.24 3192.51 3241.40
CITY 124 35.14 41.56 3392.62 3438.10
CITY 125 13.14 87.68 2858.50 2890.62
CITY 126 92.46 90.13 2961.21 2992.25
CITY 127 29.69 69.40 1966.70 2011.20
CITY 128 74.65 57.13 3552.72 3577.19
CITY 129 47.54 69.58 2184.01 2207.31
CITY 130 77.71 30.81 155.26 188.90
CITY 131 84.13 56.21 77.36 126.65
CITY 132 36.33 75.29 1621.94 1652.06
CITY 133 3.65 70.59 1681.77 1729.21
CITY 134 59.21 24.56 102.41 136.90
CITY 135 44.00 21.10 3094.76 3128.89
CITY 136 79.15 90.48 2074.70 2098.77
CITY 137 73.49 42.06 3361.41 3395.67
CITY 138 57.46 28.12 307.73 328.22
CITY 139 51.19 50.81 1919.75 1949.63
CITY 140 50.24 32.95 2263.25 2308.04
CITY 141 38.72 75.14 2168.02 2194.15
CITY 142 67.97 16.92 1949.93 1988.47
CITY 143 84.78 75.59 3738.34 3759.06
CITY 144 84.38 79.88 2414.26 2459.70
CITY 145 84.38 63.68 2161.81 2185.98
CITY 146 11.79 45.54 993.30 1039.00
CITY 147 42.26 70.02 294.36 340.29
