NUM_CLIENTS 250
NUM_VEHICLES 200
CITY 0 0.0 0.0 0.0 2882
CITY 1 86.12 6.80 1458.77 1508.39
CITY 2 56.62 24.71 2136.13 2181.33
CITY 3 36.17 22.53 750.69 772.48
CITY 4 43.19 87.07 2212.94 2233.77
CITY 5 67.17 93.08 1112.77 1150.96
CITY 6 86.69 74.86 369.31 407.76
CITY 7 79.05 88.87 1833.13 1875.79
CITY 8 15.73 59.90 821.69 864.88
CITY 9 43.27 3.09 197.19 219.74
CITY 10 89.17 14.56 1820.03 1851.12
CITY 11 39.33 46.45 2286.82 2334.34
CITY 12 30.35 53.53 933.04 962.29
CITY 13 94.85 51.14 1099.56 1145.69
CITY 14 68.85 69.52 2615.99 2654.14
CITY 15 66.10 57.40 1334.44 1357.17
CITY 16 48.97 34.24 1468.97 1507.91
CITY 17 25.16 26.82 775.47 804.14
CITY 18 51.35 31.31 2566.20 2613.41
CITY 19 56.60 34.85 874.51 919.29
CITY 20 51.77 41.15 754.75 787.47
CITY 21 65.91 76.83 2523.13 2547.31
CITY 22 76.99 29.50 1949.01 1979.85
CITY 23 54.28 32.11 2262.04 2299.49
CITY 24 17.34 72.46 2482.48 2521.64
CITY 25 20.57 78.99 2353.36 2378.85
CITY 26 64.75 49.70 703.18 737.71
CITY 27 27.07 56.82 1526.57 1550.96
CITY 28 60.60 25.25 2737.50 2781.90
CITY 29 98.39 0.33 543.16 591.18
CITY 30 92.78 45.48 2806.19 2843.70
CITY 31 27.71 56.75 572.11 593.64
CITY 32 42.77 98.17 1689.86 1724.15
CITY 33 38.69 11.94 521.08 551.92
CITY 34 80.13 5.45 2400.73 2429.05
CITY 35 54.85 26.84 2222.08 2269.86
CITY 36 68.67 20.49 2525.28 2562.28
CITY 37 0.99 33.76 1771.94 1800.26
CITY 38 42.98 23.05 1754.88 1791.99
CITY 39 26.67 55.26 2382.65 2407.20
CITY 40 55.37 31.67 630.48 674.65
CITY 41 82.51 20.31 1749.19 1797.82
CITY 42 9.12 74.05 2771.81 2799.91
CITY 43 48.63 9.57 2395.67 2422.30
CITY 44 45.95 16.56 499.74 526.35
CITY 45 10.74 23.88 880.57 917.96
CITY 46 59.97 38.67 612.18 635.19
CITY 47 8.20 71.24 1258.81 1300.99
CITY 48 38.45 61.51 1082.82 1119.06
CITY 49 27.17 88.18 1397.07 1440.76
CITY 50 52.39 32.21 1418.27 1456.74
CITY 51 83.82 60.66 1062.50 1103.60
CITY 52 60.10 69.89 1075.77 1119.41
CITY 53 20.71 31.42 1153.20 1180.66
CITY 54 29.07 23.09 1704.43 1738.52
CITY 55 2.43 93.53 698.77 739.70
CITY 56 45.22 80.01 1107.39 1137.75
CITY 57 38.10 49.10 2053.63 2100.91
CITY 58 8.95 25.49 654.99 685.99
CITY 59 99.71 47.85 485.62 531.23
CITY 60 64.50 59.91 2296.22 2341.60
CITY 61 97.92 36.46 2156.72 2179.42
CITY 62 91.58 9.24 1972.17 1993.67
CITY 63 7.93 93.20 1288.65 1317.45
CITY 64 85.85 27.85 2594.85 2621.72
CITY 65 31.16 52.05 664.18 686.95
CITY 66 5.21 65.46 2223.19 2271.81
CITY 67 94.15 17.59 1556.28 1604.54
CITY 68 89.49 23.62 2289.41 2315.27
CITY 69 71.25 6.74 296.46 340.98
CITY 70 17.87 12.41 1315.28 1358.11
CITY 71 72.32 15.27 2640.53 2667.90
CITY 72 0.87 85.54 2172.64 2208.04
CITY 73 2.07 50.45 170.43 194.48
CITY 74 4.83 15.59 383.33 429.18
CITY 75 83.43 57.39 798.12 825.49
CITY 76 17.51 10.99 710.46 749.67
CITY 77 75.45 6.71 1075.09 1095.11
CITY 78 46.08 79.88 1921.98 1953.83
CITY 79 54.15 40.39 1491.69 1540.56
CITY 80 94.33 35.39 1718.77 1760.32
CITY 81 74.93 75.16 1487.23 1519.46
CITY 82 50.32 49.97 2281.25 2307.46
CITY 83 59.98 36.75 852.20 890.34
CITY 84 41.24 37.59 1064.37 1093.80
CITY 85 19.87 1.60 1239.09 1278.24
CITY 86 14.72 86.52 2240.86 2283.34
CITY 87 64.91 30.20 699.96 720.45
CITY 88 22.71 43.90 1383.68 1417.67
CITY 89 46.52 88.24 1317.43 1349.90
CITY 90 5.13 94.77 2541.44 2589.13
CITY 91 29.54 5.31 1322.48 1354.08
CITY 92 65.34 43.34 1698.22 1728.87
CITY 93 51.26 47.71 2645.68 2691.74
CITY 94 47.95 35.25 556.00 603.66
CITY 95 16.59 99.21 421.84 463.17
CITY 96 26.96 2.47 627.15 662.79
CITY 97 2.41 40.34 2263.40 2297.21
CITY 98 62.18 28.49 153.69 189.20
CITY 99 12.33 43.84 1385.77 1428.68
CITY 100 3.62 77.93 2066.29 2103.28
CITY 101 6.73 96.81 2642.78 2674.12
CITY 102 66.06 43.99 2049.02 2077.03
CITY 103 14.22 91.50 272.98 304.50
CITY 104 39.44 4.19 864.81 913.42
CITY 105 19.45 56.93 1188.44 1233.21
CITY 106 15.16 54.71 730.03 777.51
CITY 107 0.06 6.62 2433.65 2461.61
CITY 108 48.27 6.61 1331.56 1381.00
CITY 109 92.48 49.35 235.67 269.46
CITY 110 89.94 61.68 2774.03 2819.55
CITY 111 95.57 25.81 1586.28 1632.96
CITY 112 81.44 33.06 1886.46 1922.27
CITY 113 66.78 83.54 1674.36 1714.84
CITY 114 80.62 77.83 702.23 746.67
CITY 115 43.39 27.22 2662.51 2691.53
CITY 116 97.28 99.13 154.73 192.48
CITY 117 80.17 25.76 2335.52 2372.17
CITY 118 84.45 21.90 2708.33 2742.26
CITY 119 15.33 9.86 1540.11 1571.00
CITY 120 74.25 41.93 944.68 967.12
CITY 121 16.24 48.12 2629.97 2651.96
CITY 122 31.40 88.93 1239.33 1283.78
CITY 123 15.40 47.32 96.34 144.47
CITY 124 11.82 23.57 2490.84 2525.59
CITY 125 95.83 58.84 1153.81 1199.29
CITY 126 28.65 61.06 475.33 500.11
CITY 127 32.71 37.68 243.88 266.35
CITY 128 79.62 0.85 1534.93 1569.70
CITY 129 9.23 97.01 2290.45 2329.89
CITY 130 99.18 0.21 511.11 535.12
CITY 131 98.37 36.68 1944.94 1989.74
CITY 132 35.73 57.20 124.09 170.88
CITY 133 33.01 3.89 1654.84 1704.49
CITY 134 61.44 82.14 552.52 577.62
CITY 135 39.09 99.35 313.47 351.27
CITY 136 61.54 52.61 2357.35 2385.88
CITY 137 6.49 60.62 743.67 782.97
CITY 138 69.99 9.61 1721.50 1762.17
CITY 139 3.20 85.22 1886.65 1927.50
CITY 140 81.03 35.88 1446.05 1474.86
CITY 141 70.57 40.11 2287.26 2314.31
CITY 142 98.46 30.93 931.69 958.91
CITY 143 14.87 15.52 234.22 271.85
CITY 144 11.77 10.77 1276.85 1301.33
CITY 145 7.34 77.04 1950.76 1988.14
CITY 146 71.86 43.53 356.03 395.36
CITY 147 94.26 55.21 1668.41 1716.53
CITY 148 20.98 47.32 105.49 130.18
CITY 149 19.15 6.61 98.55 144.15
CITY 150 25.22 18.66 1414.27 1454.02
CITY 151 39.75 70.91 923.14 947.13
CITY 152 32.69 96.67 1201.87 1231.31
CITY 153 91.55 56.66 1984.99 2005.21
CITY 154 78.32 95.43 1183.39 1218.00
CITY 155 98.84 14.82 2505.27 2532.47
CITY 156 60.39 95.71 2570.42 2612.04
CITY 157 41.79 77.09 1792.20 1833.54
CITY 158 80.02 37.30 17.72 52.21
CITY 159 82.43 50.11 605.62 635.59
CITY 160 65.87 73.65 1435.06 1470.98
CITY 161 88.96 99.36 1738.37 1776.74
CITY 162 43.49 94.98 2268.39 2302.04
CITY 163 71.91 54.71 1530.47 1573.14
CITY 164 4.45 33.26 1159.50 1198.31
CITY 165 79.18 47.45 2488.38 2536.25
CITY 166 91.41 60.88 661.73 691.18
CITY 167 59.09 44.93 857.40 896.96
CITY 168 3.87 22.95 2562.16 2589.79
CITY 169 26.54 53.07 124.42 172.98
CITY 170 44.92 39.70 1223.49 1272.25
CITY 171 80.24 27.36 2308.31 2344.70
CITY 172 41.68 50.18 2698.23 2742.07
CITY 173 64.00 30.62 1703.89 1725.43
CITY 174 98.89 21.34 1876.16 1904.78
CITY 175 11.59 23.48 2801.74 2838.56
CITY 176 32.86 54.51 575.13 615.68
CITY 177 7.97 64.68 2681.24 2701.87
CITY 178 12.99 74.94 738.62 778.34
CITY 179 67.18 41.56 2566.60 2592.73
CITY 180 16.39 9.76 2639.37 2668.66
CITY 181 54.23 54.87 203.56 253.04
CITY 182 87.32 85.30 19.39 46.58
CITY 183 77.87 79.44 2674.99 2723.95
CITY 184 11.34 45.13 352.70 395.68
CITY 185 77.95 46.53 354.56 394.60
CITY 186 27.83 8.33 2236.56 2267.16
CITY 187 38.79 18.93 2676.62 2718.38
CITY 188 91.09 62.03 2745.71 2788.70
CITY 189 99.21 16.23 975.41 1011.07
CITY 190 68.95 19.42 2806.92 2849.64
CITY 191 35.14 34.02 1108.54 1151.25
CITY 192 10.36 51.24 2300.93 2327.30
CITY 193 19.01 63.75 2192.71 2235.15
CITY 194 6.69 99.30 649.89 689.60
CITY 195 91.29 49.44 2185.31 2216.93
CITY 196 64.25 19.91 128.42 162.01
CITY 197 0.37 35.54 2797.18 2845.20
CITY 198 64.87 41.55 2373.48 2422.57
CITY 199 86.20 8.52 2389.01 2426.85
CITY 200 56.14 11.65 393.14 427.97
CITY 201 99.61 72.59 971.46 1010.21
CITY 202 3.25 83.52 904.76 934.12
CITY 203 82.22 29.35 2433.13 2454.78
CITY 204 30.02 96.41 396.39 424.14
CITY 205 37.96 15.30 969.31 1001.67
CITY 206 7.44 53.10 221.97 251.22
CITY 207 29.98 2.27 2779.10 2808.93
CITY 208 71.18 86.95 2638.44 2676.53
CITY 209 85.16 36.25 278.53 306.46
CITY 210 33.38 88.84 525.35 551.72
CITY 211 80.04 23.15 790.33 835.57
CITY 212 55.02 54.13 2434.81 2479.16
CITY 213 54.89 57.74 1958.54 1987.46
CITY 214 55.24 29.75 2536.61 2579.18
CITY 215 4.07 91.88 1195.72 1235.46
CITY 216 26.90 5.21 204.01 252.48
CITY 217 58.83 10.68 1356.03 1390.11
CITY 218 36.11 54.20 755.80 793.53
CITY 219 56.12 79.41 241.43 266.48
CITY 220 64.85 56.90 2455.81 2494.73
CITY 221 1.68 21.84 2008.43 2033.51
CITY 222 95.73 86.38 1448.33 1498.02
CITY 223 0.53 52.30 781.29 825.13
CITY 224 77.63 18.75 1555.22 1577.01
CITY 225 21.10 66.69 553.16 588.99
CITY 226 34.43 40.45 1677.15 1724.48
CITY 227 28.77 24.90 2426.03 2449.77
CITY 228 42.02 64.83 1414.45 1463.78
CITY 229 40.55 19.12 723.79 747.63
CITY 230 18.44 64.08 348.58 388.71
CITY 231 13.24 4.02 2826.77 2869.11
CITY 232 73.13 68.41 385.22 411.76
CITY 233 95.94 57.46 1849.53 1891.05
CITY 234 83.00 1.38 311.82 338.01
CITY 235 14.44 72.43 2226.96 2273.02
CITY 236 32.51 41.11 1871.17 1911.58
CITY 237 44.34 20.15 1802.12 1828.32
CITY 238 35.32 87.00 2431.60 2471.47
CITY 239 48.99 94.91 1244.49 1272.05
CITY 240 43.33 15.86 2215.09 2260.10
CITY 241 74.83 52.43 585.24 608.55
CITY 242 28.72 28.34 509.66 552.74
CITY 243 47.32 76.26 194.26 227.90
CITY 244 30.32 22.43 577.01 622.92
CITY 245 83.95 96.35 770.92 805.33
CITY 246 43.81 13.35 2214.00 2253.36
CITY 247 38.46 98.65 1567.03 1606.29
CITY 248 14.47 26.77 1056.49 1084.14
CITY 249 9.88 86.20 1467.51 1496.81
CITY 250 40.37 6.30 2711.09 2734.30
