NUM_CLIENTS 339
NUM_VEHICLES 33
CITY 0 0.0 0.0 0.0 9878
CITY 1 89.17 92.98 7219.78 7241.63
CITY 2 20.85 6.53 906.65 938.28
CITY 3 21.88 79.20 1182.72 1224.81
CITY 4 45.76 76.96 4401.42 4431.89
CITY 5 27.70 6.70 2607.76 2642.14
CITY 6 17.83 76.80 3357.55 3404.31
CITY 7 97.43 44.24 7723.64 7761.31
CITY 8 94.73 59.82 6840.10 6864.23
CITY 9 39.88 79.21 2685.28 2722.55
CITY 10 65.85 5.00 3940.12 3961.28
CITY 11 98.75 58.95 9317.12 9342.31
CITY 12 70.87 63.95 8096.26 8132.93
CITY 13 87.53 47.39 4822.04 4848.17
CITY 14 62.73 86.38 2172.00 2197.55
CITY 15 10.84 94.94 5445.91 5488.53
CITY 16 74.18 14.20 6316.56 6362.38
CITY 17 52.59 43.78 3227.11 3267.27
CITY 18 92.87 35.33 6737.80 6782.17
CITY 19 62.46 21.22 2949.36 2996.35
CITY 20 52.33 80.56 19.59 58.19
CITY 21 44.83 67.64 4487.73 4527.70
CITY 22 87.05 16.37 2300.63 2340.05
CITY 23 77.57 93.36 6397.65 6429.29
CITY 24 41.16 15.42 7184.89 7233.99
CITY 25 94.51 54.46 5635.81 5682.18
CITY 26 56.95 53.97 8666.64 8693.61
CITY 27 80.66 42.69 7316.79 7350.37
CITY 28 42.77 62.35 3790.50 3836.40
CITY 29 12.81 23.87 112.74 156.45
CITY 30 45.28 36.78 2524.16 2563.69
CITY 31 27.57 70.93 9370.59 9397.53
CITY 32 50.05 5.09 651.91 681.43
CITY 33 14.92 54.40 1288.02 1332.34
CITY 34 89.32 46.91 118.15 153.07
CITY 35 85.25 91.99 6453.85 6495.64
CITY 36 53.70 40.20 9009.90 9035.12
CITY 37 41.42 6.86 4190.58 4211.79
CITY 38 17.11 64.08 1288.49 1336.18
CITY 39 2.61 17.09 9474.43 9514.81
CITY 40 29.42 38.79 819.61 860.51
CITY 41 32.58 47.30 8133.54 8170.39
CITY 42 39.80 99.28 8347.01 8377.66
CITY 43 49.79 5.25 8913.31 8949.64
CITY 44 52.99 19.71 5610.68 5636.61
CITY 45 96.90 73.01 2605.08 2643.76
CITY 46 71.19 18.72 3885.83 3923.80
CITY 47 45.52 76.62 5661.02 5691.98
CITY 48 44.44 88.17 1646.01 1672.31
CITY 49 31.51 55.29 2573.60 2595.26
CITY 50 68.21 88.96 4491.55 4533.23
CITY 51 92.84 30.00 1516.96 1559.54
CITY 52 13.34 26.79 8594.51 8635.15
CITY 53 80.65 58.72 4057.50 4099.00
CITY 54 82.25 90.22 1088.69 1126.81
CITY 55 93.70 70.17 4027.41 4048.71
CITY 56 23.23 71.48 7136.58 7157.96
CITY 57 92.47 91.76 5592.87 5626.97
CITY 58 38.31 66.86 514.78 539.59
CITY 59 2.49 91.95 6770.82 6803.72
CITY 60 77.30 21.72 1638.85 1666.29
CITY 61 31.96 14.10 5920.60 5943.64
CITY 62 99.23 97.18 6433.63 6465.67
CITY 63 63.34 10.86 7280.67 7327.50
CITY 64 16.94 25.78 7990.59 8035.20
CITY 65 57.70 10.59 8688.21 8725.29
CITY 66 40.27 26.10 1565.37 1606.21
CITY 67 9.75 77.64 3140.03 3181.52
CITY 68 56.05 42.18 8335.06 8383.26
CITY 69 2.61 59.94 8599.88 8632.11
CITY 70 51.12 61.59 4737.82 4778.11
CITY 71 49.10 5.94 7167.73 7209.52
CITY 72 71.16 9.93 6805.37 6851.03
CITY 73 40.53 29.94 7977.63 8012.94
CITY 74 94.72 94.12 5675.71 5704.41
CITY 75 3.91 65.89 7993.16 8013.80
CITY 76 59.77 72.91 5377.57 5414.13
CITY 77 12.86 78.82 4642.85 4664.65
CITY 78 30.33 5.88 945.12 968.26
CITY 79 65.96 25.39 5311.26 5349.69
CITY 80 87.66 38.50 5233.68 5269.51
CITY 81 51.47 53.89 252.40 290.36
CITY 82 14.22 80.22 7823.19 7857.71
CITY 83 78.77 33.63 9450.95 9487.19
CITY 84 49.96 7.59 6807.04 6847.88
CITY 85 62.35 21.23 7475.71 7524.53
CITY 86 98.99 57.75 6303.55 6325.17
CITY 87 56.84 90.21 7193.70 7237.25
CITY 88 20.31 94.30 31.54 52.46
CITY 89 90.48 25.62 9376.20 9402.01
CITY 90 65.29 90.09 6815.94 6857.80
CITY 91 64.50 61.04 3070.47 3099.49
CITY 92 78.51 82.24 7524.73 7573.02
CITY 93 81.41 93.18 329.81 378.88
CITY 94 87.09 55.16 3800.88 3837.27
CITY 95 17.41 90.80 1867.06 1893.76
CITY 96 56.18 52.39 6049.06 6078.01
CITY 97 16.72 9.33 8837.09 8870.23
CITY 98 28.27 46.87 8433.89 8468.48
CITY 99 16.90 31.67 6960.97 6988.48
CITY 100 33.34 41.98 4485.47 4511.16
CITY 101 8.62 27.98 1470.62 1512.50
CITY 102 45.82 95.55 2483.42 2517.63
CITY 103 69.56 39.85 1121.84 1150.05
CITY 104 22.84 63.67 2007.84 2028.97
CITY 105 76.90 90.99 5117.56 5145.69
CITY 106 85.58 15.60 2067.02 2088.69
CITY 107 56.50 90.52 7960.78 7988.67
CITY 108 22.72 77.35 3772.83 3814.38
CITY 109 0.56 85.39 6565.06 6588.14
CITY 110 78.94 31.99 538.69 588.48
CITY 111 94.70 75.37 1295.60 1334.00
CITY 112 20.21 59.05 1421.01 1463.95
CITY 113 20.69 46.46 2486.86 2516.52
CITY 114 70.01 21.66 9807.87 9840.16
CITY 115 1.61 16.44 2935.90 2956.95
CITY 116 13.95 45.75 7582.72 7612.77
CITY 117 13.82 36.92 1148.25 1181.50
CITY 118 68.41 14.59 7189.30 7219.30
CITY 119 38.36 62.44 2378.49 2409.87
CITY 120 87.49 64.54 1517.68 1553.07
CITY 121 19.62 72.98 2908.43 2956.22
CITY 122 81.52 77.82 3553.63 3585.39
CITY 123 91.48 9.56 5207.85 5229.51
CITY 124 98.76 40.82 8250.66 8281.11
CITY 125 31.79 77.39 8676.59 8699.75
CITY 126 69.66 59.67 3253.78 3276.15
CITY 127 85.66 33.42 7953.87 7988.02
CITY 128 55.36 33.74 4360.03 4383.17
CITY 129 26.82 11.34 9298.12 9322.03
CITY 130 14.74 53.64 8274.68 8296.69
CITY 131 27.00 85.11 5414.80 5454.91
CITY 132 62.67 25.35 6093.38 6122.97
CITY 133 83.40 29.00 3493.44 3537.62
CITY 134 32.35 26.12 5087.58 5117.66
CITY 135 51.43 82.08 9333.51 9372.48
CITY 136 69.45 4.39 5638.67 5667.85
CITY 137 57.95 54.87 5061.84 5098.04
CITY 138 60.61 57.80 6108.80 6153.78
CITY 139 86.63 30.45 2751.38 2771.42
CITY 140 3.88 78.84 5698.12 5746.05
CITY 141 57.11 36.58 3021.84 3052.21
CITY 142 64.38 10.53 5559.50 5596.71
CITY 143 1.85 91.48 7814.88 7849.79
CITY 144 49.88 5.11 9391.66 9426.75
CITY 145 9.04 22.98 1599.93 1637.33
CITY 146 20.68 95.35 7838.10 7872.05
CITY 147 6.06 14.11 4847.01 4871.12
CITY 148 23.41 30.76 6931.50 6955.83
CITY 149 83.82 44.89 6212.25 6255.87
CITY 150 14.34 22.04 2443.08 2484.16
CITY 151 52.01 56.06 7681.19 7724.31
CITY 152 78.04 68.99 2986.04 3008.41
CITY 153 17.28 27.53 1347.74 1371.60
CITY 154 82.68 8.83 8256.91 8301.97
CITY 155 32.61 65.14 3047.06 3094.67
CITY 156 75.26 1.54 6656.21 6698.90
CITY 157 69.81 1.83 6793.83 6825.50
CITY 158 53.41 88.01 4862.47 4889.88
CITY 159 48.20 67.83 8314.53 8349.22
CITY 160 1.48 61.98 6198.85 6247.05
CITY 161 70.56 63.43 7750.62 7770.93
CITY 162 19.03 49.34 560.38 581.57
CITY 163 63.48 94.08 7751.07 7771.34
CITY 164 30.34 2.05 1554.83 1588.18
CITY 165 34.24 42.47 6955.35 6994.55
CITY 166 87.24 90.00 7434.29 7460.29
CITY 167 6.94 33.71 8099.97 8122.51
CITY 168 60.01 25.13 814.93 839.71
CITY 169 97.67 53.61 4175.37 4209.08
CITY 170 34.52 29.35 8799.14 8848.15
CITY 171 81.61 77.15 1977.83 2005.10
CITY 172 76.36 15.07 5588.28 5623.97
CITY 173 9.46 50.74 3485.67 3508.24
CITY 174 58.23 57.87 5862.51 5903.14
CITY 175 47.21 98.89 326.59 369.27
CITY 176 38.04 92.80 4615.39 4664.29
CITY 177 78.40 70.55 4681.80 4726.45
CITY 178 89.00 12.94 7854.54 7888.39
CITY 179 78.04 8.92 9523.49 9566.98
CITY 180 28.02 33.39 283.18 327.47
CITY 181 73.40 23.78 7605.27 7644.24
CITY 182 62.42 83.43 4244.28 4283.09
CITY 183 30.52 71.86 4401.00 4445.65
CITY 184 21.30 14.85 4836.12 4863.79
CITY 185 88.36 71.34 1618.49 1643.46
CITY 186 8.67 23.05 3005.16 3025.32
CITY 187 39.34 51.70 6734.02 6773.39
CITY 188 40.42 35.76 5783.67 5831.01
CITY 189 91.15 25.23 3645.36 3693.08
CITY 190 72.14 40.67 3523.56 3559.27
CITY 191 38.24 90.65 8697.59 8739.69
CITY 192 9.48 27.65 2186.24 2229.03
CITY 193 67.52 7.06 7516.99 7553.81
CITY 194 4.70 32.00 3851.87 3874.37
CITY 195 44.24 47.53 467.09 509.07
CITY 196 5.83 14.71 1066.89 1091.28
CITY 197 67.73 31.51 1523.07 1545.18
CITY 198 39.51 25.64 2917.89 2938.69
CITY 199 71.92 43.87 3003.20 3050.20
CITY 200 89.32 97.18 100.44 147.96
CITY 201 77.54 21.79 8259.29 8297.79
CITY 202 48.07 52.89 4542.56 4576.89
CITY 203 37.98 72.18 7687.23 7722.02
CITY 204 72.78 91.10 1822.47 1865.62
CITY 205 17.62 25.69 4743.81 4773.16
CITY 206 69.18 17.62 5295.44 5330.18
CITY 207 41.22 91.93 7714.74 7738.75
CITY 208 73.61 14.46 9584.19 9608.97
CITY 209 83.45 58.32 8517.27 8553.88
CITY 210 44.83 56.72 8293.40 8333.16
CITY 211 83.11 50.50 5728.04 5768.83
CITY 212 3.72 70.68 1196.84 1242.24
CITY 213 34.70 96.37 7109.15 7137.98
CITY 214 3.68 42.54 8189.26 8214.89
CITY 215 32.36 52.12 3860.02 3908.86
CITY 216 52.06 3.02 8361.64 8389.92
CITY 217 7.42 93.99 3414.39 3446.14
CITY 218 19.42 85.54 6865.30 6908.78
CITY 219 73.92 89.26 683.67 709.14
CITY 220 33.63 11.08 7779.18 7814.25
CITY 221 72.92 50.12 8652.98 8681.96
CITY 222 76.63 0.78 4131.00 4168.44
CITY 223 99.89 91.94 8697.21 8721.74
CITY 224 23.94 38.03 4831.24 4852.14
CITY 225 37.12 24.41 5501.78 5528.03
CITY 226 47.22 59.29 9289.84 9330.53
CITY 227 93.72 32.78 8478.39 8509.35
CITY 228 93.11 16.27 9649.36 9678.70
CITY 229 54.49 56.59 4084.45 4125.69
CITY 230 35.40 60.30 3576.27 3604.97
CITY 231 85.90 33.95 384.28 412.61
CITY 232 31.60 8.77 7808.40 7829.05
CITY 233 39.92 38.12 4004.19 4035.39
CITY 234 51.35 57.87 5589.85 5629.09
CITY 235 21.11 63.97 6417.17 6439.72
CITY 236 99.45 62.60 2419.35 2444.00
CITY 237 37.47 48.91 1656.61 1679.83
CITY 238 54.29 39.05 9541.86 9586.40
CITY 239 16.07 53.90 6556.91 6597.92
CITY 240 52.47 85.22 2528.82 2564.00
CITY 241 39.39 34.99 4270.27 4309.99
CITY 242 66.19 9.45 7014.56 7051.11
CITY 243 95.47 93.50 9057.00 9106.73
CITY 244 67.58 55.24 1848.05 1879.57
CITY 245 8.67 78.10 3104.97 3141.70
CITY 246 22.26 37.79 7487.32 7532.78
CITY 247 30.56 59.03 2778.77 2819.80
CITY 248 22.87 23.28 6319.08 6351.98
CITY 249 94.28 54.73 7630.17 7674.54
CITY 250 80.13 43.42 9512.38 9534.31
CITY 251 76.74 93.35 3920.87 3960.22
CITY 252 89.40 92.00 5859.99 5891.47
CITY 253 67.18 37.01 5025.96 5071.44
CITY 254 41.75 76.24 7194.53 7216.81
CITY 255 93.26 15.76 9338.37 9369.79
CITY 256 9.59 85.67 7361.17 7395.30
CITY 257 1.70 29.24 5319.13 5339.98
CITY 258 45.64 49.80 7003.76 7027.77
CITY 259 96.17 49.62 123.13 167.85
CITY 260 89.77 42.73 7764.22 7801.76
CITY 261 39.53 37.30 7688.26 7712.84
CITY 262 47.52 87.48 6411.76 6441.19
CITY 263 58.20 69.27 5263.87 5289.73
CITY 264 55.30 56.20 8125.91 8171.19
CITY 265 68.86 2.26 3850.25 3885.93
CITY 266 10.64 30.37 4582.36 4619.63
CITY 267 99.85 94.73 7982.05 8023.70
CITY 268 79.49 19.70 8498.12 8528.39
CITY 269 42.41 45.20 9231.38 9281.07
CITY 270 64.32 52.94 3378.57 3411.31
CITY 271 18.81 2.13 9720.28 9759.09
CITY 272 85.67 78.32 8576.72 8608.80
CITY 273 59.48 9.03 6989.83 7033.13
CITY 274 28.41 60.22 2025.97 2069.11
CITY 275 57.78 39.33 4558.49 4599.32
CITY 276 36.65 90.75 2904.08 2949.85
CITY 277 10.94 79.03 788.07 836.11
CITY 278 35.64 22.70 382.91 415.88
CITY 279 98.55 57.43 6278.29 6311.52
CITY 280 63.07 34.42 855.43 889.99
CITY 281 41.92 21.82 7868.96 7913.59
CITY 282 5.85 4.99 1158.76 1196.41
CITY 283 88.64 81.34 8513.26 8546.25
CITY 284 41.53 96.14 9075.85 9100.72
CITY 285 77.56 78.82 4956.57 5001.59
CITY 286 98.01 21.47 7957.13 7982.46
CITY 287 92.24 97.51 1960.20 1997.13
CITY 288 79.67 17.43 1901.33 1938.78
CITY 289 94.57 75.44 8723.10 8744.45
CITY 290 47.27 68.84 4410.27 4442.93
CITY 291 12.06 37.05 4147.34 4169.93
CITY 292 30.17 71.35 7919.05 7939.49
CITY 293 15.77 82.66 5336.89 5385.45
CITY 294 76.78 74.82 2511.41 2542.12
CITY 295 7.86 78.28 2709.40 2730.22
CITY 296 68.58 35.12 11.36 50.56
CITY 297 67.78 34.73 1630.03 1659.98
CITY 298 20.02 3.16 3221.46 3255.54
CITY 299 65.36 88.41 5247.83 5291.84
CITY 300 61.86 15.00 8474.73 8520.70
CITY 301 97.64 1.84 3782.47 3826.30
CITY 302 72.10 62.40 4700.92 4734.48
CITY 303 64.17 29.69 1331.97 1353.66
CITY 304 50.76 94.05 2072.57 2101.12
CITY 305 14.39 71.74 9823.78 9871.68
CITY 306 46.72 92.25 665.12 700.11
CITY 307 28.06 72.44 4105.77 4155.60
CITY 308 64.20 2.75 6505.58 6547.11
CITY 309 67.06 12.09 4805.33 4836.97
CITY 310 12.44 95.56 4750.96 4775.37
CITY 311 4.07 38.96 3370.66 3397.44
CITY 312 88.23 80.65 5934.83 5971.01
CITY 313 74.77 67.43 7093.59 7125.78
CITY 314 41.51 54.58 6720.61 6765.56
CITY 315 42.19 40.77 1608.78 1651.63
CITY 316 15.31 98.08 8223.44 8259.73
CITY 317 86.36 68.49 1369.77 1396.90
CITY 318 2.09 69.81 240.73 277.85
CITY 319 38.10 23.62 5637.57 5672.12
CITY 320 19.42 29.47 5376.70 5417.55
CITY 321 39.65 75.72 9673.45 9710.21
CITY 322 26.01 44.39 152.35 194.57
CITY 323 56.64 85.66 9095.53 9124.86
CITY 324 28.51 11.29 9543.38 9588.06
CITY 325 37.66 84.78 878.02 926.88
CITY 326 39.84 8.76 1673.18 1722.50
CITY 327 58.37 18.06 3670.79 3694.23
CITY 328 67.57 85.04 4749.70 4781.24
CITY 329 3.99 19.43 7891.23 7922.99
CITY 330 85.12 50.23 45.14 81.83
CITY 331 15.00 66.89 6669.91 6716.09
CITY 332 33.20 7.57 1125.18 1151.91
CITY 333 52.42 21.40 6678.41 6716.49
CITY 334 27.06 62.67 860.11 900.07
CITY 335 47.01 18.66 8451.03 8489.05
CITY 336 24.31 27.11 7661.89 7682.88
CITY 337 95.88 36.56 603.60 634.10
CITY 338 47.81 11.11 7518.23 7551.39
CITY 339 39.36 86.90 4828.30 4853.87
