NUM_CLIENTS 383
NUM_VEHICLES 38
CITY 0 0.0 0.0 0.0 614
CITY 1 0.18 70.20 323.08 368.60
CITY 2 77.08 56.75 102.69 132.24
CITY 3 80.88 61.14 360.76 383.88
CITY 4 49.62 33.12 43.88 74.29
CITY 5 31.95 63.62 543.18 587.83
CITY 6 67.00 72.93 189.36 209.70
CITY 7 20.97 69.32 197.67 241.28
CITY 8 72.04 4.81 247.16 279.75
CITY 9 16.63 41.40 497.32 527.86
CITY 10 37.53 82.88 444.84 482.19
CITY 11 75.82 22.56 254.53 298.50
CITY 12 3.34 2.01 147.28 170.42
CITY 13 34.18 88.79 90.75 113.00
CITY 14 94.18 97.80 190.60 240.16
CITY 15 89.32 70.45 243.27 282.88
CITY 16 60.73 43.42 30.21 60.14
CITY 17 97.44 40.93 312.52 360.29
CITY 18 54.01 66.06 167.73 190.61
CITY 19 39.29 54.97 276.89 298.53
CITY 20 0.38 8.76 464.68 503.43
CITY 21 48.03 9.70 116.72 155.87
CITY 22 97.71 47.36 65.15 108.69
CITY 23 47.09 89.49 149.46 188.72
CITY 24 38.75 37.10 215.14 240.73
CITY 25 4.46 43.97 148.56 193.67
CITY 26 56.42 15.11 392.81 415.71
CITY 27 66.81 80.82 233.49 276.18
CITY 28 22.75 6.10 218.33 254.01
CITY 29 96.56 68.71 528.11 565.29
CITY 30 23.56 29.89 222.67 268.29
CITY 31 3.47 57.12 291.49 328.63
CITY 32 98.28 14.74 535.38 568.85
CITY 33 94.91 16.72 119.51 145.29
CITY 34 4.27 7.84 385.28 411.34
CITY 35 82.26 14.79 335.61 365.20
CITY 36 72.71 80.73 49.08 85.77
CITY 37 55.21 85.66 293.10 340.62
CITY 38 1.24 70.04 331.39 374.84
CITY 39 11.25 14.96 319.56 357.04
CITY 40 96.48 10.02 59.58 102.96
CITY 41 78.57 86.75 496.40 542.73
CITY 42 26.41 65.48 322.62 356.81
CITY 43 17.22 40.30 348.69 389.11
CITY 44 40.17 39.58 495.73 536.45
CITY 45 4.93 47.52 151.48 182.65
CITY 46 33.79 79.37 175.38 220.66
CITY 47 85.82 68.49 548.49 575.33
CITY 48 30.05 74.37 436.55 466.18
CITY 49 72.88 60.50 50.36 83.61
CITY 50 91.34 40.72 273.24 308.73
CITY 51 37.39 5.62 446.40 468.37
CITY 52 70.96 40.34 440.21 475.94
CITY 53 56.87 17.37 493.60 519.62
CITY 54 5.76 3.31 28.52 59.33
CITY 55 19.91 36.84 261.82 293.73
CITY 56 92.31 68.12 136.45 171.12
CITY 57 44.61 96.05 267.66 304.20
CITY 58 34.42 83.77 145.88 190.81
CITY 59 9.04 2.75 28.00 73.62
CITY 60 77.98 21.43 124.84 151.60
CITY 61 20.67 65.16 289.49 335.43
CITY 62 96.71 68.22 267.39 291.36
CITY 63 17.32 80.09 126.21 164.46
CITY 64 94.30 71.27 400.08 428.35
CITY 65 89.55 85.16 258.87 285.42
CITY 66 30.21 52.06 351.71 389.25
CITY 67 0.73 99.94 545.10 590.28
CITY 68 56.15 59.38 159.43 199.96
CITY 69 48.17 33.63 155.94 185.69
CITY 70 27.69 65.61 537.03 576.58
CITY 71 18.84 51.73 135.53 157.23
CITY 72 85.73 81.00 227.91 257.50
CITY 73 13.99 2.55 280.52 309.39
CITY 74 90.69 40.46 415.52 453.01
CITY 75 99.48 81.60 193.55 234.95
CITY 76 68.63 63.83 268.31 316.53
CITY 77 35.85 30.02 95.87 135.60
CITY 78 55.82 29.38 265.52 307.75
CITY 79 72.52 55.90 514.72 563.13
CITY 80 89.96 65.44 125.35 152.05
CITY 81 87.14 42.05 500.18 531.33
CITY 82 58.56 46.38 66.43 88.04
CITY 83 63.44 58.03 350.05 384.22
CITY 84 19.45 11.98 383.91 419.81
CITY 85 41.31 87.08 85.04 134.81
CITY 86 34.27 98.72 503.56 553.16
CITY 87 14.32 86.24 101.72 124.15
CITY 88 33.26 98.66 176.77 198.51
CITY 89 45.21 20.94 436.28 473.57
CITY 90 15.84 78.52 439.78 463.66
CITY 91 43.37 42.94 241.97 276.29
CITY 92 0.47 53.38 412.09 460.59
CITY 93 89.20 75.68 299.50 320.04
CITY 94 0.41 73.36 127.61 173.92
CITY 95 31.21 10.27 283.88 313.07
CITY 96 6.53 4.57 534.93 568.61
CITY 97 52.03 52.41 244.59 285.19
CITY 98 13.38 99.61 276.46 318.96
CITY 99 16.49 90.69 457.97 478.55
CITY 100 22.43 98.49 119.11 139.77
CITY 101 50.46 12.32 401.07 444.83
CITY 102 37.52 64.03 434.98 473.68
CITY 103 59.39 4.80 60.98 106.06
CITY 104 4.82 11.58 250.59 274.30
CITY 105 25.27 70.19 115.90 156.47
CITY 106 0.93 42.09 56.95 92.56
CITY 107 62.28 70.07 236.22 283.18
CITY 108 51.16 61.77 159.45 202.99
CITY 109 49.77 60.90 438.77 483.71
CITY 110 97.31 35.79 231.10 255.91
CITY 111 54.81 91.04 388.15 422.57
CITY 112 23.45 1.27 50.20 73.51
CITY 113 57.42 49.41 535.49 578.87
CITY 114 7.50 72.36 510.30 549.63
CITY 115 45.68 97.73 148.97 170.47
CITY 116 81.32 87.41 480.67 511.47
CITY 117 67.68 42.60 65.37 110.91
CITY 118 89.03 0.97 78.05 117.47
CITY 119 32.87 89.45 538.67 566.72
CITY 120 73.31 37.26 193.30 216.71
CITY 121 40.03 45.65 471.34 512.04
CITY 122 47.82 42.17 499.77 524.78
CITY 123 13.25 72.64 553.61 598.94
CITY 124 10.37 91.12 272.23 309.30
CITY 125 43.82 61.13 439.45 477.79
CITY 126 86.26 88.00 410.19 456.94
CITY 127 48.31 48.81 500.60 533.82
CITY 128 6.33 65.50 6.97 53.02
CITY 129 52.48 74.36 408.21 434.93
CITY 130 95.58 87.31 292.77 333.42
CITY 131 61.82 43.28 409.83 444.29
CITY 132 66.37 64.14 83.84 128.63
CITY 133 89.21 61.29 6.57 54.60
CITY 134 50.56 46.93 279.65 304.61
CITY 135 75.14 32.06 186.62 214.97
CITY 136 50.69 55.05 213.55 258.06
CITY 137 7.88 44.42 323.19 345.83
CITY 138 49.85 31.61 553.10 595.46
CITY 139 1.78 40.34 20.21 56.68
CITY 140 82.59 79.18 543.23 582.35
CITY 141 89.01 56.23 369.19 402.88
CITY 142 34.09 82.53 460.56 505.89
CITY 143 33.20 76.74 338.37 379.87
CITY 144 36.33 45.25 54.95 94.72
CITY 145 0.22 35.51 357.38 401.38
CITY 146 54.77 37.39 59.97 106.87
CITY 147 49.24 82.18 418.78 451.05
CITY 148 25.43 19.59 68.10 113.67
CITY 149 21.56 82.46 107.49 137.62
CITY 150 75.71 4.65 357.15 397.31
CITY 151 12.32 89.18 257.97 295.65
CITY 152 50.42 96.39 2.45 44.53
CITY 153 55.32 43.28 330.01 377.74
CITY 154 78.11 91.02 390.19 415.39
CITY 155 81.52 10.36 370.84 409.03
CITY 156 32.18 88.14 236.13 274.40
CITY 157 69.25 24.82 224.40 254.68
CITY 158 29.42 80.48 77.93 116.01
CITY 159 88.64 51.23 475.49 511.93
CITY 160 31.39 73.68 312.22 338.74
CITY 161 20.97 71.44 387.25 434.88
CITY 162 13.27 71.04 550.00 575.34
CITY 163 54.25 63.69 400.64 443.46
CITY 164 56.23 58.28 531.67 572.97
CITY 165 67.42 89.39 301.12 347.45
CITY 166 42.24 1.28 60.05 91.48
CITY 167 5.31 5.66 150.58 194.14
CITY 168 98.35 68.34 82.59 104.45
CITY 169 78.44 20.40 305.22 335.98
CITY 170 45.26 61.61 381.00 417.85
CITY 171 22.43 64.71 219.33 254.66
CITY 172 79.68 69.61 390.82 412.23
CITY 173 38.16 41.66 444.49 485.05
CITY 174 96.58 5.38 419.43 445.52
CITY 175 86.88 86.04 249.89 276.65
CITY 176 63.38 70.95 207.41 245.06
CITY 177 73.85 19.65 408.85 434.66
CITY 178 44.88 98.35 42.00 90.87
CITY 179 73.51 11.94 22.92 51.29
CITY 180 26.42 16.09 477.15 497.32
CITY 181 46.63 93.75 22.53 70.39
CITY 182 59.69 77.37 352.71 398.00
CITY 183 30.12 78.99 310.29 332.48
CITY 184 70.77 52.54 539.74 575.36
CITY 185 78.63 15.94 306.30 338.40
CITY 186 34.94 88.34 374.12 404.05
CITY 187 29.36 95.03 348.71 382.96
CITY 188 56.13 75.21 366.21 389.65
CITY 189 34.60 24.03 362.24 409.80
CITY 190 24.38 3.99 499.51 530.95
CITY 191 79.62 11.34 144.72 186.44
CITY 192 2.47 51.69 434.56 469.99
CITY 193 50.87 48.68 167.19 206.73
CITY 194 32.03 8.23 54.12 103.27
CITY 195 77.33 53.32 353.59 379.91
CITY 196 62.95 21.32 386.57 431.64
CITY 197 20.56 82.87 495.55 537.79
CITY 198 43.52 81.68 40.68 81.26
CITY 199 2.38 71.69 21.37 43.57
CITY 200 17.80 25.19 39.73 84.38
CITY 201 91.10 40.76 254.43 286.57
CITY 202 31.64 38.95 66.72 86.90
CITY 203 72.03 6.32 420.72 442.08
CITY 204 84.83 35.77 283.60 312.30
CITY 205 68.59 60.66 158.78 206.58
CITY 206 38.14 82.21 17.38 42.07
CITY 207 21.99 74.68 449.38 494.86
CITY 208 29.50 63.40 168.10 214.71
CITY 209 96.54 86.71 365.44 414.16
CITY 210 1.12 87.48 79.73 100.99
CITY 211 57.27 39.41 308.80 331.36
CITY 212 21.01 74.14 409.43 435.78
CITY 213 90.56 85.15 80.34 105.86
CITY 214 61.69 25.27 64.65 104.78
CITY 215 56.73 5.44 423.59 473.29
CITY 216 54.89 64.47 41.25 81.40
CITY 217 25.07 19.74 327.46 376.00
CITY 218 35.71 67.13 132.28 160.83
CITY 219 6.98 19.35 274.03 303.88
CITY 220 65.94 69.35 85.95 122.96
CITY 221 80.77 95.87 95.11 124.51
CITY 222 78.57 71.22 361.43 389.73
CITY 223 35.95 67.96 187.00 221.40
CITY 224 44.54 77.48 274.65 297.92
CITY 225 64.56 8.20 158.27 203.06
CITY 226 89.13 19.64 413.72 452.52
CITY 227 72.74 89.21 479.17 518.12
CITY 228 81.26 57.89 433.83 460.21
CITY 229 3.67 26.06 504.21 540.40
CITY 230 65.39 14.86 221.37 268.11
CITY 231 58.96 85.72 75.51 110.54
CITY 232 9.06 36.39 5.97 33.14
CITY 233 96.40 98.19 385.87 428.58
CITY 234 14.04 15.92 319.43 356.40
CITY 235 87.22 14.62 412.85 461.03
CITY 236 4.04 76.15 130.71 158.64
CITY 237 23.40 66.86 292.09 335.83
CITY 238 38.81 91.79 497.20 518.39
CITY 239 64.85 10.32 546.20 585.21
CITY 240 27.35 74.19 326.35 363.45
CITY 241 37.67 37.85 331.45 378.40
CITY 242 7.78 25.16 548.59 575.28
CITY 243 40.58 81.72 194.60 238.38
CITY 244 88.72 0.66 497.47 530.66
CITY 245 23.00 51.45 158.38 182.88
CITY 246 15.74 60.20 460.76 500.60
CITY 247 41.46 33.02 63.92 104.18
CITY 248 47.90 59.08 365.05 397.38
CITY 249 24.37 12.79 334.08 358.13
CITY 250 51.26 89.08 82.83 107.82
CITY 251 92.24 51.66 228.68 277.75
CITY 252 63.76 87.85 410.58 455.22
CITY 253 94.73 21.66 342.08 376.22
CITY 254 48.17 21.94 231.67 255.95
CITY 255 58.26 76.75 351.49 386.82
CITY 256 16.77 68.56 520.21 558.10
CITY 257 6.88 37.82 74.57 95.07
CITY 258 52.27 90.93 385.98 430.78
CITY 259 60.55 17.74 508.51 546.50
CITY 260 87.78 53.14 424.34 447.14
CITY 261 65.94 90.20 304.16 324.19
CITY 262 93.77 67.86 243.36 275.98
CITY 263 87.48 69.76 241.93 290.08
CITY 264 48.21 76.87 197.69 241.83
CITY 265 90.79 83.72 324.93 357.70
CITY 266 25.45 76.59 513.29 535.80
CITY 267 59.83 54.37 145.40 165.57
CITY 268 74.36 0.71 294.71 330.31
CITY 269 37.50 20.54 453.62 485.88
CITY 270 10.66 42.61 330.15 357.99
CITY 271 53.61 56.47 345.10 394.85
CITY 272 39.75 20.37 311.39 348.11
CITY 273 17.87 55.91 272.84 322.50
CITY 274 57.77 77.42 224.55 248.69
CITY 275 86.38 11.91 129.59 173.08
CITY 276 94.92 10.03 286.71 330.29
CITY 277 80.09 61.40 386.09 407.66
CITY 278 38.91 63.59 453.66 498.36
CITY 279 47.17 60.02 49.71 77.60
CITY 280 37.08 60.90 408.62 456.54
CITY 281 40.06 65.62 161.57 210.47
CITY 282 5.75 77.36 98.85 133.68
CITY 283 1.07 85.06 524.95 560.49
CITY 284 19.47 78.40 287.95 328.90
CITY 285 61.52 67.40 202.89 242.54
CITY 286 97.56 8.68 155.63 187.61
CITY 287 66.97 40.55 112.98 133.44
CITY 288 70.36 91.92 309.97 351.75
CITY 289 55.91 58.29 195.98 240.44
CITY 290 22.63 96.31 256.48 288.60
CITY 291 0.47 17.50 285.52 322.28
CITY 292 50.32 34.00 65.99 101.39
CITY 293 25.77 53.79 447.47 474.98
CITY 294 44.28 37.71 272.77 300.07
CITY 295 33.97 77.56 384.42 431.32
CITY 296 86.20 48.20 145.41 176.89
CITY 297 78.87 22.04 395.46 439.47
CITY 298 41.24 35.31 302.11 343.13
CITY 299 26.33 28.73 225.00 267.46
CITY 300 34.20 55.46 100.67 130.08
CITY 301 21.86 57.37 103.09 145.48
CITY 302 93.03 19.02 415.73 442.78
CITY 303 24.21 26.54 129.27 174.32
CITY 304 83.63 35.60 439.32 462.92
CITY 305 7.85 95.58 277.86 298.06
CITY 306 85.71 95.80 478.28 509.41
CITY 307 31.54 89.81 496.88 534.11
CITY 308 27.47 18.29 431.04 466.38
CITY 309 39.79 75.02 72.33 108.10
CITY 310 42.32 93.97 18.37 48.78
CITY 311 86.04 77.59 257.86 281.47
CITY 312 51.82 31.57 4.75 44.97
CITY 313 37.94 10.07 203.94 249.80
CITY 314 18.72 26.28 151.95 200.70
CITY 315 34.31 18.39 239.10 271.68
CITY 316 75.22 36.51 225.93 259.46
CITY 317 57.14 97.93 386.91 431.34
CITY 318 72.08 80.41 313.21 358.90
CITY 319 19.61 80.00 416.54 450.73
CITY 320 0.97 42.15 75.84 122.64
CITY 321 63.07 53.40 178.07 212.67
CITY 322 25.10 85.85 26.91 49.88
CITY 323 16.33 21.55 143.42 188.59
CITY 324 9.63 74.46 146.51 177.32
CITY 325 55.75 81.00 194.10 226.45
CITY 326 35.11 67.96 341.54 378.85
CITY 327 64.99 53.84 552.37 580.90
CITY 328 32.51 51.04 436.96 470.36
CITY 329 7.84 61.37 261.56 310.25
CITY 330 86.83 64.06 523.71 556.37
CITY 331 61.23 40.48 511.59 533.96
CITY 332 34.36 31.35 368.30 409.61
CITY 333 60.54 39.55 500.66 544.09
CITY 334 93.88 74.79 293.81 327.32
CITY 335 16.73 85.42 70.52 97.56
CITY 336 25.16 74.39 422.85 449.17
CITY 337 39.70 9.56 528.35 562.55
CITY 338 5.38 77.09 295.53 345.41
CITY 339 10.39 61.81 47.55 95.50
CITY 340 38.98 22.94 416.00 449.30
CITY 341 12.64 52.67 96.22 117.28
CITY 342 35.68 91.53 487.43 521.45
CITY 343 87.09 93.49 309.38 333.43
CITY 344 94.85 53.93 333.23 366.92
CITY 345 74.89 87.73 245.33 284.52
CITY 346 53.38 90.89 271.65 298.47
CITY 347 8.96 30.79 232.48 257.15
CITY 348 1.06 52.33 427.68 451.77
CITY 349 28.68 53.51 387.90 422.66
CITY 350 75.55 29.96 431.95 475.89
CITY 351 59.70 79.68 309.19 334.85
CITY 352 88.22 43.71 140.94 182.39
CITY 353 64.60 82.84 124.41 146.79
CITY 354 62.53 51.66 451.18 489.57
CITY 355 69.39 27.19 365.73 401.69
CITY 356 26.88 18.80 38.61 62.71
CITY 357 11.04 45.53 255.36 296.37
CITY 358 49.20 32.06 85.81 134.90
CITY 359 2.21 97.23 159.11 182.86
CITY 360 43.84 0.82 50.87 71.31
CITY 361 21.72 42.02 443.15 478.10
CITY 362 37.14 69.69 17.90 40.31
CITY 363 75.06 14.61 150.31 182.08
CITY 364 54.32 18.16 505.17 532.68
CITY 365 38.16 1.26 549.67 591.11
CITY 366 38.48 97.50 139.40 189.24
CITY 367 19.92 73.53 52.99 92.97
CITY 368 20.84 38.91 542.12 590.21
CITY 369 15.86 72.82 420.02 456.51
CITY 370 12.21 48.12 168.53 199.34
CITY 371 5.21 66.67 548.93 576.01
CITY 372 43.42 1.51 448.04 485.58
CITY 373 39.58 24.31 546.42 583.86
CITY 374 69.08 68.84 87.42 130.54
CITY 375 24.87 49.99 386.87 417.03
CITY 376 96.97 75.96 33.87 64.54
CITY 377 15.39 53.64 60.57 95.20
CITY 378 31.67 55.84 363.58 394.00
CITY 379 89.18 73.32 12.04 43.38
CITY 380 72.44 25.07 22.27 63.47
CITY 381 55.90 54.27 276.41 313.41
CITY 382 54.36 32.37 264.17 310.20
CITY 383 59.87 86.06 90.43 126.37
