NUM_CLIENTS 150
NUM_VEHICLES 90
CITY 0 0.0 0.0 0.0 9319
CITY 1 15.37 43.54 3872.45 3907.44
CITY 2 40.15 89.36 972.76 1010.25
CITY 3 53.08 26.21 4984.25 5015.93
CITY 4 98.88 75.01 7761.37 7801.58
CITY 5 4.26 38.83 5287.79 5322.86
CITY 6 93.24 44.22 4865.58 4892.92
CITY 7 31.37 32.73 6831.56 6863.19
CITY 8 40.17 94.57 3707.08 3736.40
CITY 9 74.54 59.58 6715.56 6742.09
CITY 10 65.85 11.18 1314.68 1362.58
CITY 11 80.87 17.90 1799.84 1820.35
CITY 12 69.02 4.55 1520.10 1547.69
CITY 13 21.70 97.26 2615.52 2650.09
CITY 14 51.11 88.00 7162.44 7203.44
CITY 15 11.19 47.11 5704.26 5728.86
CITY 16 76.04 58.81 5510.42 5548.80
CITY 17 57.54 52.68 6043.98 6079.39
CITY 18 19.92 73.54 194.28 220.86
CITY 19 43.20 40.98 6838.52 6880.87
CITY 20 70.62 6.24 3230.61 3256.51
CITY 21 16.13 33.67 5046.64 5072.29
CITY 22 9.64 32.18 439.74 484.03
CITY 23 27.02 88.63 8335.18 8371.67
CITY 24 0.19 35.53 6390.49 6438.24
CITY 25 84.25 61.59 6120.80 6157.74
CITY 26 61.15 5.96 3696.08 3737.00
CITY 27 16.40 45.74 4048.29 4075.61
CITY 28 22.71 84.38 9203.66 9229.87
CITY 29 87.21 60.94 3578.09 3621.78
CITY 30 95.97 21.45 4488.14 4535.14
CITY 31 8.33 33.62 1065.94 1104.87
CITY 32 54.23 81.13 7668.60 7700.67
CITY 33 39.76 10.48 4028.90 4058.04
CITY 34 77.70 0.08 698.74 723.39
CITY 35 50.58 15.69 8343.74 8385.25
CITY 36 15.24 67.30 7872.27 7914.20
CITY 37 22.38 89.77 4279.20 4317.20
CITY 38 85.61 52.84 3022.57 3070.71
CITY 39 73.63 70.03 3769.72 3816.58
CITY 40 49.30 9.50 412.29 454.96
CITY 41 72.34 82.55 1556.70 1595.74
CITY 42 93.43 52.26 7938.49 7982.88
CITY 43 24.74 7.51 1189.93 1228.13
CITY 44 95.65 11.68 8511.81 8552.65
CITY 45 35.23 59.34 5376.10 5412.10
CITY 46 24.69 69.28 3250.13 3285.05
CITY 47 73.44 1.66 6641.21 6683.16
CITY 48 70.15 37.69 6453.63 6498.29
CITY 49 53.39 76.37 5673.13 5703.75
CITY 50 82.94 13.84 4160.04 4189.29
CITY 51 50.72 56.55 8828.49 8858.80
CITY 52 22.35 27.28 4039.10 4078.20
CITY 53 76.40 73.82 8218.98 8256.36
CITY 54 60.78 44.51 5819.11 5843.39
CITY 55 61.73 42.31 9162.18 9191.31
CITY 56 76.45 57.41 3679.87 3700.52
CITY 57 0.38 78.18 4244.00 4284.58
CITY 58 49.80 55.91 6357.82 6403.34
CITY 59 28.42 27.58 8839.46 8865.27
CITY 60 60.83 50.41 2808.71 2841.04
CITY 61 24.25 83.89 4815.31 4854.20
CITY 62 20.63 73.31 4976.85 5012.85
CITY 63 99.72 29.30 5419.85 5440.69
CITY 64 29.00 0.99 5611.03 5650.91
CITY 65 51.48 39.45 101.78 150.73
CITY 66 11.83 88.76 300.72 332.68
CITY 67 96.12 3.91 3715.59 3752.17
CITY 68 90.17 1.81 5050.27 5078.38
CITY 69 83.36 35.86 976.40 1003.05
CITY 70 55.63 53.96 5153.79 5200.03
CITY 71 80.45 32.99 2835.12 2879.56
CITY 72 55.11 61.89 6832.90 6860.75
CITY 73 85.46 99.48 5133.30 5165.78
CITY 74 86.55 1.46 8578.78 8612.19
CITY 75 37.06 1.27 15.85 37.23
CITY 76 34.49 39.04 6295.24 6318.30
CITY 77 88.86 77.86 3305.19 3331.29
CITY 78 91.12 95.03 3596.96 3619.87
CITY 79 26.11 56.53 7653.01 7702.37
CITY 80 66.50 89.72 2733.90 2767.37
CITY 81 5.18 76.12 8472.55 8519.91
CITY 82 65.36 53.08 1509.92 1556.26
CITY 83 80.36 3.12 5852.65 5878.77
CITY 84 37.24 68.79 450.78 478.92
CITY 85 29.56 94.97 2343.87 2381.91
CITY 86 93.81 39.34 2549.36 2579.65
CITY 87 42.19 90.24 3721.65 3769.14
CITY 88 16.48 94.00 3508.33 3551.95
CITY 89 12.60 32.36 3196.88 3234.80
CITY 90 87.22 13.69 8643.45 8686.50
CITY 91 18.42 85.51 1166.30 1186.54
CITY 92 23.59 93.19 6005.35 6034.20
CITY 93 79.31 25.86 2855.32 2902.34
CITY 94 30.36 28.86 7282.64 7313.81
CITY 95 22.28 43.71 1590.72 1636.16
CITY 96 81.78 53.44 2903.81 2938.48
CITY 97 8.18 13.72 3093.40 3123.83
CITY 98 10.16 70.15 7989.89 8027.77
CITY 99 0.33 24.91 1192.61 1218.16
CITY 100 9.14 86.89 8614.35 8657.72
CITY 101 23.68 77.88 1335.76 1384.86
CITY 102 49.47 42.56 2516.41 2555.69
CITY 103 73.15 61.75 5155.09 5196.46
CITY 104 32.12 32.47 1685.37 1725.42
CITY 105 17.03 84.17 1305.73 1351.51
CITY 106 10.14 11.57 4661.32 4696.00
CITY 107 61.49 44.86 516.83 564.32
CITY 108 52.91 63.67 3373.54 3411.52
CITY 109 25.83 45.41 2502.94 2529.85
CITY 110 36.61 21.48 7161.44 7190.37
CITY 111 87.38 73.18 7909.55 7938.42
CITY 112 83.33 84.41 1112.58 1150.00
CITY 113 70.23 98.00 4264.16 4291.96
CITY 114 84.74 60.30 349.31 376.26
CITY 115 51.05 3.03 1817.69 1853.58
CITY 116 42.13 87.38 645.61 671.64
CITY 117 82.55 52.12 5573.51 5598.97
CITY 118 93.63 51.30 4695.31 4742.00
CITY 119 81.21 55.68 3274.97 3300.19
CITY 120 54.33 19.63 2651.05 2687.69
CITY 121 18.40 68.43 2912.33 2936.00
CITY 122 69.15 40.86 7711.01 7737.39
CITY 123 32.74 22.64 7529.86 7573.39
CITY 124 5.00 51.19 8004.93 8035.62
CITY 125 68.56 18.80 2595.26 2626.71
CITY 126 8.76 47.92 6883.02 6931.02
CITY 127 59.25 39.75 8640.71 8690.31
CITY 128 22.45 81.36 1274.33 1312.47
CITY 129 25.70 37.61 7360.41 7388.27
CITY 130 90.60 5.27 5450.05 5487.63
CITY 131 2.90 3.69 456.51 494.38
CITY 132 34.03 22.79 167.05 214.23
CITY 133 83.27 68.38 3161.58 3184.44
CITY 134 8.50 59.45 6154.01 6182.72
CITY 135 28.75 65.06 3619.74 3661.82
CITY 136 51.46 51.67 5743.67 5791.84
CITY 137 83.94 61.51 4248.97 4280.09
CITY 138 17.07 91.08 3444.49 3487.74
CITY 139 49.03 63.51 5297.02 5339.65
CITY 140 12.64 51.83 1039.25 1077.02
CITY 141 17.92 7.15 6909.74 6943.62
CITY 142 53.88 66.03 6144.78 6183.71
CITY 143 7.40 13.77 4906.31 4931.94
CITY 144 60.84 85.99 8331.19 8365.05
CITY 145 92.62 75.06 4909.13 4956.61
CITY 146 26.27 32.87 925.54 953.52
CITY 147 92.60 42.55 7051.93 7076.72
CITY 148 99.49 98.20 980.45 1005.91
CITY 149 21.76 2.97 4900.26 4930.51
CITY 150 43.44 53.64 7189.06 7226.41
