NUM_CLIENTS 358
NUM_VEHICLES 35
CITY 0 0.0 0.0 0.0 2426
CITY 1 16.56 63.43 1468.81 1514.10
CITY 2 75.11 15.21 2238.65 2276.94
CITY 3 85.83 27.84 2278.72 2327.19
CITY 4 29.65 90.10 2309.49 2356.31
CITY 5 46.80 13.61 2229.03 2249.04
CITY 6 25.13 55.58 740.37 788.07
CITY 7 61.31 95.93 140.71 173.02
CITY 8 14.38 82.24 1816.67 1860.88
CITY 9 95.09 24.25 1868.28 1907.66
CITY 10 39.10 19.34 1982.37 2004.48
CITY 11 96.34 27.62 2120.91 2144.61
CITY 12 73.97 94.43 360.79 394.09
CITY 13 67.22 76.06 25.59 49.11
CITY 14 31.12 10.26 1493.42 1527.56
CITY 15 66.04 29.88 296.68 338.97
CITY 16 45.44 7.04 2326.09 2373.40
CITY 17 34.14 27.21 2347.39 2378.84
CITY 18 89.11 11.28 1108.47 1146.01
CITY 19 87.62 69.14 1887.63 1930.38
CITY 20 22.46 10.31 2370.31 2408.41
CITY 21 59.90 36.25 2065.60 2105.55
CITY 22 83.67 96.32 1001.90 1041.04
CITY 23 86.52 28.02 1720.35 1748.62
CITY 24 25.17 50.78 997.08 1042.17
CITY 25 98.31 8.31 240.29 284.47
CITY 26 24.27 49.50 1404.42 1444.39
CITY 27 10.40 78.09 1683.47 1720.29
CITY 28 83.74 37.58 1233.07 1280.82
CITY 29 38.26 60.17 1402.66 1446.46
CITY 30 95.41 57.56 279.12 322.04
CITY 31 36.07 67.26 2147.40 2180.06
CITY 32 39.37 74.43 825.20 868.84
CITY 33 85.22 57.33 1242.09 1290.30
CITY 34 81.32 62.81 1847.65 1887.72
CITY 35 2.56 56.69 57.37 105.75
CITY 36 9.88 92.07 1905.30 1947.17
CITY 37 84.94 25.35 1944.44 1974.76
CITY 38 97.36 24.87 1059.71 1081.15
CITY 39 45.82 99.10 625.30 669.11
CITY 40 20.94 77.08 1300.33 1329.99
CITY 41 40.13 34.85 1937.56 1982.90
CITY 42 85.66 33.38 1464.57 1506.77
CITY 43 83.62 22.76 1968.95 1991.99
CITY 44 72.19 63.95 743.51 778.42
CITY 45 18.62 38.27 628.88 670.10
CITY 46 35.06 80.59 2128.37 2171.02
CITY 47 95.93 32.28 264.88 302.33
CITY 48 90.88 70.02 1331.71 1374.42
CITY 49 53.83 39.80 1652.83 1678.79
CITY 50 9.05 59.80 2083.59 2115.73
CITY 51 26.34 71.59 1266.00 1297.90
CITY 52 92.13 10.36 2271.63 2316.07
CITY 53 88.75 29.39 1354.57 1377.04
CITY 54 99.94 44.25 96.88 133.32
CITY 55 66.75 27.38 1174.92 1219.91
CITY 56 98.33 24.54 536.58 576.02
CITY 57 21.60 1.24 578.98 599.61
CITY 58 61.22 83.79 984.91 1021.45
CITY 59 56.81 41.23 2014.62 2052.05
CITY 60 62.73 88.86 2326.42 2368.82
CITY 61 70.67 98.19 1908.94 1936.85
CITY 62 37.02 90.01 2226.13 2255.73
CITY 63 35.71 95.81 319.55 365.35
CITY 64 98.63 24.69 1278.94 1302.81
CITY 65 98.10 78.42 1205.71 1239.98
CITY 66 31.35 80.73 1435.32 1476.92
CITY 67 71.76 64.50 1316.48 1366.03
CITY 68 46.53 57.43 126.41 164.97
CITY 69 49.71 43.62 2264.72 2289.86
CITY 70 56.00 55.90 136.73 167.16
CITY 71 86.76 14.79 1620.45 1642.41
CITY 72 71.89 56.98 2250.91 2292.74
CITY 73 71.36 49.08 1673.22 1721.50
CITY 74 98.62 21.52 1074.22 1110.37
CITY 75 67.47 33.05 1353.98 1400.26
CITY 76 94.63 14.42 1282.12 1322.56
CITY 77 31.45 0.68 1448.40 1489.76
CITY 78 35.83 11.97 2322.19 2360.61
CITY 79 52.98 73.04 1740.55 1768.02
CITY 80 60.15 75.88 426.11 451.55
CITY 81 64.94 49.50 283.93 306.61
CITY 82 94.61 57.40 2254.90 2286.52
CITY 83 40.76 69.64 329.10 359.40
CITY 84 9.59 35.52 1680.46 1726.83
CITY 85 49.97 18.46 953.79 980.59
CITY 86 98.56 63.30 807.18 849.73
CITY 87 52.39 2.04 1440.23 1489.70
CITY 88 5.91 37.31 400.39 449.30
CITY 89 52.91 0.47 914.17 935.00
CITY 90 90.51 56.34 2041.84 2090.51
CITY 91 18.85 62.09 431.93 458.48
CITY 92 34.52 87.21 2168.37 2206.36
CITY 93 57.40 89.14 1678.33 1724.72
CITY 94 17.75 14.88 1945.93 1966.84
CITY 95 3.88 53.76 2276.28 2324.50
CITY 96 80.72 31.17 692.44 722.91
CITY 97 18.04 51.85 2138.95 2173.88
CITY 98 60.35 99.73 2185.92 2234.05
CITY 99 92.86 54.80 923.90 957.34
CITY 100 11.64 55.45 803.91 834.88
CITY 101 23.95 81.76 447.50 479.62
CITY 102 35.83 91.66 2188.59 2232.92
CITY 103 90.97 70.76 1993.61 2016.58
CITY 104 51.98 66.35 761.63 797.45
CITY 105 57.51 53.19 936.58 972.97
CITY 106 20.09 32.03 1064.22 1090.16
CITY 107 94.42 42.63 1033.89 1056.36
CITY 108 2.38 10.43 1333.54 1371.83
CITY 109 30.59 99.23 1831.28 1874.41
CITY 110 69.89 52.76 98.92 147.32
CITY 111 30.71 58.75 2139.06 2175.34
CITY 112 64.09 73.93 1269.48 1290.89
CITY 113 30.29 18.82 2290.91 2312.48
CITY 114 82.54 87.37 1754.77 1790.49
CITY 115 17.83 37.08 1661.26 1708.58
CITY 116 9.87 95.00 2120.24 2161.61
CITY 117 7.30 20.36 491.21 530.42
CITY 118 1.56 92.21 489.53 530.21
CITY 119 92.43 0.47 571.16 615.57
CITY 120 83.13 98.44 2345.32 2390.11
CITY 121 37.18 83.78 106.34 130.59
CITY 122 24.62 66.85 2095.50 2128.19
CITY 123 57.05 86.37 1487.83 1513.97
CITY 124 87.87 73.66 647.73 688.44
CITY 125 41.59 41.36 660.73 707.77
CITY 126 81.67 48.82 1425.91 1464.70
CITY 127 39.55 69.60 1067.13 1107.02
CITY 128 22.30 63.76 273.90 320.97
CITY 129 48.85 18.34 777.85 826.16
CITY 130 25.65 68.09 2211.15 2243.10
CITY 131 53.63 28.47 1354.58 1377.83
CITY 132 11.94 82.29 2100.45 2148.95
CITY 133 55.47 49.80 302.03 351.89
CITY 134 46.90 10.93 543.26 588.25
CITY 135 18.45 76.25 1916.03 1943.28
CITY 136 61.53 43.81 339.19 377.10
CITY 137 4.11 93.36 1821.89 1847.56
CITY 138 21.04 31.79 1351.47 1399.93
CITY 139 34.13 95.04 2190.29 2220.79
CITY 140 20.06 64.41 929.76 954.35
CITY 141 29.18 6.36 437.10 462.93
CITY 142 65.80 43.89 2070.30 2092.38
CITY 143 24.58 52.86 1323.08 1347.38
CITY 144 96.42 5.67 1627.00 1659.29
CITY 145 53.43 61.86 403.72 451.70
CITY 146 37.04 14.35 246.61 273.62
CITY 147 38.12 56.27 1933.37 1976.43
CITY 148 11.96 22.45 1492.81 1529.72
CITY 149 7.39 64.89 2164.09 2212.20
CITY 150 64.48 28.25 1463.73 1497.22
CITY 151 74.81 68.29 1455.56 1485.91
CITY 152 98.80 45.50 2184.56 2209.15
CITY 153 53.65 36.01 343.11 382.22
CITY 154 17.44 96.74 2373.96 2420.42
CITY 155 36.81 2.09 1913.75 1938.07
CITY 156 45.99 71.07 1286.60 1313.41
CITY 157 40.22 84.01 838.59 886.85
CITY 158 42.11 41.77 1742.68 1775.99
CITY 159 38.84 36.36 774.60 806.57
CITY 160 72.33 20.59 515.50 541.22
CITY 161 19.46 87.36 1566.56 1605.12
CITY 162 90.04 54.82 1815.21 1847.45
CITY 163 64.40 21.35 335.80 359.06
CITY 164 65.22 30.03 1978.94 2022.18
CITY 165 62.36 5.09 516.02 552.57
CITY 166 15.67 38.43 1229.58 1254.99
CITY 167 44.30 69.40 917.07 957.08
CITY 168 27.33 74.60 1338.55 1363.23
CITY 169 40.19 78.19 470.00 502.33
CITY 170 46.86 86.80 310.20 358.14
CITY 171 31.62 93.30 1454.88 1496.94
CITY 172 87.59 67.62 1869.82 1892.39
CITY 173 0.87 86.22 125.34 170.92
CITY 174 31.33 90.18 482.34 506.86
CITY 175 21.30 84.07 862.35 909.62
CITY 176 58.34 82.83 1128.81 1169.92
CITY 177 28.97 10.15 1335.04 1382.07
CITY 178 15.20 41.52 1264.76 1303.31
CITY 179 15.83 55.23 1115.69 1165.19
CITY 180 69.00 90.37 2319.27 2359.19
CITY 181 14.66 44.49 1795.48 1819.55
CITY 182 38.09 37.94 405.01 425.61
CITY 183 68.81 81.80 2211.92 2249.47
CITY 184 18.18 89.40 2305.42 2353.82
CITY 185 56.68 88.56 2347.05 2393.64
CITY 186 6.89 13.49 713.05 744.86
CITY 187 14.95 99.29 1879.34 1919.41
CITY 188 96.16 32.07 1690.31 1738.77
CITY 189 8.31 60.28 1899.18 1919.66
CITY 190 89.10 41.77 401.69 447.22
CITY 191 19.20 28.02 1236.55 1284.02
CITY 192 48.96 90.58 123.58 150.74
CITY 193 30.66 44.89 1028.69 1049.90
CITY 194 75.00 75.98 1088.42 1110.82
CITY 195 55.13 13.06 2324.32 2363.04
CITY 196 73.46 1.92 904.47 951.61
CITY 197 38.00 3.60 1596.44 1637.35
CITY 198 33.56 80.31 2028.22 2071.74
CITY 199 40.72 34.21 2240.35 2281.92
CITY 200 55.24 48.88 633.61 681.01
CITY 201 91.88 8.48 1582.94 1612.50
CITY 202 50.88 11.35 1926.35 1970.54
CITY 203 10.70 7.44 887.17 911.79
CITY 204 80.15 77.89 2052.13 2072.42
CITY 205 1.34 80.70 2067.50 2106.02
CITY 206 15.62 62.61 2070.33 2104.15
CITY 207 87.34 78.61 251.46 275.12
CITY 208 70.41 19.95 1772.65 1795.08
CITY 209 9.17 95.14 9.13 52.87
CITY 210 23.31 5.00 188.68 218.29
CITY 211 52.93 47.60 468.78 518.42
CITY 212 60.55 18.61 684.44 724.72
CITY 213 86.50 6.13 439.39 459.58
CITY 214 17.59 19.77 341.89 378.15
CITY 215 97.27 70.00 1670.01 1692.29
CITY 216 18.70 32.14 2356.95 2381.82
CITY 217 63.53 59.23 1429.29 1464.49
CITY 218 28.54 42.65 1958.94 2001.00
CITY 219 53.06 65.48 2300.30 2327.85
CITY 220 75.43 6.47 149.17 179.50
CITY 221 73.29 61.98 1942.86 1965.26
CITY 222 76.44 71.61 28.51 70.84
CITY 223 8.82 58.81 2177.21 2208.05
CITY 224 68.11 67.82 156.53 184.40
CITY 225 83.97 45.08 1763.45 1797.86
CITY 226 49.97 76.34 744.82 794.79
CITY 227 19.03 58.72 101.45 132.04
CITY 228 46.49 46.16 2194.11 2239.50
CITY 229 97.23 46.36 2136.24 2169.80
CITY 230 14.21 75.06 996.96 1017.70
CITY 231 13.94 31.67 2351.67 2390.64
CITY 232 39.94 1.40 1880.31 1920.16
CITY 233 17.28 59.29 436.97 459.81
CITY 234 39.13 14.99 801.46 822.11
CITY 235 39.22 30.35 2269.55 2306.02
CITY 236 22.77 48.65 1719.58 1752.57
CITY 237 94.73 15.98 2302.58 2324.37
CITY 238 96.14 6.69 768.12 802.42
CITY 239 28.93 23.52 2241.37 2285.48
CITY 240 41.63 1.30 731.83 756.58
CITY 241 63.05 68.41 1019.30 1042.95
CITY 242 12.94 28.19 1722.02 1766.24
CITY 243 86.41 36.96 2305.74 2327.64
CITY 244 44.71 41.70 497.67 527.45
CITY 245 23.34 87.19 742.59 790.06
CITY 246 97.25 78.68 1318.67 1355.99
CITY 247 33.11 19.44 302.07 331.72
CITY 248 63.27 97.11 543.93 581.71
CITY 249 23.70 81.97 1160.88 1194.98
CITY 250 1.94 51.10 227.10 269.61
CITY 251 62.36 8.13 1166.47 1204.55
CITY 252 89.09 95.83 632.03 665.52
CITY 253 77.74 79.13 656.28 680.57
CITY 254 84.78 5.90 585.89 624.88
CITY 255 32.72 82.48 1146.55 1170.93
CITY 256 27.28 32.00 2341.04 2379.18
CITY 257 53.63 82.41 1534.52 1583.25
CITY 258 59.76 12.04 1742.61 1784.67
CITY 259 19.49 79.88 671.12 714.84
CITY 260 42.30 81.86 25.93 53.76
CITY 261 14.41 2.53 1548.28 1591.16
CITY 262 7.87 46.49 2161.70 2186.13
CITY 263 62.59 55.53 1410.98 1453.73
CITY 264 10.77 27.36 655.66 696.84
CITY 265 45.33 16.29 305.40 354.08
CITY 266 12.39 86.77 1312.92 1343.98
CITY 267 31.53 72.05 1307.10 1345.97
CITY 268 64.63 39.55 776.03 821.11
CITY 269 3.45 28.29 1343.91 1380.96
CITY 270 88.33 5.59 1704.23 1728.19
CITY 271 6.39 6.79 360.13 395.81
CITY 272 94.01 23.50 1793.07 1842.24
CITY 273 33.82 41.26 1784.02 1818.79
CITY 274 54.51 52.47 1524.96 1556.84
CITY 275 15.50 82.28 1934.93 1968.38
CITY 276 11.52 91.14 619.55 646.73
CITY 277 64.48 55.77 124.70 169.99
CITY 278 22.55 4.24 520.35 547.33
CITY 279 15.26 87.05 1189.39 1219.08
CITY 280 75.60 67.03 45.75 88.72
CITY 281 49.22 66.96 1656.37 1692.87
CITY 282 4.01 58.97 496.20 533.68
CITY 283 0.72 70.18 1381.84 1412.89
CITY 284 89.86 16.42 505.56 541.65
CITY 285 91.52 74.43 668.65 705.34
CITY 286 51.09 15.99 478.97 517.20
CITY 287 33.45 32.71 618.57 642.15
CITY 288 28.54 2.88 1433.60 1473.14
CITY 289 51.18 40.57 439.16 460.41
CITY 290 80.46 74.28 2077.18 2103.19
CITY 291 57.02 74.73 1979.04 2019.27
CITY 292 88.67 81.79 857.59 879.22
CITY 293 62.61 56.68 2101.29 2128.86
CITY 294 51.11 30.99 514.22 539.65
CITY 295 33.39 49.96 1710.58 1752.18
CITY 296 45.79 39.08 1791.17 1838.79
CITY 297 48.02 59.67 1888.93 1928.94
CITY 298 93.78 7.77 254.85 274.86
CITY 299 3.12 5.00 26.64 54.87
CITY 300 0.00 44.51 1731.51 1780.34
CITY 301 9.72 36.80 1534.35 1583.48
CITY 302 74.18 37.28 665.23 704.84
CITY 303 29.75 3.50 285.30 309.56
CITY 304 45.69 93.22 2336.28 2383.72
CITY 305 12.03 63.67 2262.96 2306.74
CITY 306 88.03 93.20 414.81 438.18
CITY 307 72.48 45.52 2106.18 2147.03
CITY 308 27.31 2.26 1338.24 1360.13
CITY 309 69.18 21.55 944.55 975.88
CITY 310 3.72 43.25 1106.51 1131.76
CITY 311 1.33 89.74 1560.11 1608.89
CITY 312 87.64 70.99 1708.04 1734.12
CITY 313 26.73 67.12 2288.54 2314.18
CITY 314 68.97 81.04 2366.11 2387.43
CITY 315 56.32 85.70 1328.05 1369.14
CITY 316 79.20 71.56 1764.24 1792.84
CITY 317 8.84 36.73 1950.02 1986.35
CITY 318 37.33 90.18 1725.45 1761.67
CITY 319 32.07 63.93 967.04 1004.44
CITY 320 37.21 98.35 1823.14 1847.57
CITY 321 67.27 88.94 1605.49 1637.72
CITY 322 96.14 8.64 601.60 625.73
CITY 323 92.47 64.55 1071.03 1107.20
CITY 324 68.03 88.97 816.05 863.60
CITY 325 98.27 14.51 811.76 850.74
CITY 326 74.48 85.11 1363.09 1412.41
CITY 327 79.23 82.47 941.73 986.43
CITY 328 88.07 99.05 1292.54 1328.12
CITY 329 57.55 25.47 1307.87 1356.13
CITY 330 73.97 68.40 1871.63 1906.31
CITY 331 32.55 83.65 887.01 935.12
CITY 332 52.31 81.94 520.51 551.05
CITY 333 40.80 75.16 252.87 292.08
CITY 334 45.37 83.43 2127.08 2152.73
CITY 335 0.06 79.36 1198.72 1221.95
CITY 336 14.44 7.22 2257.46 2284.72
CITY 337 40.61 82.52 1287.71 1310.61
CITY 338 81.45 2.35 73.89 97.52
CITY 339 18.57 77.61 169.49 197.10
CITY 340 95.10 42.19 849.45 881.54
CITY 341 69.78 30.02 921.29 947.54
CITY 342 42.85 58.97 1136.77 1175.22
CITY 343 4.19 49.13 74.89 104.48
CITY 344 3.10 70.06 2046.15 2077.66
CITY 345 53.90 9.80 1636.09 1674.70
CITY 346 35.11 97.14 1164.97 1185.79
CITY 347 3.87 48.74 2152.36 2186.61
CITY 348 54.37 8.30 1720.89 1762.35
CITY 349 92.23 45.47 1779.75 1806.99
CITY 350 98.40 3.43 736.12 779.43
CITY 351 85.46 21.66 975.60 995.91
CITY 352 12.84 86.27 1855.26 1903.33
CITY 353 44.44 50.21 1100.52 1141.43
CITY 354 38.82 92.50 1553.20 1574.66
CITY 355 58.57 69.82 1166.85 1213.92
CITY 356 29.34 16.27 689.72 719.66
CITY 357 10.97 15.48 1989.60 2015.58
CITY 358 48.62 0.57 1843.16 1887.36
