NUM_CLIENTS 93
NUM_VEHICLES 9
CITY 0 0.0 0.0 0.0 3635
CITY 1 6.25 69.89 376.55 409.95
CITY 2 82.81 62.29 3271.02 3292.51
CITY 3 8.95 27.60 3364.01 3390.31
CITY 4 91.90 47.48 418.64 441.85
CITY 5 68.99 74.75 2114.05 2148.05
CITY 6 65.22 41.49 2798.72 2821.87
CITY 7 63.03 38.80 3324.42 3367.23
CITY 8 93.99 68.37 2211.37 2253.91
CITY 9 5.09 50.73 353.20 392.64
CITY 10 84.54 63.61 2944.99 2974.85
CITY 11 36.47 0.94 431.92 458.10
CITY 12 43.75 22.35 1900.44 1941.63
CITY 13 2.26 92.26 2000.83 2041.11
CITY 14 83.71 52.26 12.42 36.54
CITY 15 46.80 76.05 2563.49 2597.52
CITY 16 94.55 10.58 98.55 139.26
CITY 17 11.11 61.56 3498.77 3523.41
CITY 18 89.38 67.68 3151.63 3189.27
CITY 19 98.78 25.13 1758.12 1781.74
CITY 20 19.80 33.88 812.67 846.09
CITY 21 41.92 86.33 3225.32 3245.53
CITY 22 79.83 54.70 2415.35 2456.83
CITY 23 36.63 35.19 3108.67 3143.68
CITY 24 1.47 65.13 2398.83 2427.62
CITY 25 79.84 13.50 3141.68 3190.60
CITY 26 16.23 82.42 1400.67 1421.81
CITY 27 99.33 60.25 2736.85 2773.40
CITY 28 84.69 25.96 2388.98 2409.58
CITY 29 80.08 68.22 1278.08 1311.19
CITY 30 69.01 24.59 3046.19 3093.62
CITY 31 36.47 74.86 3145.74 3170.00
CITY 32 32.19 73.58 3006.85 3053.68
CITY 33 82.35 38.84 15.82 63.65
CITY 34 21.76 36.40 3510.52 3559.17
CITY 35 64.88 76.68 3200.65 3225.34
CITY 36 84.85 70.28 2490.99 2529.59
CITY 37 86.57 57.79 1034.48 1080.14
CITY 38 50.34 22.04 36.63 84.02
CITY 39 73.86 60.07 2902.02 2946.44
CITY 40 31.64 22.86 528.29 559.33
CITY 41 7.13 47.63 1307.55 1351.78
CITY 42 55.00 38.81 1042.52 1083.91
CITY 43 24.51 66.77 3354.55 3400.42
CITY 44 23.27 55.00 335.10 364.87
CITY 45 82.02 88.05 989.95 1024.91
CITY 46 25.96 99.36 1758.74 1803.35
CITY 47 58.52 42.45 3438.58 3468.18
CITY 48 24.68 33.70 2668.89 2716.32
CITY 49 11.12 54.60 273.75 307.22
CITY 50 49.27 80.72 480.34 518.11
CITY 51 76.51 49.78 352.99 383.86
CITY 52 15.48 85.41 2292.58 2335.45
CITY 53 81.21 46.19 814.09 845.59
CITY 54 15.35 78.68 1559.95 1602.09
CITY 55 99.08 77.17 1515.92 1549.80
CITY 56 14.13 35.81 1582.93 1603.75
CITY 57 20.36 82.69 1662.89 1693.73
CITY 58 80.55 75.47 1723.25 1773.10
CITY 59 75.26 48.12 2590.74 2617.23
CITY 60 48.67 30.69 818.35 838.83
CITY 61 18.57 44.23 2944.50 2989.71
CITY 62 50.33 32.43 1645.58 1671.01
CITY 63 4.98 56.26 1191.41 1234.52
CITY 64 39.44 52.81 3517.84 3564.64
CITY 65 18.59 51.62 1076.42 1097.79
CITY 66 41.66 25.07 36.87 76.45
CITY 67 37.72 20.69 1714.47 1736.50
CITY 68 83.48 20.65 1212.65 1254.45
CITY 69 96.69 40.09 1496.98 1521.14
CITY 70 60.37 21.79 1896.51 1938.18
CITY 71 83.59 60.74 1457.08 1497.23
CITY 72 3.02 26.32 3292.90 3328.60
CITY 73 39.34 67.94 632.27 673.09
CITY 74 78.02 77.74 931.05 961.46
CITY 75 2.54 52.48 2990.76 3033.92
CITY 76 47.43 57.77 2660.80 2709.51
CITY 77 32.74 85.38 1538.20 1565.92
CITY 78 0.88 19.19 2352.61 2382.26
CITY 79 45.02 73.67 1793.19 1839.64
CITY 80 49.98 33.90 913.07 946.16
CITY 81 7.70 70.45 99.02 143.96
CITY 82 52.70 14.72 648.63 674.93
CITY 83 40.24 83.73 1632.76 1658.95
CITY 84 5.96 17.61 3383.14 3407.56
CITY 85 10.33 76.16 2996.76 3041.67
CITY 86 65.12 49.01 2175.19 2224.25
CITY 87 10.66 16.44 2794.28 2819.01
CITY 88 88.30 37.19 1035.89 1081.00
CITY 89 40.41 55.35 116.09 141.36
CITY 90 10.36 42.48 2074.23 2100.45
CITY 91 85.65 17.92 106.07 131.48
CITY 92 41.32 96.11 2038.57 2075.06
CITY 93 9.57 97.93 954.12 994.47
