NUM_CLIENTS 250
NUM_VEHICLES 200
CITY 0 0.0 0.0 0.0 9282
CITY 1 1.64 51.54 2241.15 2265.46
CITY 2 42.92 61.48 2228.48 2260.98
CITY 3 66.44 8.56 8998.26 9020.29
CITY 4 52.61 50.73 9124.39 9161.02
CITY 5 39.05 47.01 5872.16 5921.59
CITY 6 25.37 1.62 7281.73 7312.08
CITY 7 73.29 62.83 7124.79 7166.84
CITY 8 33.25 4.43 5045.34 5089.74
CITY 9 17.51 77.91 4294.75 4335.61
CITY 10 63.17 81.15 591.91 635.20
CITY 11 45.77 29.34 413.98 439.97
CITY 12 4.19 93.34 4762.87 4812.54
CITY 13 54.30 25.33 6956.85 6982.58
CITY 14 35.70 78.08 7994.39 8024.35
CITY 15 12.45 36.80 8212.84 8255.14
CITY 16 89.46 38.66 8989.68 9024.56
CITY 17 49.75 92.43 4798.76 4842.80
CITY 18 72.71 7.89 5565.82 5610.49
CITY 19 54.55 32.12 748.40 788.22
CITY 20 30.65 60.26 3939.64 3980.34
CITY 21 35.15 4.24 8033.48 8064.06
CITY 22 99.82 27.46 9047.81 9096.25
CITY 23 7.50 63.75 3360.46 3404.49
CITY 24 67.94 95.28 1326.71 1364.94
CITY 25 78.13 3.48 630.03 673.38
CITY 26 36.63 38.29 5241.13 5279.28
CITY 27 67.91 94.88 3440.71 3483.60
CITY 28 57.39 52.95 3680.67 3720.16
CITY 29 24.96 11.34 6794.39 6829.36
CITY 30 38.70 56.17 2424.10 2451.91
CITY 31 44.63 99.64 2643.59 2691.08
CITY 32 49.12 12.26 7874.76 7908.33
CITY 33 89.87 44.51 819.61 860.06
CITY 34 84.55 31.96 3213.96 3235.90
CITY 35 54.22 89.13 7861.26 7902.62
CITY 36 92.73 63.77 7329.47 7364.73
CITY 37 12.14 20.10 1290.72 1334.43
CITY 38 2.63 55.40 3412.10 3456.21
CITY 39 55.16 61.19 805.08 834.36
CITY 40 99.96 71.89 4857.97 4901.04
CITY 41 82.33 7.38 8977.29 9016.56
CITY 42 45.00 68.01 3187.12 3233.45
CITY 43 78.03 63.98 1688.06 1737.05
CITY 44 43.26 91.07 521.02 544.74
CITY 45 15.30 16.47 2985.58 3026.86
CITY 46 34.60 94.09 8263.01 8308.38
CITY 47 25.06 63.51 5089.86 5113.61
CITY 48 30.28 53.35 4644.73 4669.79
CITY 49 94.16 15.42 6084.83 6126.45
CITY 50 60.51 84.25 5207.69 5252.44
CITY 51 2.84 4.55 5925.49 5962.79
CITY 52 65.11 76.70 3851.76 3890.93
CITY 53 49.80 62.72 2681.35 2730.05
CITY 54 48.29 80.47 6326.99 6355.91
CITY 55 7.30 5.99 4064.04 4098.57
CITY 56 20.40 60.67 2892.64 2934.19
CITY 57 73.42 86.08 9004.90 9028.82
CITY 58 37.05 56.17 2952.89 2986.88
CITY 59 26.75 24.79 902.80 931.50
CITY 60 38.41 61.54 2299.55 2345.51
CITY 61 15.97 32.74 5337.43 5366.81
CITY 62 76.31 49.83 4756.79 4791.76
CITY 63 30.85 2.32 8726.94 8762.10
CITY 64 96.67 21.51 3264.40 3285.91
CITY 65 49.49 88.23 6043.59 6077.70
CITY 66 53.67 84.72 3984.02 4030.49
CITY 67 72.75 76.39 3384.67 3416.69
CITY 68 57.03 19.47 5111.82 5134.03
CITY 69 50.43 76.44 2589.58 2639.26
CITY 70 68.04 11.88 9002.21 9034.03
CITY 71 79.49 33.91 8668.98 8711.63
CITY 72 19.91 50.91 4621.72 4643.08
CITY 73 13.70 33.30 4378.87 4412.58
CITY 74 60.63 51.55 3034.50 3072.89
CITY 75 16.25 99.06 6828.00 6856.98
CITY 76 33.64 82.83 4919.24 4960.50
CITY 77 29.98 81.57 3407.00 3447.21
CITY 78 97.99 58.37 7357.67 7399.43
CITY 79 68.80 2.66 4386.67 4435.68
CITY 80 78.29 77.62 5336.94 5378.59
CITY 81 58.35 17.05 5810.87 5849.46
CITY 82 84.12 14.78 6287.66 6308.61
CITY 83 94.82 10.99 184.64 214.05
CITY 84 15.14 69.05 3794.50 3837.75
CITY 85 92.05 87.28 6795.89 6817.76
CITY 86 13.81 20.73 3007.61 3047.47
CITY 87 52.55 31.38 1607.09 1654.45
CITY 88 34.23 35.43 7129.29 7170.92
CITY 89 64.33 69.33 5636.13 5661.89
CITY 90 24.65 55.81 2083.72 2132.91
CITY 91 29.76 28.90 1921.52 1962.67
CITY 92 31.70 34.88 8620.58 8664.45
CITY 93 27.35 12.19 6249.81 6281.20
CITY 94 98.02 81.84 8813.40 8857.54
CITY 95 29.05 28.76 6595.81 6626.20
CITY 96 44.24 25.64 4428.07 4454.13
CITY 97 53.86 93.30 6430.09 6454.21
CITY 98 61.57 58.68 2245.95 2286.04
CITY 99 53.10 63.79 494.07 526.47
CITY 100 71.74 10.05 7118.00 7138.16
CITY 101 55.04 92.91 3762.50 3810.55
CITY 102 87.84 47.74 1849.38 1898.30
CITY 103 32.12 64.59 8382.99 8405.68
CITY 104 57.41 53.52 6678.59 6726.69
CITY 105 91.32 17.51 8146.06 8171.34
CITY 106 91.96 99.72 3671.08 3705.95
CITY 107 93.66 96.21 8549.94 8596.24
CITY 108 0.93 56.80 999.53 1049.02
CITY 109 28.46 98.91 5020.32 5055.13
CITY 110 93.86 85.11 4326.09 4351.87
CITY 111 11.26 16.25 4242.11 4269.83
CITY 112 18.62 73.66 7302.46 7339.49
CITY 113 75.73 17.55 7905.38 7952.29
CITY 114 82.70 51.53 809.90 849.97
CITY 115 18.48 14.06 2994.25 3021.70
CITY 116 26.08 23.55 6961.14 7009.76
CITY 117 30.19 72.29 115.46 155.07
CITY 118 69.28 6.21 1100.27 1129.47
CITY 119 40.54 50.25 8264.78 8305.89
CITY 120 31.10 11.74 8458.55 8487.41
CITY 121 61.46 21.91 1241.77 1266.37
CITY 122 74.77 60.57 3844.93 3881.41
CITY 123 47.08 53.75 6134.28 6160.83
CITY 124 24.75 75.47 8062.05 8084.51
CITY 125 44.67 70.38 730.26 767.19
CITY 126 6.18 54.76 4671.60 4708.78
CITY 127 14.99 32.81 4808.59 4832.08
CITY 128 20.54 58.31 848.66 883.98
CITY 129 80.87 45.34 4743.17 4776.88
CITY 130 5.77 46.24 7451.37 7493.07
CITY 131 39.59 81.65 6887.81 6925.16
CITY 132 4.53 34.45 597.99 647.82
CITY 133 93.46 6.90 8621.28 8642.23
CITY 134 40.89 76.90 7072.46 7121.81
CITY 135 64.59 42.04 9166.12 9197.60
CITY 136 86.96 90.68 3474.20 3514.69
CITY 137 66.18 53.93 6036.89 6067.32
CITY 138 17.85 53.73 4886.99 4928.82
CITY 139 22.27 0.35 219.67 248.62
CITY 140 67.35 54.44 4915.49 4960.19
CITY 141 24.75 34.62 2552.04 2600.16
CITY 142 72.50 11.28 7475.01 7507.59
CITY 143 76.61 88.38 154.29 180.47
CITY 144 10.09 3.36 5522.77 5563.87
CITY 145 4.87 74.05 3719.69 3746.72
CITY 146 21.73 86.37 530.53 565.64
CITY 147 28.93 81.58 6756.05 6785.62
CITY 148 59.79 67.25 2967.17 2996.23
CITY 149 14.33 66.02 2048.46 2077.47
CITY 150 6.10 94.85 8122.72 8170.07
CITY 151 62.60 42.72 4580.61 4629.78
CITY 152 94.16 67.13 7256.69 7286.25
CITY 153 41.63 14.92 3481.72 3524.35
CITY 154 47.35 84.93 2783.39 2824.62
CITY 155 80.58 91.47 5196.32 5245.36
CITY 156 55.73 13.41 2249.64 2275.74
CITY 157 64.67 92.22 7822.26 7845.04
CITY 158 72.46 19.05 2485.75 2525.96
CITY 159 60.29 87.36 1745.24 1788.09
CITY 160 72.43 55.89 4430.97 4477.06
CITY 161 33.30 95.70 151.41 199.52
CITY 162 96.21 11.73 9228.05 9262.42
CITY 163 24.26 60.44 1896.02 1943.47
CITY 164 55.21 77.55 3520.46 3556.47
CITY 165 35.93 26.16 4739.19 4774.11
CITY 166 9.86 98.13 4339.64 4384.83
CITY 167 91.43 37.07 3827.26 3864.14
CITY 168 22.13 14.59 2414.86 2462.90
CITY 169 57.91 41.76 1415.54 1445.43
CITY 170 37.98 83.34 4614.56 4654.20
CITY 171 68.48 25.73 7586.72 7635.72
CITY 172 64.17 49.06 1561.45 1605.30
CITY 173 16.93 72.03 4513.25 4560.76
CITY 174 54.21 64.18 551.63 572.64
CITY 175 84.67 94.52 6172.28 6215.21
CITY 176 41.24 84.25 2144.28 2185.49
CITY 177 0.91 50.57 3451.66 3490.19
CITY 178 66.68 61.65 4466.11 4500.74
CITY 179 0.66 55.16 119.29 155.17
CITY 180 27.47 97.75 168.09 212.48
CITY 181 67.40 80.62 8399.93 8423.14
CITY 182 9.63 14.89 1780.00 1815.79
CITY 183 81.52 26.73 3670.18 3701.37
CITY 184 40.60 56.50 9141.93 9168.70
CITY 185 68.40 84.79 6038.75 6084.50
CITY 186 75.96 9.35 3507.57 3544.15
CITY 187 5.61 0.95 1590.50 1625.50
CITY 188 43.39 78.44 5228.33 5274.07
CITY 189 9.54 52.82 402.41 428.75
CITY 190 86.81 88.76 4395.06 4416.46
CITY 191 7.43 92.56 8303.45 8340.36
CITY 192 3.29 92.88 2910.18 2959.02
CITY 193 58.70 75.23 6582.62 6614.57
CITY 194 7.69 16.25 2227.63 2272.67
CITY 195 38.92 89.65 3069.21 3111.88
CITY 196 14.00 98.85 6688.24 6723.26
CITY 197 97.43 5.37 4040.83 4085.99
CITY 198 34.06 76.90 8815.70 8847.61
CITY 199 77.36 2.96 2530.62 2580.40
CITY 200 49.06 35.58 8689.22 8722.17
CITY 201 67.97 66.07 800.27 838.83
CITY 202 79.81 71.31 766.55 791.18
CITY 203 71.17 63.39 6831.10 6860.60
CITY 204 10.66 0.52 2852.84 2883.64
CITY 205 26.98 13.25 1738.13 1771.59
CITY 206 55.47 40.80 252.19 282.80
CITY 207 9.31 59.80 3001.90 3033.45
CITY 208 29.18 38.78 791.10 838.13
CITY 209 90.52 97.82 5284.62 5309.71
CITY 210 38.07 13.88 2787.03 2821.83
CITY 211 6.33 43.47 3893.41 3927.93
CITY 212 7.69 25.17 2284.05 2322.80
CITY 213 59.38 19.55 996.50 1025.64
CITY 214 94.88 33.22 5729.41 5773.53
CITY 215 32.95 33.47 7530.31 7576.10
CITY 216 97.42 13.61 2967.17 3015.59
CITY 217 20.09 31.42 8905.31 8954.37
CITY 218 29.14 69.50 4538.07 4575.35
CITY 219 24.24 37.61 7539.71 7571.50
CITY 220 11.39 56.39 5471.52 5507.89
CITY 221 68.17 55.01 8798.61 8832.46
CITY 222 70.84 43.85 2696.66 2737.44
CITY 223 81.90 79.57 3783.10 3818.08
CITY 224 63.33 24.20 6084.19 6125.65
CITY 225 78.91 7.40 9146.24 9180.62
CITY 226 40.08 50.66 8497.86 8538.61
CITY 227 54.36 79.07 3325.58 3372.45
CITY 228 53.69 63.82 793.70 836.77
CITY 229 65.76 35.50 5976.63 5997.96
CITY 230 98.36 67.75 3695.27 3737.86
CITY 231 96.57 43.05 107.27 135.03
CITY 232 51.07 51.88 5363.54 5400.80
CITY 233 44.58 39.11 7132.54 7170.20
CITY 234 50.05 34.50 236.52 259.65
CITY 235 41.60 96.17 1080.39 1128.61
CITY 236 14.17 31.19 4209.08 4235.28
CITY 237 48.29 47.62 4050.77 4091.67
CITY 238 31.89 30.03 7481.53 7504.99
CITY 239 84.92 64.80 6254.58 6279.51
CITY 240 98.39 24.39 1618.81 1643.61
CITY 241 55.98 95.85 2148.17 2180.32
CITY 242 18.45 64.05 3995.14 4016.02
CITY 243 61.41 19.73 5471.30 5502.96
CITY 244 70.47 20.58 6947.95 6992.21
CITY 245 6.26 10.18 8051.39 8077.00
CITY 246 32.60 45.76 2429.42 2475.30
CITY 247 52.77 63.91 5515.26 5553.60
CITY 248 58.70 34.79 7807.37 7845.89
CITY 249 81.37 70.60 2753.04 2791.47
CITY 250 8.48 13.39 1096.92 1126.08
