NUM_CLIENTS 25
NUM_VEHICLES 20
CITY 0 0.0 0.0 0.0 1749
CITY 1 61.57 11.84 1569.49 1617.08
CITY 2 89.56 60.45 310.76 346.67
CITY 3 59.96 67.94 263.72 303.74
CITY 4 30.16 81.76 598.42 621.54
CITY 5 91.62 66.17 1585.64 1629.96
CITY 6 71.13 7.64 13.68 61.67
CITY 7 14.86 65.59 550.91 582.63
CITY 8 72.13 78.55 818.07 840.09
CITY 9 57.78 95.96 480.35 503.06
CITY 10 99.48 18.19 660.29 689.87
CITY 11 42.38 69.34 709.15 752.96
CITY 12 33.35 80.21 1114.53 1141.91
CITY 13 41.87 49.71 911.54 947.51
CITY 14 82.14 38.46 991.25 1023.90
CITY 15 57.79 69.35 1273.85 1314.94
CITY 16 23.52 0.29 1688.71 1709.22
CITY 17 55.84 95.76 1565.41 1587.19
CITY 18 34.93 84.88 1473.98 1518.55
CITY 19 29.47 14.41 1451.24 1500.40
CITY 20 91.30 24.25 1408.19 1429.87
CITY 21 13.78 96.21 1198.99 1230.32
CITY 22 2.63 96.49 637.77 678.82
CITY 23 66.27 7.38 1424.43 1470.55
CITY 24 3.02 36.52 143.42 165.73
CITY 25 56.92 81.37 262.87 288.35
