NUM_CLIENTS 245
NUM_VEHICLES 24
CITY 0 0.0 0.0 0.0 9475
CITY 1 56.18 91.06 8555.99 8599.05
CITY 2 54.28 85.16 5455.19 5502.59
CITY 3 75.46 54.53 4520.95 4554.98
CITY 4 37.98 61.23 5068.73 5100.94
CITY 5 87.33 25.64 7779.10 7816.69
CITY 6 12.00 35.11 398.47 428.76
CITY 7 66.89 44.04 9159.96 9189.65
CITY 8 88.79 22.86 6941.92 6991.68
CITY 9 74.69 52.54 1277.76 1312.86
CITY 10 17.54 22.43 1236.80 1276.02
CITY 11 47.54 97.61 7563.04 7597.59
CITY 12 90.63 37.23 1080.47 1110.79
CITY 13 95.27 48.72 9045.09 9094.22
CITY 14 89.07 14.72 650.71 674.33
CITY 15 26.64 28.72 6863.63 6895.14
CITY 16 86.36 54.21 3939.16 3972.33
CITY 17 36.54 58.27 1242.71 1275.93
CITY 18 10.96 57.18 6601.35 6633.57
CITY 19 35.25 70.25 2838.86 2870.68
CITY 20 73.08 63.84 4150.47 4197.36
CITY 21 75.18 61.38 7468.31 7495.28
CITY 22 69.07 53.40 4115.45 4154.22
CITY 23 50.40 9.38 6550.71 6593.41
CITY 24 40.06 15.83 1185.92 1208.72
CITY 25 49.75 75.19 3671.88 3692.46
CITY 26 24.14 82.70 19.07 66.66
CITY 27 54.37 6.44 7371.26 7391.96
CITY 28 48.21 70.29 5093.53 5142.71
CITY 29 11.69 83.63 7839.42 7864.12
CITY 30 40.86 47.66 2357.59 2395.20
CITY 31 48.47 74.51 1958.29 1983.80
CITY 32 31.77 73.31 833.70 859.67
CITY 33 62.50 15.01 4474.43 4520.65
CITY 34 64.85 87.36 2498.48 2539.28
CITY 35 72.65 28.36 2669.14 2703.60
CITY 36 16.03 51.87 4658.67 4696.66
CITY 37 17.47 28.27 4127.93 4168.23
CITY 38 68.60 92.22 714.63 743.99
CITY 39 40.80 39.19 3652.05 3689.11
CITY 40 57.79 26.08 8174.34 8214.77
CITY 41 37.59 21.87 4044.00 4093.21
CITY 42 86.86 19.11 3542.25 3586.92
CITY 43 13.09 97.67 5702.81 5749.74
CITY 44 95.21 91.20 5132.90 5168.44
CITY 45 77.14 56.37 5656.02 5681.32
CITY 46 98.28 17.62 777.17 802.01
CITY 47 40.58 31.61 8618.64 8660.08
CITY 48 55.54 36.53 4507.56 4528.57
CITY 49 96.01 38.88 1606.68 1636.42
CITY 50 83.74 10.22 1882.90 1912.41
CITY 51 13.05 96.76 4783.05 4811.69
CITY 52 22.98 67.24 7516.86 7542.36
CITY 53 91.28 25.41 6823.02 6846.00
CITY 54 16.78 88.57 1250.18 1271.48
CITY 55 24.56 4.66 9238.92 9275.15
CITY 56 50.03 64.97 1446.57 1481.01
CITY 57 61.78 65.85 4062.60 4106.56
CITY 58 46.65 20.62 1816.64 1839.57
CITY 59 16.95 74.57 473.16 511.45
CITY 60 87.56 47.56 757.50 792.10
CITY 61 88.65 68.22 8913.31 8941.04
CITY 62 11.23 73.68 958.61 996.47
CITY 63 38.08 56.34 8087.94 8137.06
CITY 64 55.66 81.32 643.58 668.18
CITY 65 50.88 98.09 9348.57 9391.05
CITY 66 35.03 78.94 3166.59 3213.79
CITY 67 26.24 37.32 3799.63 3828.33
CITY 68 68.34 63.38 8608.44 8653.87
CITY 69 69.40 5.45 8285.27 8306.68
CITY 70 46.18 86.46 5172.43 5213.66
CITY 71 97.46 61.72 1551.27 1597.19
CITY 72 88.88 47.26 6867.51 6908.71
CITY 73 4.73 90.92 3169.88 3197.33
CITY 74 71.79 11.76 1475.07 1518.03
CITY 75 95.88 16.87 2536.06 2564.63
CITY 76 77.90 80.91 8758.32 8797.08
CITY 77 24.73 1.34 5434.18 5470.55
CITY 78 33.03 78.16 4424.23 4457.44
CITY 79 23.77 37.52 6286.17 6321.78
CITY 80 56.35 95.98 3009.79 3032.20
CITY 81 20.16 0.45 4017.05 4049.18
CITY 82 48.28 92.21 122.74 163.58
CITY 83 83.60 95.94 4325.94 4359.94
CITY 84 13.62 61.73 6823.60 6858.59
CITY 85 27.42 1.50 3769.66 3798.24
CITY 86 66.78 35.58 2364.13 2404.50
CITY 87 18.23 7.98 8896.73 8927.59
CITY 88 33.29 66.53 3062.15 3097.83
CITY 89 56.04 7.09 6024.51 6061.63
CITY 90 80.79 53.77 7889.40 7930.80
CITY 91 3.39 13.38 7892.55 7919.57
CITY 92 35.65 6.40 6250.41 6293.61
CITY 93 87.81 99.19 5982.44 6008.12
CITY 94 62.16 92.56 6929.90 6960.40
CITY 95 25.32 96.36 4472.86 4512.69
CITY 96 79.40 26.29 3178.88 3219.82
CITY 97 48.69 60.62 757.63 782.44
CITY 98 92.93 6.54 9127.45 9163.68
CITY 99 82.39 32.66 1894.25 1933.60
CITY 100 75.55 25.09 6429.46 6478.67
CITY 101 10.40 17.95 3164.41 3200.24
CITY 102 71.15 60.54 3394.52 3424.57
CITY 103 81.43 19.45 4455.62 4493.65
CITY 104 47.69 53.89 4820.65 4843.09
CITY 105 71.13 51.50 406.65 438.79
CITY 106 7.80 57.44 9025.80 9072.69
CITY 107 55.37 28.58 2853.38 2887.62
CITY 108 79.12 8.35 6036.23 6086.06
CITY 109 76.47 29.34 4348.48 4395.34
CITY 110 92.37 46.21 3740.08 3775.71
CITY 111 63.77 34.19 3197.79 3239.44
CITY 112 66.98 31.21 7458.44 7504.29
CITY 113 28.36 94.41 2183.23 2208.23
CITY 114 46.64 36.52 775.68 824.48
CITY 115 72.60 32.18 3429.55 3463.73
CITY 116 5.13 8.44 6054.98 6099.48
CITY 117 98.52 16.19 3778.98 3821.67
CITY 118 56.45 8.13 535.69 566.72
CITY 119 45.06 80.78 1408.80 1430.15
CITY 120 32.57 39.80 7694.82 7727.49
CITY 121 76.17 27.76 6722.56 6754.83
CITY 122 39.97 68.62 5981.00 6017.92
CITY 123 20.10 16.07 4569.74 4599.61
CITY 124 82.04 21.06 4907.73 4949.50
CITY 125 22.49 65.39 2482.74 2510.21
CITY 126 15.47 85.09 4818.21 4866.14
CITY 127 68.58 50.17 8821.07 8859.98
CITY 128 74.53 94.08 7604.30 7637.19
CITY 129 32.19 25.87 5754.39 5801.87
CITY 130 76.89 3.50 200.47 225.02
CITY 131 53.69 8.24 369.93 396.09
CITY 132 16.78 41.81 3858.11 3880.81
CITY 133 56.07 50.81 4820.28 4852.47
CITY 134 25.68 69.41 8660.82 8698.23
CITY 135 6.95 97.29 1353.85 1388.68
CITY 136 48.63 41.40 33.15 79.06
CITY 137 60.89 29.50 7204.98 7235.62
CITY 138 75.80 15.41 7662.38 7699.60
CITY 139 36.16 20.13 1911.04 1940.87
CITY 140 58.55 89.18 9200.75 9222.94
CITY 141 59.23 86.43 7024.55 7071.80
CITY 142 37.60 28.86 5711.90 5755.50
CITY 143 21.26 2.49 7730.12 7751.57
CITY 144 75.11 88.27 418.81 451.97
CITY 145 75.45 90.66 2907.69 2928.28
CITY 146 22.10 99.06 8578.35 8606.31
CITY 147 11.71 74.34 89.82 126.25
CITY 148 85.64 20.22 8752.52 8801.33
CITY 149 22.26 85.68 8046.77 8073.55
CITY 150 59.85 37.73 971.31 1006.01
CITY 151 7.15 2.98 7103.94 7143.06
CITY 152 45.25 10.46 1003.25 1031.66
CITY 153 73.28 40.84 3623.93 3664.49
CITY 154 55.97 91.88 1786.97 1828.52
CITY 155 67.40 87.81 8984.77 9008.69
CITY 156 52.92 3.21 7655.18 7683.88
CITY 157 62.44 84.33 9285.65 9312.11
CITY 158 35.98 92.15 6178.30 6227.80
CITY 159 6.80 6.64 5657.20 5701.28
CITY 160 80.90 26.25 6378.34 6419.79
CITY 161 34.80 32.16 8341.71 8371.81
CITY 162 36.53 94.38 791.54 828.71
CITY 163 36.48 56.93 4599.51 4629.61
CITY 164 96.31 85.98 9148.47 9179.30
CITY 165 66.25 56.76 2448.52 2472.96
CITY 166 92.98 0.45 354.15 396.98
CITY 167 50.44 66.62 15.50 49.06
CITY 168 24.69 74.57 4048.31 4093.74
CITY 169 94.24 6.67 9012.26 9035.24
CITY 170 87.81 3.39 3838.32 3872.88
CITY 171 47.15 14.43 381.17 402.98
CITY 172 28.44 43.16 2823.57 2853.98
CITY 173 94.17 70.76 8869.00 8904.52
CITY 174 81.28 18.28 5818.34 5866.92
CITY 175 64.34 80.68 2669.27 2692.11
CITY 176 8.85 34.72 8125.46 8160.40
CITY 177 60.06 14.36 2040.56 2086.58
CITY 178 64.46 75.41 7874.05 7908.02
CITY 179 0.92 37.99 6404.62 6444.00
CITY 180 14.17 24.03 7151.13 7200.03
CITY 181 99.12 75.82 1771.06 1807.91
CITY 182 90.54 66.69 6217.87 6247.88
CITY 183 46.21 36.43 1307.69 1336.81
CITY 184 48.31 3.98 4910.97 4951.90
CITY 185 68.71 44.67 1222.97 1269.23
CITY 186 87.77 36.19 2010.13 2034.86
CITY 187 84.26 30.70 5263.88 5288.56
CITY 188 81.90 76.26 1520.17 1543.99
CITY 189 5.84 87.20 1962.75 1998.64
CITY 190 45.55 90.14 6410.43 6434.54
CITY 191 95.08 85.68 672.09 718.96
CITY 192 41.08 42.40 3425.71 3469.07
CITY 193 2.99 53.02 7482.99 7532.33
CITY 194 73.96 89.92 801.97 831.43
CITY 195 16.55 21.21 4665.31 4710.65
CITY 196 81.41 12.09 8776.48 8804.77
CITY 197 27.04 21.78 3426.63 3447.92
CITY 198 53.94 81.76 5536.78 5580.86
CITY 199 81.99 4.10 5465.55 5497.82
CITY 200 1.97 72.91 8700.04 8746.35
CITY 201 40.42 29.17 4964.42 4995.63
CITY 202 52.14 30.32 1534.00 1559.56
CITY 203 46.44 39.01 3314.47 3344.53
CITY 204 69.31 84.15 8351.52 8380.87
CITY 205 14.15 17.54 4653.10 4673.79
CITY 206 60.30 14.64 3388.84 3430.08
CITY 207 82.47 31.21 2632.58 2678.33
CITY 208 76.30 17.31 3999.66 4021.40
CITY 209 96.09 35.53 1799.22 1842.98
CITY 210 97.55 60.91 4241.98 4282.65
CITY 211 18.16 2.18 8629.29 8655.96
CITY 212 31.81 88.12 4235.62 4262.24
CITY 213 17.68 5.07 5556.87 5592.39
CITY 214 71.12 21.31 1381.23 1408.10
CITY 215 6.80 49.04 6025.47 6051.59
CITY 216 73.13 20.01 2804.41 2838.90
CITY 217 46.79 43.18 588.08 631.30
CITY 218 95.43 32.03 5054.72 5090.00
CITY 219 45.40 80.39 9342.75 9371.75
CITY 220 81.06 79.50 8071.94 8119.19
CITY 221 58.68 6.78 6369.99 6416.40
CITY 222 57.00 21.91 268.92 296.27
CITY 223 49.16 51.02 3022.56 3058.39
CITY 224 10.29 26.83 7292.17 7332.98
CITY 225 64.24 63.75 1195.88 1232.88
CITY 226 85.42 19.94 5015.34 5047.63
CITY 227 62.41 46.00 222.27 254.15
CITY 228 9.91 71.66 8931.81 8962.41
CITY 229 80.32 4.34 8773.15 8817.35
CITY 230 62.56 12.26 4912.23 4956.09
CITY 231 60.58 38.11 983.98 1015.14
CITY 232 52.78 2.75 4599.38 4641.40
CITY 233 43.84 12.61 4299.98 4320.21
CITY 234 7.92 18.61 3908.02 3934.43
CITY 235 11.69 75.83 1589.81 1636.00
CITY 236 18.61 39.03 3527.62 3573.91
CITY 237 6.92 9.65 5890.51 5940.06
CITY 238 41.75 1.05 2503.88 2533.89
CITY 239 15.22 40.55 5200.04 5223.80
CITY 240 93.83 6.72 7725.53 7754.45
CITY 241 44.75 58.20 11.58 35.51
CITY 242 24.73 49.66 993.08 1041.30
CITY 243 69.71 78.17 1187.61 1236.12
CITY 244 36.55 83.18 1135.04 1160.46
CITY 245 81.17 80.69 1911.59 1940.57
