NUM_CLIENTS 403
NUM_VEHICLES 40
CITY 0 0.0 0.0 0.0 412
CITY 1 28.18 38.19 190.94 239.93
CITY 2 81.69 80.13 50.10 77.60
CITY 3 64.12 87.41 200.74 223.82
CITY 4 84.59 85.12 103.19 146.09
CITY 5 27.28 90.53 53.34 86.46
CITY 6 94.64 22.20 163.31 193.80
CITY 7 2.67 5.33 181.73 208.80
CITY 8 99.45 37.49 10.20 58.13
CITY 9 83.92 65.00 286.48 310.61
CITY 10 28.69 82.98 251.98 276.14
CITY 11 70.55 44.86 1.90 24.28
CITY 12 25.59 83.50 198.67 240.48
CITY 13 52.78 11.12 104.29 133.33
CITY 14 4.77 41.98 287.39 321.10
CITY 15 11.09 90.51 216.02 236.51
CITY 16 51.54 24.19 51.97 84.85
CITY 17 61.48 24.06 150.80 190.73
CITY 18 8.56 97.47 24.50 60.28
CITY 19 50.73 98.83 200.60 232.32
CITY 20 47.01 63.57 355.14 382.75
CITY 21 1.62 78.85 124.82 166.81
CITY 22 62.83 77.15 266.14 296.11
CITY 23 4.43 54.60 294.49 319.74
CITY 24 77.91 46.46 251.73 290.68
CITY 25 81.15 6.31 280.98 314.71
CITY 26 29.34 4.38 72.21 93.47
CITY 27 93.34 51.54 358.06 394.35
CITY 28 25.33 75.33 69.18 99.89
CITY 29 78.08 86.58 120.16 143.89
CITY 30 36.80 88.95 269.08 315.92
CITY 31 38.66 97.37 179.63 214.55
CITY 32 92.43 51.93 290.02 331.83
CITY 33 7.89 60.25 297.69 334.05
CITY 34 32.12 8.01 239.25 268.45
CITY 35 60.26 42.61 249.69 280.24
CITY 36 4.24 87.00 127.63 177.57
CITY 37 27.46 98.00 343.14 365.39
CITY 38 63.75 36.33 290.00 330.38
CITY 39 95.28 14.28 219.94 263.38
CITY 40 3.48 6.72 281.82 312.81
CITY 41 38.29 56.72 219.04 259.42
CITY 42 94.88 37.20 276.24 313.45
CITY 43 52.95 39.80 235.14 262.63
CITY 44 11.34 73.57 180.65 212.26
CITY 45 56.17 26.18 94.22 127.61
CITY 46 99.64 28.56 331.77 366.50
CITY 47 12.26 85.28 163.64 210.60
CITY 48 44.51 8.78 246.86 292.22
CITY 49 31.96 34.74 23.51 59.77
CITY 50 89.13 85.14 257.67 305.49
CITY 51 63.77 79.37 184.17 207.81
CITY 52 20.10 13.89 286.12 306.90
CITY 53 55.40 36.89 290.93 327.47
CITY 54 61.19 8.62 111.96 161.95
CITY 55 71.89 52.57 278.44 323.14
CITY 56 7.38 97.24 232.53 266.03
CITY 57 68.01 34.45 317.82 361.23
CITY 58 63.98 18.20 349.79 382.77
CITY 59 91.07 5.54 44.95 69.54
CITY 60 16.47 32.27 256.78 287.16
CITY 61 94.09 89.49 306.23 333.75
CITY 62 63.51 55.08 45.31 74.40
CITY 63 53.35 50.26 61.05 109.29
CITY 64 15.42 65.87 260.87 299.02
CITY 65 84.25 56.36 298.74 319.59
CITY 66 4.55 64.15 208.79 248.33
CITY 67 76.70 41.66 231.31 266.26
CITY 68 62.72 28.97 346.31 380.80
CITY 69 80.47 68.50 107.67 129.86
CITY 70 5.99 43.96 175.30 201.42
CITY 71 60.67 31.26 260.05 302.07
CITY 72 86.08 97.54 47.34 78.45
CITY 73 56.17 31.91 168.86 196.89
CITY 74 24.79 9.68 105.06 136.58
CITY 75 61.54 24.83 313.24 338.03
CITY 76 32.74 57.77 113.20 156.10
CITY 77 49.83 51.47 180.55 209.81
CITY 78 2.32 94.52 182.97 231.97
CITY 79 21.51 35.29 18.30 53.14
CITY 80 88.23 65.43 170.35 206.45
CITY 81 84.72 43.09 319.45 361.27
CITY 82 76.39 36.59 145.01 182.12
CITY 83 19.47 55.32 26.62 61.75
CITY 84 76.44 27.97 358.05 398.46
CITY 85 11.88 97.51 142.59 186.44
CITY 86 33.91 93.89 273.30 299.27
CITY 87 50.91 50.01 16.40 40.51
CITY 88 33.30 47.37 165.43 203.62
CITY 89 51.55 32.80 221.93 246.81
CITY 90 99.06 73.93 108.32 138.41
CITY 91 82.83 53.23 256.56 285.56
CITY 92 81.57 36.84 243.92 293.31
CITY 93 58.37 79.68 262.57 303.21
CITY 94 2.66 47.46 350.08 393.57
CITY 95 77.62 57.76 261.15 298.65
CITY 96 17.05 62.90 224.34 269.58
CITY 97 14.78 68.07 11.43 59.87
CITY 98 10.99 1.89 113.56 138.10
CITY 99 69.05 41.04 280.54 328.16
CITY 100 87.28 73.58 22.55 46.69
CITY 101 20.73 32.50 239.73 275.49
CITY 102 31.38 17.32 330.19 360.46
CITY 103 35.43 77.20 260.97 300.27
CITY 104 69.33 61.01 69.60 97.00
CITY 105 55.81 22.49 352.19 381.12
CITY 106 28.90 20.73 255.21 284.72
CITY 107 34.88 93.37 287.94 316.14
CITY 108 12.19 67.66 137.45 186.85
CITY 109 81.84 95.46 291.27 319.98
CITY 110 28.76 71.41 125.38 158.65
CITY 111 25.64 47.91 73.15 109.31
CITY 112 93.30 69.62 49.69 88.16
CITY 113 58.68 24.25 242.48 278.41
CITY 114 63.79 5.25 149.62 191.14
CITY 115 10.05 77.08 1.88 38.39
CITY 116 92.91 40.69 338.48 384.83
CITY 117 47.74 19.95 348.94 378.57
CITY 118 64.59 90.79 32.38 69.61
CITY 119 53.52 72.31 339.07 386.47
CITY 120 17.51 88.22 63.64 111.22
CITY 121 99.72 39.70 179.33 227.43
CITY 122 96.21 92.60 317.38 337.66
CITY 123 56.80 10.73 355.84 384.38
CITY 124 98.91 54.33 178.80 226.95
CITY 125 85.11 46.80 69.80 93.18
CITY 126 16.25 45.89 93.13 118.72
CITY 127 73.66 79.08 205.54 248.26
CITY 128 17.55 85.61 324.73 369.54
CITY 129 51.53 8.67 242.27 267.81
CITY 130 14.06 32.36 89.79 117.62
CITY 131 23.55 75.38 345.36 374.42
CITY 132 72.29 1.14 236.63 277.42
CITY 133 6.21 11.82 111.06 143.23
CITY 134 50.25 89.51 254.69 284.02
CITY 135 11.74 91.61 106.80 145.24
CITY 136 21.91 13.36 55.45 97.89
CITY 137 60.57 41.58 198.82 232.95
CITY 138 53.75 66.41 79.07 106.49
CITY 139 75.47 87.31 29.64 63.04
CITY 140 70.38 7.81 204.23 226.08
CITY 141 54.76 50.55 207.32 231.81
CITY 142 32.81 52.03 42.08 68.24
CITY 143 58.31 9.09 184.76 229.02
CITY 144 45.34 51.32 165.36 187.09
CITY 145 46.24 80.69 261.83 293.71
CITY 146 81.65 74.58 209.35 230.71
CITY 147 34.45 6.38 359.87 407.91
CITY 148 6.90 93.38 11.49 43.75
CITY 149 76.90 76.58 354.16 393.53
CITY 150 42.04 99.29 138.46 184.55
CITY 151 90.68 37.56 247.15 287.00
CITY 152 53.93 65.35 125.89 151.25
CITY 153 53.73 52.88 263.48 290.17
CITY 154 0.35 2.27 108.01 148.21
CITY 155 54.44 53.19 298.06 325.48
CITY 156 34.62 27.56 339.34 381.09
CITY 157 11.28 80.95 151.77 194.75
CITY 158 88.38 1.56 74.60 97.63
CITY 159 3.36 59.78 254.59 276.05
CITY 160 74.05 40.23 84.83 111.35
CITY 161 86.37 5.64 182.41 211.09
CITY 162 81.58 73.15 115.44 153.38
CITY 163 67.25 32.07 109.24 133.54
CITY 164 66.02 22.10 108.78 130.61
CITY 165 94.85 87.97 329.99 368.77
CITY 166 42.72 49.56 351.97 400.22
CITY 167 67.13 78.58 115.38 147.87
CITY 168 14.92 37.65 273.10 307.30
CITY 169 84.93 30.07 256.14 300.32
CITY 170 91.47 56.24 350.34 387.06
CITY 171 13.41 24.29 73.61 113.01
CITY 172 92.22 84.71 33.47 75.21
CITY 173 19.05 26.85 243.87 281.96
CITY 174 87.36 18.82 275.73 317.46
CITY 175 55.89 47.94 314.75 344.74
CITY 176 95.70 1.53 339.25 388.11
CITY 177 11.73 99.96 173.37 200.65
CITY 178 60.44 20.45 331.28 367.84
CITY 179 77.55 38.07 193.18 223.96
CITY 180 26.16 51.28 180.01 202.97
CITY 181 98.13 46.95 303.98 351.41
CITY 182 37.07 41.39 203.63 230.27
CITY 183 14.59 26.08 338.38 375.76
CITY 184 41.76 15.24 119.41 150.81
CITY 185 83.34 49.93 236.97 277.51
CITY 186 25.73 82.16 349.88 389.13
CITY 187 49.06 16.82 287.78 312.86
CITY 188 72.03 48.83 331.92 368.18
CITY 189 64.18 5.87 12.24 57.65
CITY 190 94.52 66.82 276.69 309.06
CITY 191 84.25 23.14 256.00 276.27
CITY 192 50.57 37.32 223.66 263.66
CITY 193 61.65 48.32 176.60 196.80
CITY 194 55.16 1.19 191.65 219.89
CITY 195 97.75 1.71 294.36 334.58
CITY 196 80.62 90.98 38.74 61.63
CITY 197 14.89 19.19 190.58 235.03
CITY 198 26.73 39.69 135.04 167.23
CITY 199 56.50 99.02 81.76 122.28
CITY 200 84.79 65.37 310.68 353.46
CITY 201 9.35 37.93 200.08 221.76
CITY 202 0.95 17.14 180.95 213.97
CITY 203 78.44 56.59 310.58 333.44
CITY 204 52.82 4.26 76.53 122.58
CITY 205 88.76 47.55 16.86 39.09
CITY 206 92.56 89.93 203.99 224.98
CITY 207 92.88 31.45 348.05 385.66
CITY 208 75.23 71.27 144.18 166.49
CITY 209 16.25 24.05 302.14 333.82
CITY 210 89.65 33.17 273.53 297.73
CITY 211 98.85 72.42 181.29 230.52
CITY 212 5.37 43.71 303.60 333.82
CITY 213 76.90 95.49 143.61 186.81
CITY 214 2.96 27.33 359.32 394.03
CITY 215 35.58 94.11 156.33 196.72
CITY 216 66.07 8.57 223.94 267.88
CITY 217 71.31 8.20 55.83 97.18
CITY 218 63.39 73.97 114.64 137.83
CITY 219 0.52 30.83 130.29 158.38
CITY 220 13.25 18.74 162.48 199.12
CITY 221 40.80 2.63 128.12 150.91
CITY 222 59.80 32.44 139.46 168.21
CITY 223 38.78 8.47 326.21 373.37
CITY 224 97.82 57.20 61.39 92.81
CITY 225 13.88 30.11 178.51 200.41
CITY 226 43.47 42.11 175.29 197.60
CITY 227 25.17 24.66 226.26 264.08
CITY 228 19.55 10.70 110.29 158.75
CITY 229 33.22 62.02 291.08 320.96
CITY 230 33.47 81.55 311.14 360.37
CITY 231 13.61 32.07 342.91 368.94
CITY 232 31.42 96.46 350.68 379.42
CITY 233 69.50 49.10 208.47 235.74
CITY 234 37.61 81.65 142.24 165.66
CITY 235 56.39 59.22 197.52 237.97
CITY 236 55.01 95.30 167.11 208.36
CITY 237 43.85 29.13 250.81 295.38
CITY 238 79.57 40.91 180.75 219.75
CITY 239 24.20 65.87 258.92 302.59
CITY 240 7.40 99.07 173.48 205.51
CITY 241 50.66 92.04 250.40 286.71
CITY 242 79.07 35.95 324.17 360.28
CITY 243 63.82 8.50 278.36 318.09
CITY 244 35.50 64.70 16.04 65.54
CITY 245 67.75 39.96 272.47 321.44
CITY 246 43.05 1.05 93.66 128.98
CITY 247 51.88 58.05 208.24 241.61
CITY 248 39.11 77.23 213.07 248.08
CITY 249 34.50 2.46 37.85 70.33
CITY 250 96.17 11.61 340.52 364.78
CITY 251 31.19 45.53 74.89 109.37
CITY 252 47.62 43.82 252.23 281.80
CITY 253 30.03 81.02 41.66 87.14
CITY 254 64.80 67.71 59.50 109.01
CITY 255 24.39 17.45 57.97 94.76
CITY 256 95.85 23.19 146.63 172.16
CITY 257 64.05 43.21 10.57 48.99
CITY 258 19.73 59.22 140.76 181.90
CITY 259 20.58 75.23 292.76 314.64
CITY 260 10.18 87.20 67.68 97.46
CITY 261 45.76 26.24 312.27 348.11
CITY 262 63.91 59.70 221.29 258.90
CITY 263 34.79 84.55 223.49 267.90
CITY 264 70.60 29.74 222.44 244.99
CITY 265 13.39 11.79 110.55 136.04
CITY 266 69.34 51.08 151.40 175.54
CITY 267 38.37 18.58 230.05 270.85
CITY 268 64.53 99.99 200.88 235.57
CITY 269 14.03 31.46 163.26 184.87
CITY 270 35.90 0.96 49.43 93.88
CITY 271 96.38 50.54 179.18 219.72
CITY 272 41.56 83.99 176.91 199.39
CITY 273 3.09 76.11 105.74 133.98
CITY 274 53.76 16.82 165.55 207.83
CITY 275 76.59 54.97 40.98 64.41
CITY 276 77.51 82.33 132.80 177.48
CITY 277 4.16 71.90 197.78 247.47
CITY 278 10.24 83.01 271.99 300.92
CITY 279 99.93 44.97 126.18 170.69
CITY 280 43.91 99.40 280.78 307.89
CITY 281 81.07 58.79 126.93 168.25
CITY 282 63.28 16.60 50.40 76.60
CITY 283 20.69 5.94 127.00 155.43
CITY 284 53.88 32.37 254.87 283.55
CITY 285 26.73 85.80 356.75 397.13
CITY 286 9.52 96.28 284.42 331.98
CITY 287 99.25 86.70 45.93 91.92
CITY 288 24.97 71.14 299.91 342.75
CITY 289 67.62 48.95 209.03 237.09
CITY 290 41.42 45.20 229.37 275.78
CITY 291 9.31 51.56 100.72 148.81
CITY 292 36.91 95.03 118.48 138.55
CITY 293 77.41 73.27 264.60 298.35
CITY 294 66.41 35.82 22.93 58.96
CITY 295 21.78 42.96 76.69 104.75
CITY 296 82.83 33.78 209.21 246.20
CITY 297 48.53 34.37 247.08 268.54
CITY 298 9.96 78.39 166.37 190.10
CITY 299 85.77 44.13 0.24 48.99
CITY 300 20.23 68.86 47.75 87.25
CITY 301 15.90 93.27 99.20 138.83
CITY 302 25.04 37.18 327.18 352.14
CITY 303 39.63 30.55 253.20 280.22
CITY 304 65.55 70.37 0.39 34.70
CITY 305 13.27 22.62 246.15 266.43
CITY 306 69.56 81.71 357.71 390.38
CITY 307 13.22 7.08 138.67 180.59
CITY 308 10.24 31.34 318.92 343.03
CITY 309 77.35 75.32 48.20 97.99
CITY 310 14.29 53.05 3.07 42.57
CITY 311 44.01 72.24 227.36 251.91
CITY 312 41.17 68.66 311.31 333.91
CITY 313 10.05 75.24 213.43 244.95
CITY 314 96.32 31.45 50.62 78.93
CITY 315 8.42 55.34 217.20 255.43
CITY 316 77.90 69.05 306.94 346.69
CITY 317 30.16 51.77 184.45 226.88
CITY 318 29.55 5.46 325.04 373.68
CITY 319 49.49 11.27 180.85 218.67
CITY 320 52.83 97.77 357.25 405.27
CITY 321 13.20 86.08 205.75 236.72
CITY 322 68.29 76.27 345.51 388.62
CITY 323 1.67 6.75 94.91 116.11
CITY 324 6.05 78.93 183.39 222.25
CITY 325 50.10 41.54 254.06 276.53
CITY 326 53.66 61.60 100.44 129.74
CITY 327 51.13 20.32 292.52 328.61
CITY 328 39.07 63.43 302.10 342.53
CITY 329 6.61 69.87 264.24 309.64
CITY 330 5.79 8.62 157.28 190.88
CITY 331 60.88 30.93 268.49 310.71
CITY 332 11.94 70.79 253.94 278.86
CITY 333 95.30 52.30 283.44 325.06
CITY 334 16.70 12.69 282.77 310.83
CITY 335 88.64 77.14 10.63 54.84
CITY 336 27.20 6.39 257.86 295.16
CITY 337 7.71 45.52 130.36 165.35
CITY 338 56.69 36.77 92.35 115.44
CITY 339 57.39 72.28 82.68 117.95
CITY 340 4.40 86.29 88.53 122.68
CITY 341 38.30 15.01 337.08 382.80
CITY 342 55.29 91.39 268.12 300.70
CITY 343 32.18 41.63 260.74 288.88
CITY 344 7.79 37.28 181.74 228.80
CITY 345 17.93 80.43 355.27 403.89
CITY 346 6.89 46.51 102.20 147.54
CITY 347 32.73 55.31 2.88 28.90
CITY 348 56.38 30.39 225.42 259.34
CITY 349 59.17 49.34 279.69 305.55
CITY 350 90.04 76.05 88.74 108.93
CITY 351 41.00 23.30 125.41 170.59
CITY 352 87.72 95.10 0.53 40.25
CITY 353 84.90 72.72 37.63 73.52
CITY 354 23.82 49.20 21.68 71.59
CITY 355 71.17 9.30 333.50 380.42
CITY 356 51.98 70.08 134.84 184.08
CITY 357 8.49 9.56 48.33 92.93
CITY 358 7.48 56.78 157.46 206.39
CITY 359 23.68 26.10 114.03 158.06
CITY 360 70.07 73.54 115.14 143.30
CITY 361 7.47 20.27 282.34 319.88
CITY 362 15.54 16.44 168.71 200.91
CITY 363 53.59 96.46 75.16 104.41
CITY 364 26.50 11.99 57.06 97.64
CITY 365 82.64 69.69 14.60 59.68
CITY 366 32.78 9.12 89.86 120.53
CITY 367 51.35 67.72 94.18 143.90
CITY 368 3.11 40.44 163.70 206.14
CITY 369 24.99 46.20 291.01 315.20
CITY 370 1.20 83.04 355.69 379.61
CITY 371 82.37 37.22 228.17 267.51
CITY 372 58.23 25.88 294.21 314.87
CITY 373 6.45 90.25 160.52 184.39
CITY 374 90.51 82.94 120.02 141.30
CITY 375 46.10 16.80 207.75 252.40
CITY 376 39.50 2.95 247.32 272.51
CITY 377 21.47 18.72 101.31 147.81
CITY 378 3.46 61.92 88.97 117.83
CITY 379 41.20 55.07 22.07 50.47
CITY 380 13.72 19.95 320.24 356.02
CITY 381 63.08 80.22 287.73 337.42
CITY 382 78.19 35.91 197.12 231.66
CITY 383 91.27 50.24 140.59 165.99
CITY 384 31.89 21.90 324.27 367.62
CITY 385 5.86 99.15 191.65 234.66
CITY 386 99.96 97.40 36.25 75.95
CITY 387 26.65 81.63 332.05 353.73
CITY 388 99.64 21.94 306.43 350.36
CITY 389 35.48 83.92 305.97 331.25
CITY 390 59.25 80.62 252.54 299.96
CITY 391 2.82 70.06 343.02 379.92
CITY 392 56.31 18.82 357.66 404.11
CITY 393 49.22 30.91 177.54 200.25
CITY 394 23.26 21.88 190.57 210.59
CITY 395 91.79 20.15 47.24 88.75
CITY 396 91.88 84.43 117.14 137.80
CITY 397 58.66 91.72 280.32 325.72
CITY 398 86.07 96.06 135.24 183.50
CITY 399 39.56 10.10 109.24 133.33
CITY 400 15.75 94.87 286.65 335.47
CITY 401 64.92 17.42 350.68 391.49
CITY 402 92.88 78.70 80.81 118.48
CITY 403 17.54 30.68 249.24 273.06
