NUM_CLIENTS 25
NUM_VEHICLES 2
CITY 0 0.0 0.0 0.0 8894
CITY 1 74.35 30.22 4063.97 4086.96
CITY 2 96.93 57.62 3336.71 3369.60
CITY 3 22.23 40.63 2470.78 2499.31
CITY 4 70.29 50.66 3388.20 3437.99
CITY 5 72.76 95.15 6747.70 6789.13
CITY 6 45.23 57.79 229.89 273.03
CITY 7 44.71 47.68 972.45 1001.77
CITY 8 14.38 62.99 748.83 785.65
CITY 9 20.77 94.21 5252.18 5274.70
CITY 10 40.32 83.81 4633.77 4678.96
CITY 11 76.06 5.89 4368.85 4401.21
CITY 12 74.05 83.43 332.53 373.20
CITY 13 59.87 87.14 2378.79 2405.07
CITY 14 56.24 48.87 4425.37 4474.15
CITY 15 23.57 46.14 4276.79 4313.43
CITY 16 73.97 73.31 8148.15 8180.92
CITY 17 7.75 12.73 130.36 165.96
CITY 18 12.15 19.74 7693.36 7716.77
CITY 19 88.55 49.52 5541.54 5577.28
CITY 20 13.99 87.42 3703.91 3724.19
CITY 21 11.76 99.57 6369.98 6416.38
CITY 22 27.11 32.24 7868.24 7905.16
CITY 23 16.59 29.02 6061.50 6105.59
CITY 24 95.20 37.13 5350.31 5384.47
CITY 25 21.06 33.02 6606.92 6656.80
