NUM_CLIENTS 359
NUM_VEHICLES 35
CITY 0 0.0 0.0 0.0 4038
CITY 1 72.33 2.97 1558.33 1583.93
CITY 2 6.12 6.97 3042.87 3080.20
CITY 3 96.22 89.63 59.14 84.89
CITY 4 80.96 58.14 3057.75 3093.02
CITY 5 61.57 67.29 2259.80 2295.90
CITY 6 15.97 12.00 613.83 654.90
CITY 7 96.58 76.95 3081.19 3108.19
CITY 8 9.04 73.75 3677.16 3713.17
CITY 9 82.24 30.80 1046.51 1078.67
CITY 10 29.19 3.02 2863.24 2900.98
CITY 11 68.70 66.49 3878.23 3900.85
CITY 12 77.11 95.76 1206.32 1256.00
CITY 13 60.15 1.93 1125.72 1168.97
CITY 14 61.05 41.85 106.81 138.23
CITY 15 17.96 61.69 3268.27 3301.45
CITY 16 0.20 25.85 2421.75 2446.62
CITY 17 99.93 23.20 3638.90 3681.18
CITY 18 27.79 78.63 3237.15 3278.07
CITY 19 78.28 69.37 3278.24 3300.50
CITY 20 72.47 11.16 1880.25 1926.05
CITY 21 0.56 63.40 3803.95 3832.08
CITY 22 22.18 11.39 3521.52 3557.35
CITY 23 86.37 75.86 3673.50 3696.59
CITY 24 65.05 25.26 3080.33 3127.96
CITY 25 65.82 90.13 2608.35 2631.14
CITY 26 0.15 93.95 3089.55 3112.98
CITY 27 5.44 59.91 622.43 661.36
CITY 28 4.25 87.98 811.91 847.30
CITY 29 53.94 51.76 3582.24 3631.07
CITY 30 6.56 15.93 599.09 624.06
CITY 31 94.59 55.03 2597.31 2640.42
CITY 32 83.29 84.24 1301.08 1349.48
CITY 33 66.05 1.92 587.45 622.68
CITY 34 57.95 33.89 2253.01 2292.26
CITY 35 46.69 27.56 300.14 336.34
CITY 36 42.30 59.23 447.99 485.98
CITY 37 89.43 85.86 683.90 718.07
CITY 38 39.19 1.56 131.98 155.98
CITY 39 1.67 62.49 1819.68 1858.75
CITY 40 80.45 99.43 1680.06 1720.24
CITY 41 88.24 28.06 870.75 914.84
CITY 42 38.15 65.10 2560.00 2590.02
CITY 43 52.19 82.13 1932.40 1952.57
CITY 44 17.86 73.58 1177.40 1217.26
CITY 45 65.77 29.83 2622.63 2653.84
CITY 46 40.78 1.86 359.02 406.80
CITY 47 95.68 45.85 991.59 1017.07
CITY 48 90.95 56.99 1615.42 1659.91
CITY 49 70.42 24.99 1502.37 1545.20
CITY 50 0.08 91.83 1171.05 1202.32
CITY 51 13.30 76.49 2750.55 2771.81
CITY 52 35.49 69.84 1694.56 1729.60
CITY 53 7.92 53.28 1753.19 1784.20
CITY 54 94.16 67.97 3871.94 3918.15
CITY 55 82.71 27.20 3498.20 3533.50
CITY 56 14.69 35.23 2858.80 2892.35
CITY 57 49.84 51.78 1102.46 1143.83
CITY 58 41.11 99.91 3831.39 3858.32
CITY 59 3.84 40.32 1848.81 1892.07
CITY 60 97.02 40.78 2334.21 2358.09
CITY 61 58.15 56.69 1932.59 1979.93
CITY 62 88.75 90.51 537.94 559.45
CITY 63 25.66 60.48 1543.16 1568.14
CITY 64 41.07 61.99 44.19 76.69
CITY 65 7.27 45.37 3714.49 3751.99
CITY 66 17.69 89.25 1503.30 1552.86
CITY 67 90.87 94.80 2621.33 2645.96
CITY 68 91.48 60.32 3793.98 3830.43
CITY 69 21.53 75.15 2930.40 2976.35
CITY 70 39.98 51.48 2831.94 2865.47
CITY 71 18.73 91.64 1730.11 1759.14
CITY 72 24.71 52.52 194.84 243.26
CITY 73 80.75 89.52 3242.64 3265.51
CITY 74 20.01 52.79 756.12 799.06
CITY 75 8.46 99.10 1604.97 1625.85
CITY 76 89.68 28.96 198.09 247.45
CITY 77 69.84 92.99 585.41 623.92
CITY 78 74.70 6.73 3160.13 3202.36
CITY 79 66.13 85.29 3472.41 3514.34
CITY 80 56.40 21.77 471.42 497.54
CITY 81 81.15 49.57 607.40 646.46
CITY 82 54.36 13.24 2358.65 2394.85
CITY 83 64.44 83.28 1530.37 1555.17
CITY 84 78.59 93.98 540.10 587.36
CITY 85 32.95 96.96 2588.07 2609.74
CITY 86 18.27 33.68 925.72 962.83
CITY 87 48.45 42.66 2427.22 2471.23
CITY 88 62.24 26.10 3612.11 3644.13
CITY 89 91.54 56.84 3895.34 3938.64
CITY 90 92.12 97.90 135.41 185.05
CITY 91 37.00 53.39 3506.83 3529.39
CITY 92 65.89 24.60 3729.75 3763.20
CITY 93 40.85 10.05 2098.45 2135.61
CITY 94 97.82 15.29 3048.75 3096.21
CITY 95 64.20 77.12 3388.10 3408.30
CITY 96 24.79 93.94 1957.12 1980.74
CITY 97 16.34 22.55 289.30 315.13
CITY 98 66.05 31.57 1613.96 1634.34
CITY 99 49.62 49.59 2561.75 2583.94
CITY 100 99.06 34.96 900.31 922.90
CITY 101 57.56 66.32 3852.40 3876.80
CITY 102 33.35 62.20 3333.27 3371.20
CITY 103 7.10 19.83 1931.31 1957.60
CITY 104 4.03 29.83 733.19 762.01
CITY 105 99.63 27.51 1788.83 1825.33
CITY 106 0.01 27.09 1719.83 1753.15
CITY 107 95.88 41.60 513.14 539.90
CITY 108 98.64 92.30 3528.80 3569.56
CITY 109 47.04 32.14 3100.24 3138.49
CITY 110 78.64 62.99 3898.10 3938.74
CITY 111 85.33 97.50 358.24 399.09
CITY 112 96.10 16.65 2146.39 2176.81
CITY 113 26.80 38.35 3874.74 3895.85
CITY 114 81.39 55.83 1411.82 1431.87
CITY 115 34.63 74.20 2906.93 2951.16
CITY 116 32.10 83.52 1039.16 1080.71
CITY 117 61.92 66.91 992.52 1032.51
CITY 118 92.18 4.69 1961.68 1995.87
CITY 119 5.06 1.13 980.37 1025.24
CITY 120 1.26 31.15 3560.44 3583.96
CITY 121 27.63 1.84 3035.42 3073.55
CITY 122 78.85 54.59 710.71 754.83
CITY 123 2.41 20.90 1525.88 1568.95
CITY 124 76.72 73.84 159.14 194.56
CITY 125 91.53 54.40 1592.57 1641.02
CITY 126 62.83 69.34 83.91 117.26
CITY 127 54.05 15.16 1282.92 1321.17
CITY 128 33.79 97.08 1523.96 1564.72
CITY 129 70.93 20.66 812.45 839.55
CITY 130 72.08 13.22 221.31 247.01
CITY 131 98.55 30.00 3389.82 3424.91
CITY 132 50.72 5.34 3065.26 3098.22
CITY 133 4.26 71.98 2413.22 2447.70
CITY 134 96.88 59.66 163.61 204.00
CITY 135 11.75 69.93 369.51 414.69
CITY 136 82.23 62.92 3904.58 3950.55
CITY 137 7.89 19.97 3414.36 3438.72
CITY 138 38.98 10.03 1337.12 1365.39
CITY 139 33.85 4.70 650.08 682.06
CITY 140 18.65 11.93 2368.87 2400.97
CITY 141 29.53 45.48 2726.77 2776.41
CITY 142 14.67 31.35 2395.27 2429.38
CITY 143 0.70 47.74 1087.28 1128.61
CITY 144 29.63 72.64 3822.82 3844.52
CITY 145 53.18 89.17 3081.03 3128.59
CITY 146 89.54 7.99 2993.85 3022.53
CITY 147 74.59 82.29 2282.31 2324.19
CITY 148 57.66 42.12 3161.18 3205.29
CITY 149 99.78 13.23 1624.89 1652.34
CITY 150 70.31 57.62 3680.32 3711.22
CITY 151 97.62 13.79 1532.86 1575.05
CITY 152 30.12 12.97 1938.81 1975.48
CITY 153 44.84 21.61 1548.39 1580.43
CITY 154 33.06 81.26 1568.76 1590.01
CITY 155 39.58 43.40 33.35 54.67
CITY 156 73.09 88.71 349.87 388.87
CITY 157 26.60 0.80 2173.53 2197.15
CITY 158 85.96 58.66 2362.35 2412.01
CITY 159 5.87 74.08 2548.71 2573.00
CITY 160 13.53 60.83 1351.80 1392.45
CITY 161 76.74 46.01 1479.66 1513.68
CITY 162 59.75 23.13 447.11 486.59
CITY 163 18.67 39.24 197.56 239.06
CITY 164 43.04 13.30 3856.43 3886.89
CITY 165 81.47 49.30 1177.56 1207.21
CITY 166 81.13 98.15 2355.06 2379.17
CITY 167 31.90 74.72 3839.03 3867.47
CITY 168 28.53 32.94 2049.01 2072.74
CITY 169 1.63 56.11 2864.84 2902.70
CITY 170 34.79 35.04 842.91 889.50
CITY 171 84.53 76.21 1587.77 1619.95
CITY 172 86.70 59.71 2735.09 2759.57
CITY 173 49.33 49.50 1255.81 1288.03
CITY 174 1.21 96.95 1628.65 1672.98
CITY 175 84.04 30.96 1687.15 1720.58
CITY 176 29.63 86.37 615.20 647.85
CITY 177 92.15 1.60 784.60 828.59
CITY 178 6.29 50.40 108.37 139.60
CITY 179 19.90 0.44 1759.58 1799.96
CITY 180 63.48 9.02 1982.24 2005.05
CITY 181 42.32 34.69 1754.87 1776.73
CITY 182 12.89 25.57 299.31 326.67
CITY 183 32.64 44.23 1058.21 1099.50
CITY 184 96.86 73.19 1457.08 1480.00
CITY 185 81.17 69.44 3938.21 3972.23
CITY 186 5.44 72.27 490.96 538.96
CITY 187 8.00 64.30 2092.55 2129.82
CITY 188 39.79 96.44 3735.68 3781.11
CITY 189 40.46 21.48 1316.43 1362.98
CITY 190 55.37 19.48 1285.21 1323.43
CITY 191 26.38 67.06 1834.50 1870.91
CITY 192 0.69 68.67 196.11 221.69
CITY 193 24.29 74.61 1907.34 1941.56
CITY 194 73.10 54.21 974.51 994.69
CITY 195 64.24 56.37 653.80 691.91
CITY 196 43.25 24.19 756.34 800.86
CITY 197 69.02 60.37 1910.48 1954.07
CITY 198 13.33 56.55 3432.12 3460.79
CITY 199 3.99 86.86 3675.18 3704.84
CITY 200 76.31 81.55 3727.87 3774.74
CITY 201 46.02 61.73 2367.83 2393.44
CITY 202 16.53 47.34 944.19 992.18
CITY 203 15.95 72.09 3459.46 3499.01
CITY 204 4.67 23.83 727.26 764.51
CITY 205 25.14 99.16 260.25 298.76
CITY 206 22.80 79.84 2058.87 2087.67
CITY 207 21.24 29.69 2631.45 2669.59
CITY 208 52.53 88.95 36.26 76.44
CITY 209 33.14 32.11 335.41 380.69
CITY 210 69.00 12.68 1551.35 1598.79
CITY 211 44.26 43.64 2750.63 2789.30
CITY 212 20.17 95.94 495.78 515.89
CITY 213 83.23 78.86 3926.91 3953.31
CITY 214 15.47 77.35 1724.79 1763.56
CITY 215 77.91 91.36 1965.14 1999.16
CITY 216 21.83 93.92 1651.70 1693.48
CITY 217 69.98 3.38 1588.92 1636.78
CITY 218 73.01 2.83 3200.99 3221.09
CITY 219 55.85 5.24 1509.27 1530.30
CITY 220 61.44 16.95 2007.65 2036.78
CITY 221 63.02 8.48 3286.48 3325.69
CITY 222 79.11 29.75 213.94 260.87
CITY 223 27.02 67.54 3463.75 3497.94
CITY 224 75.86 50.63 1706.97 1739.58
CITY 225 37.13 92.60 3357.33 3390.22
CITY 226 15.99 84.28 977.50 1009.64
CITY 227 80.49 66.24 1423.04 1468.45
CITY 228 80.96 40.35 3809.34 3837.21
CITY 229 41.16 7.10 2287.82 2315.84
CITY 230 59.50 64.57 832.96 868.64
CITY 231 21.76 58.71 3071.06 3111.44
CITY 232 74.86 83.86 2823.77 2869.04
CITY 233 59.82 7.74 2387.78 2428.97
CITY 234 42.72 58.93 2473.44 2502.89
CITY 235 31.36 86.68 2381.69 2425.71
CITY 236 20.75 82.35 3091.01 3124.10
CITY 237 21.65 13.18 887.06 924.77
CITY 238 89.32 10.14 402.17 443.73
CITY 239 58.57 93.46 2128.27 2167.79
CITY 240 66.05 91.02 1314.22 1342.87
CITY 241 93.28 22.80 64.94 105.93
CITY 242 18.25 45.04 2956.35 3005.99
CITY 243 87.57 13.75 770.12 807.86
CITY 244 53.11 91.54 3744.92 3773.92
CITY 245 82.67 92.91 644.52 676.45
CITY 246 46.11 50.40 1960.88 2006.30
CITY 247 77.44 52.64 3625.07 3648.93
CITY 248 45.03 64.30 2587.94 2609.67
CITY 249 65.73 97.25 1157.01 1188.65
CITY 250 4.95 69.75 3937.95 3963.95
CITY 251 72.33 57.55 1475.87 1505.05
CITY 252 74.76 57.50 2139.48 2185.58
CITY 253 27.10 2.45 2709.64 2745.10
CITY 254 68.67 62.35 2262.67 2306.57
CITY 255 19.28 67.83 962.87 982.98
CITY 256 62.09 91.83 614.81 646.66
CITY 257 11.93 83.94 236.70 283.11
CITY 258 41.72 38.42 528.04 551.01
CITY 259 32.27 90.09 2921.03 2961.56
CITY 260 40.64 27.78 1991.06 2038.86
CITY 261 94.70 32.25 2997.41 3028.17
CITY 262 49.35 9.99 3852.66 3880.30
CITY 263 43.10 0.57 208.58 244.30
CITY 264 33.76 78.69 1654.72 1690.65
CITY 265 13.28 68.33 1425.36 1457.81
CITY 266 35.29 32.51 613.78 660.53
CITY 267 86.16 26.00 3070.12 3107.78
CITY 268 47.23 29.61 573.16 618.60
CITY 269 20.17 52.93 3637.65 3687.59
CITY 270 1.70 77.55 3335.95 3380.57
CITY 271 86.73 73.02 1805.11 1853.86
CITY 272 40.82 4.56 2481.38 2525.67
CITY 273 26.78 91.63 2044.63 2076.96
CITY 274 17.34 79.73 1327.14 1348.60
CITY 275 61.15 53.47 121.22 159.48
CITY 276 87.27 74.67 847.81 887.85
CITY 277 1.21 77.02 2544.22 2588.93
CITY 278 47.56 48.48 3368.40 3413.04
CITY 279 57.59 48.70 3352.71 3382.81
CITY 280 15.29 26.87 836.46 868.14
CITY 281 27.03 1.32 1267.28 1288.55
CITY 282 20.46 75.35 1506.03 1546.77
CITY 283 29.92 50.94 3922.87 3960.07
CITY 284 49.83 63.92 888.41 915.95
CITY 285 1.88 33.68 3303.61 3346.45
CITY 286 4.52 65.79 1723.60 1748.66
CITY 287 61.70 27.03 2594.89 2639.15
CITY 288 4.43 23.33 359.01 406.35
CITY 289 60.05 76.27 1324.51 1352.92
CITY 290 84.15 1.76 762.54 791.91
CITY 291 4.09 9.64 2967.48 3007.43
CITY 292 47.12 53.26 1835.58 1873.87
CITY 293 95.57 11.37 1231.35 1266.75
CITY 294 42.54 26.73 3625.31 3660.99
CITY 295 15.90 0.37 2081.67 2123.38
CITY 296 83.91 32.00 2557.85 2604.07
CITY 297 69.63 80.60 1102.50 1139.61
CITY 298 15.92 64.67 876.49 925.63
CITY 299 42.94 73.68 1438.05 1474.51
CITY 300 71.64 75.67 661.00 693.60
CITY 301 48.06 92.81 836.63 882.11
CITY 302 44.35 69.98 1531.19 1556.64
CITY 303 59.04 65.72 2561.26 2601.70
CITY 304 37.15 98.17 2112.17 2158.97
CITY 305 76.44 46.87 1996.60 2025.45
CITY 306 14.67 38.15 1442.91 1473.11
CITY 307 31.24 62.29 2367.75 2388.46
CITY 308 42.04 15.28 532.47 574.22
CITY 309 22.01 47.38 1795.84 1830.91
CITY 310 57.93 98.07 3525.01 3551.85
CITY 311 67.93 57.32 143.22 187.59
CITY 312 76.29 42.84 3285.80 3331.99
CITY 313 71.45 62.77 1786.71 1826.84
CITY 314 55.22 80.99 3925.91 3963.34
CITY 315 70.33 7.06 3154.75 3187.38
CITY 316 31.40 20.25 2093.03 2142.69
CITY 317 87.85 54.46 2489.77 2510.96
CITY 318 45.24 21.01 2050.58 2081.17
CITY 319 6.48 49.41 231.62 269.05
CITY 320 36.96 98.76 3039.28 3078.09
CITY 321 16.76 82.68 837.87 865.78
CITY 322 51.17 41.10 2094.19 2140.03
CITY 323 95.95 68.52 1589.59 1614.12
CITY 324 59.37 68.13 719.46 767.53
CITY 325 78.64 60.26 2520.55 2550.57
CITY 326 8.82 87.85 2180.73 2205.37
CITY 327 56.71 78.91 2085.70 2117.31
CITY 328 65.57 76.24 2036.85 2060.86
CITY 329 80.84 64.89 1947.96 1995.42
CITY 330 38.80 76.04 3851.31 3872.41
CITY 331 11.84 45.47 526.24 560.67
CITY 332 14.67 55.48 1545.84 1584.04
CITY 333 23.10 27.49 2817.28 2857.17
CITY 334 84.95 66.14 2422.60 2456.22
CITY 335 4.62 71.38 176.42 211.15
CITY 336 46.02 61.42 3438.66 3482.15
CITY 337 86.50 99.65 761.74 792.37
CITY 338 44.61 80.04 1763.73 1805.92
CITY 339 76.59 83.99 2624.90 2671.30
CITY 340 10.02 32.93 2520.92 2561.36
CITY 341 76.76 44.00 3609.41 3640.14
CITY 342 64.37 52.48 2464.05 2504.32
CITY 343 73.92 51.66 2835.10 2863.51
CITY 344 4.47 36.76 2030.29 2056.57
CITY 345 97.19 31.14 1230.57 1265.07
CITY 346 5.14 91.97 408.38 432.95
CITY 347 22.68 64.82 1286.94 1308.42
CITY 348 40.06 99.05 453.96 492.79
CITY 349 39.35 93.44 2128.85 2151.09
CITY 350 3.75 63.89 3502.83 3536.34
CITY 351 44.64 5.34 3519.33 3546.29
CITY 352 97.35 80.43 2502.72 2533.44
CITY 353 51.24 26.34 3893.59 3930.83
CITY 354 29.34 91.50 3946.83 3991.41
CITY 355 42.33 85.62 3803.67 3848.10
CITY 356 6.64 21.79 537.23 566.81
CITY 357 21.86 49.86 2639.68 2685.74
CITY 358 35.51 94.49 1459.81 1501.01
CITY 359 16.02 91.00 2669.41 2709.28
