NUM_CLIENTS 297
NUM_VEHICLES 29
CITY 0 0.0 0.0 0.0 2024
CITY 1 0.79 85.31 573.76 598.51
CITY 2 39.93 7.30 766.35 800.22
CITY 3 9.35 46.59 1268.26 1315.27
CITY 4 46.49 8.58 1444.53 1492.05
CITY 5 92.25 76.82 393.76 423.62
CITY 6 31.73 99.64 959.95 1001.02
CITY 7 47.62 27.84 75.57 100.24
CITY 8 47.00 64.02 632.05 652.99
CITY 9 60.11 38.03 1848.57 1879.42
CITY 10 43.01 47.34 106.75 152.79
CITY 11 95.26 68.37 532.68 571.75
CITY 12 8.36 6.93 799.61 828.56
CITY 13 71.22 87.13 1035.91 1076.00
CITY 14 25.94 83.05 182.48 229.53
CITY 15 34.20 75.32 324.79 355.27
CITY 16 41.91 47.55 1359.75 1384.57
CITY 17 69.67 35.47 1367.79 1399.46
CITY 18 0.99 78.31 1178.73 1201.07
CITY 19 66.80 61.65 639.05 688.64
CITY 20 93.90 74.28 1454.28 1483.78
CITY 21 15.05 45.87 291.14 337.07
CITY 22 11.36 97.00 802.21 837.83
CITY 23 0.37 45.06 1643.38 1667.15
CITY 24 44.93 96.95 192.36 218.92
CITY 25 97.90 42.02 1077.97 1102.96
CITY 26 37.76 34.81 1879.99 1929.14
CITY 27 57.68 1.44 1606.40 1626.89
CITY 28 89.67 50.21 1712.95 1753.93
CITY 29 64.89 45.60 810.10 840.67
CITY 30 54.25 52.32 1510.27 1533.67
CITY 31 17.58 42.84 349.19 387.04
CITY 32 54.28 38.16 1668.21 1708.87
CITY 33 43.75 28.32 1224.62 1272.38
CITY 34 85.70 99.54 1590.93 1614.04
CITY 35 64.96 61.63 811.87 846.76
CITY 36 75.17 92.72 196.81 230.13
CITY 37 58.12 3.26 572.27 604.89
CITY 38 22.29 45.46 752.25 778.12
CITY 39 46.96 12.44 1910.07 1957.50
CITY 40 41.29 82.04 1389.37 1431.60
CITY 41 0.76 37.46 442.05 470.56
CITY 42 87.96 26.45 1655.17 1699.02
CITY 43 41.47 24.16 1776.97 1809.41
CITY 44 1.55 15.34 739.08 783.58
CITY 45 82.00 59.99 661.47 710.24
CITY 46 99.28 24.18 1921.67 1947.45
CITY 47 64.44 82.85 1581.83 1619.16
CITY 48 12.89 63.63 1929.30 1954.51
CITY 49 90.42 51.73 863.43 886.42
CITY 50 80.12 50.43 1246.46 1289.99
CITY 51 84.30 62.73 513.69 550.28
CITY 52 94.87 20.38 184.11 217.23
CITY 53 62.89 59.33 54.91 96.14
CITY 54 92.06 7.88 754.87 797.14
CITY 55 13.05 45.37 1246.58 1277.33
CITY 56 23.97 89.79 586.13 622.19
CITY 57 24.53 78.00 1551.66 1594.77
CITY 58 65.93 27.50 1845.64 1884.47
CITY 59 63.84 57.94 204.15 237.92
CITY 60 59.59 10.71 557.58 604.42
CITY 61 9.28 49.42 713.40 758.55
CITY 62 39.08 49.10 43.34 65.55
CITY 63 95.92 7.63 1356.80 1388.06
CITY 64 31.36 90.83 1596.08 1621.47
CITY 65 1.01 17.87 1119.84 1158.04
CITY 66 3.15 97.59 1961.64 1996.16
CITY 67 61.40 54.65 312.66 354.91
CITY 68 92.66 19.28 58.34 79.03
CITY 69 51.17 15.23 1711.21 1734.65
CITY 70 21.70 32.75 433.81 475.64
CITY 71 93.98 26.76 950.63 999.23
CITY 72 34.86 55.15 580.99 623.35
CITY 73 49.58 51.27 789.49 815.28
CITY 74 17.30 68.71 1751.56 1779.99
CITY 75 39.28 58.36 1512.97 1542.32
CITY 76 79.41 95.38 962.98 1009.47
CITY 77 42.37 74.71 1610.57 1649.26
CITY 78 60.73 42.93 1119.54 1150.76
CITY 79 63.27 6.43 330.15 351.16
CITY 80 51.14 58.69 579.32 624.12
CITY 81 64.51 96.51 695.35 716.25
CITY 82 17.99 32.27 1561.23 1591.96
CITY 83 7.26 65.70 734.26 777.64
CITY 84 12.23 31.86 21.52 51.38
CITY 85 46.54 79.52 1774.12 1810.97
CITY 86 38.56 60.18 1040.82 1063.90
CITY 87 27.80 60.79 1743.75 1789.55
CITY 88 7.48 89.27 832.53 875.22
CITY 89 31.78 32.01 389.12 433.20
CITY 90 49.87 99.03 831.52 855.25
CITY 91 17.11 32.69 755.76 793.05
CITY 92 28.50 64.37 1689.95 1739.59
CITY 93 91.16 28.44 1661.40 1693.49
CITY 94 89.58 91.80 77.22 116.57
CITY 95 6.95 9.51 1584.16 1625.86
CITY 96 27.47 75.37 790.28 826.97
CITY 97 31.32 61.23 776.43 817.32
CITY 98 45.46 84.87 1909.16 1932.80
CITY 99 37.39 61.80 57.81 79.25
CITY 100 1.04 10.51 637.32 677.95
CITY 101 43.57 17.02 377.35 424.42
CITY 102 36.89 90.29 1953.40 2001.42
CITY 103 86.80 25.97 1549.48 1572.80
CITY 104 94.71 7.50 650.10 688.48
CITY 105 81.25 26.99 336.25 360.38
CITY 106 46.07 12.63 1701.38 1743.97
CITY 107 88.78 96.58 815.84 849.25
CITY 108 12.24 52.76 1140.74 1180.58
CITY 109 97.63 32.19 1442.73 1469.50
CITY 110 26.38 29.62 163.44 200.19
CITY 111 87.29 65.95 1451.42 1477.60
CITY 112 7.80 97.18 118.97 139.36
CITY 113 21.61 81.85 370.95 394.09
CITY 114 20.87 59.05 1041.57 1087.32
CITY 115 76.05 31.18 896.24 920.86
CITY 116 50.45 91.41 431.88 462.79
CITY 117 97.51 86.79 1013.58 1056.98
CITY 118 18.80 27.78 324.12 353.34
CITY 119 86.98 64.84 290.75 337.04
CITY 120 74.50 24.06 1764.95 1790.56
CITY 121 2.86 66.19 893.51 921.48
CITY 122 92.69 8.41 851.73 876.25
CITY 123 50.22 50.79 104.93 133.11
CITY 124 9.78 64.86 1444.97 1477.65
CITY 125 29.40 40.27 1172.65 1208.54
CITY 126 49.36 43.36 1344.61 1384.00
CITY 127 95.90 21.96 104.89 125.96
CITY 128 26.62 6.58 199.44 226.23
CITY 129 62.02 71.58 773.63 796.67
CITY 130 73.39 87.95 529.56 555.73
CITY 131 78.57 34.76 568.50 606.39
CITY 132 73.39 9.42 993.40 1034.41
CITY 133 47.68 30.53 1789.76 1816.92
CITY 134 31.51 6.95 369.82 416.81
CITY 135 14.18 1.27 936.86 966.88
CITY 136 17.75 26.38 151.95 192.33
CITY 137 85.31 59.40 1913.87 1951.37
CITY 138 48.83 24.75 215.93 260.50
CITY 139 56.73 99.04 1649.00 1684.76
CITY 140 16.73 14.66 185.38 214.52
CITY 141 73.62 45.26 1450.52 1500.22
CITY 142 25.73 48.65 719.11 739.51
CITY 143 35.26 71.02 1759.57 1802.80
CITY 144 85.70 90.22 1176.00 1199.38
CITY 145 68.58 72.82 40.92 90.27
CITY 146 85.63 65.94 279.58 314.52
CITY 147 24.44 74.10 1921.28 1952.06
CITY 148 74.44 19.38 1884.80 1923.97
CITY 149 96.55 87.71 1339.95 1386.93
CITY 150 44.93 95.83 1040.11 1068.07
CITY 151 67.91 88.80 771.89 804.40
CITY 152 99.39 30.93 81.13 116.73
CITY 153 34.33 61.24 855.65 889.30
CITY 154 96.82 79.23 569.32 618.40
CITY 155 49.89 68.55 920.51 945.02
CITY 156 96.67 62.38 1311.37 1340.48
CITY 157 28.83 79.98 30.78 52.01
CITY 158 28.30 59.31 105.00 134.18
CITY 159 43.03 66.03 1.27 28.81
CITY 160 35.02 28.33 1695.69 1735.65
CITY 161 76.89 15.50 169.77 197.89
CITY 162 99.59 19.67 1155.23 1177.66
CITY 163 21.89 47.32 700.04 744.40
CITY 164 63.70 42.26 1908.67 1931.62
CITY 165 26.13 30.20 613.39 650.31
CITY 166 67.89 32.25 1141.30 1181.80
CITY 167 19.95 13.57 1094.16 1123.19
CITY 168 8.56 56.67 1240.30 1276.68
CITY 169 37.60 87.59 862.43 886.58
CITY 170 44.19 31.33 1845.45 1886.83
CITY 171 46.84 42.77 830.08 862.39
CITY 172 2.77 55.89 1890.09 1922.72
CITY 173 75.59 61.52 596.92 624.20
CITY 174 51.22 12.73 1072.41 1109.38
CITY 175 29.33 75.53 775.11 807.20
CITY 176 0.60 80.75 1727.07 1760.88
CITY 177 5.43 5.47 1638.21 1677.71
CITY 178 33.35 9.74 573.60 608.04
CITY 179 33.13 6.09 1461.69 1501.93
CITY 180 73.94 5.30 404.80 429.12
CITY 181 74.04 49.53 441.28 481.55
CITY 182 85.23 30.09 613.70 663.37
CITY 183 0.65 48.50 1357.67 1381.11
CITY 184 0.00 60.38 238.92 261.83
CITY 185 20.43 47.37 1643.80 1677.12
CITY 186 5.57 12.18 798.60 848.08
CITY 187 82.03 84.17 1079.22 1123.87
CITY 188 68.13 85.93 1218.27 1251.24
CITY 189 63.62 18.48 1615.82 1655.54
CITY 190 17.08 74.17 1079.15 1113.43
CITY 191 29.00 66.75 1893.25 1928.04
CITY 192 66.77 39.12 1377.17 1400.39
CITY 193 41.69 42.48 55.21 88.93
CITY 194 56.42 1.10 597.65 637.00
CITY 195 89.32 61.99 84.16 131.37
CITY 196 96.28 46.79 1427.33 1455.64
CITY 197 98.18 35.77 1689.43 1724.52
CITY 198 34.88 70.62 771.09 792.98
CITY 199 65.59 35.19 1419.72 1449.90
CITY 200 71.52 78.67 549.44 592.32
CITY 201 30.29 39.39 1808.50 1847.85
CITY 202 37.65 47.18 1300.81 1338.09
CITY 203 92.74 77.54 1037.21 1061.09
CITY 204 32.41 95.52 687.14 725.66
CITY 205 40.38 4.49 1681.91 1706.68
CITY 206 9.65 10.62 1844.18 1878.47
CITY 207 75.99 98.13 1596.09 1638.07
CITY 208 23.66 89.98 343.47 390.25
CITY 209 75.58 42.01 127.07 165.42
CITY 210 11.45 84.68 143.87 186.77
CITY 211 60.65 84.07 1823.09 1852.72
CITY 212 69.87 37.76 1952.03 1989.24
CITY 213 19.97 25.25 863.65 892.24
CITY 214 20.12 16.21 1606.52 1650.78
CITY 215 19.23 58.21 1241.87 1281.93
CITY 216 20.35 81.00 1763.36 1794.14
CITY 217 40.80 54.66 142.06 167.62
CITY 218 73.00 91.10 1267.77 1302.65
CITY 219 83.24 57.04 935.15 965.71
CITY 220 61.85 55.87 272.16 294.18
CITY 221 42.75 37.61 139.89 162.24
CITY 222 78.24 29.82 232.79 259.71
CITY 223 60.15 33.09 442.22 490.44
CITY 224 92.23 25.14 1388.26 1410.30
CITY 225 87.15 96.81 147.61 184.87
CITY 226 85.32 93.18 987.09 1019.07
CITY 227 5.66 69.75 218.87 253.00
CITY 228 91.74 26.31 59.18 89.32
CITY 229 26.09 33.45 1509.59 1533.77
CITY 230 54.71 73.39 1824.32 1864.22
CITY 231 87.83 23.56 143.93 192.37
CITY 232 90.43 70.31 1511.24 1532.30
CITY 233 98.11 94.99 1180.74 1219.12
CITY 234 8.06 55.14 1868.59 1896.70
CITY 235 4.17 3.56 1002.01 1041.52
CITY 236 43.15 30.34 1677.57 1726.72
CITY 237 2.14 5.54 1527.11 1571.45
CITY 238 53.42 86.03 1346.15 1388.29
CITY 239 55.25 5.21 1511.46 1552.32
CITY 240 42.97 42.68 271.96 305.10
CITY 241 89.71 98.25 725.86 751.67
CITY 242 43.65 5.79 458.03 495.69
CITY 243 22.71 74.75 1753.57 1797.37
CITY 244 56.80 99.09 29.41 71.00
CITY 245 81.26 7.66 250.14 275.55
CITY 246 4.37 34.97 1293.38 1320.71
CITY 247 29.24 60.61 944.96 968.63
CITY 248 7.68 25.02 1073.16 1108.01
CITY 249 73.52 35.70 1806.41 1833.02
CITY 250 71.31 94.14 1540.13 1568.91
CITY 251 65.36 52.68 528.11 569.05
CITY 252 50.34 5.40 1777.44 1818.60
CITY 253 62.19 27.98 401.82 425.93
CITY 254 97.59 23.05 1464.53 1490.85
CITY 255 37.24 81.64 280.23 329.57
CITY 256 69.83 64.99 895.73 919.16
CITY 257 49.89 3.38 548.71 580.23
CITY 258 82.72 8.45 550.93 589.22
CITY 259 49.54 86.28 759.33 780.66
CITY 260 20.57 18.44 850.96 872.53
CITY 261 30.51 54.15 686.57 707.35
CITY 262 60.87 89.32 1821.41 1868.63
CITY 263 81.02 59.10 1494.82 1525.04
CITY 264 82.92 43.41 843.98 885.86
CITY 265 73.54 5.71 215.58 247.22
CITY 266 72.13 67.80 1694.71 1742.85
CITY 267 46.35 57.26 1121.83 1157.40
CITY 268 16.25 38.13 1471.88 1519.62
CITY 269 13.19 1.52 1578.39 1626.92
CITY 270 8.55 24.99 1071.50 1101.62
CITY 271 39.46 61.55 713.99 753.76
CITY 272 78.24 81.03 1200.19 1223.92
CITY 273 56.84 32.10 522.16 547.52
CITY 274 46.27 43.99 920.75 969.73
CITY 275 48.02 84.43 430.02 451.78
CITY 276 93.88 27.64 1204.79 1234.21
CITY 277 6.40 17.98 1512.04 1540.32
CITY 278 86.91 12.72 1244.29 1268.69
CITY 279 61.79 4.96 225.92 247.07
CITY 280 68.44 86.06 1144.70 1165.96
CITY 281 71.74 6.08 1410.52 1438.29
CITY 282 25.74 67.84 1692.69 1723.29
CITY 283 71.83 60.06 690.37 712.69
CITY 284 44.38 51.10 467.80 497.57
CITY 285 37.14 82.27 821.12 860.38
CITY 286 87.59 14.31 644.59 688.24
CITY 287 33.50 40.81 1287.00 1321.13
CITY 288 97.35 62.19 316.46 337.80
CITY 289 93.03 91.19 50.41 88.68
CITY 290 80.80 51.08 1541.44 1576.69
CITY 291 58.15 34.41 424.15 469.07
CITY 292 3.26 72.63 752.27 802.21
CITY 293 7.84 7.73 1846.71 1873.45
CITY 294 50.35 57.44 1082.21 1114.75
CITY 295 73.30 84.76 1041.79 1063.33
CITY 296 47.23 52.44 870.57 898.64
CITY 297 83.60 29.31 481.71 509.01
