NUM_CLIENTS 403
NUM_VEHICLES 40
CITY 0 0.0 0.0 0.0 2225
CITY 1 97.75 23.09 684.73 733.90
CITY 2 69.31 44.50 2082.80 2115.10
CITY 3 7.97 56.05 166.27 197.13
CITY 4 48.42 23.03 1710.21 1737.10
CITY 5 82.78 98.67 2013.43 2040.78
CITY 6 90.93 67.41 1448.34 1486.50
CITY 7 79.59 34.16 256.57 288.83
CITY 8 50.50 14.84 1074.89 1121.33
CITY 9 19.81 17.99 987.60 1012.60
CITY 10 41.86 76.55 1547.26 1581.35
CITY 11 10.10 86.95 1813.64 1834.36
CITY 12 16.69 7.30 1119.90 1155.78
CITY 13 38.81 42.24 277.21 318.12
CITY 14 24.14 29.34 732.56 777.30
CITY 15 33.66 60.88 234.40 276.07
CITY 16 7.38 92.07 2066.07 2113.39
CITY 17 63.08 74.07 947.63 990.36
CITY 18 70.01 73.34 1574.06 1611.75
CITY 19 82.01 50.94 331.16 351.39
CITY 20 59.30 67.39 986.42 1016.03
CITY 21 17.67 72.25 607.48 650.67
CITY 22 23.23 49.33 105.03 140.56
CITY 23 52.52 50.82 2018.49 2047.05
CITY 24 38.41 75.73 2073.89 2095.15
CITY 25 94.51 88.24 1589.89 1622.81
CITY 26 27.83 87.96 683.75 714.17
CITY 27 16.56 28.78 1058.43 1085.14
CITY 28 16.93 93.92 564.26 602.44
CITY 29 10.61 23.17 606.02 628.90
CITY 30 55.22 50.87 367.25 405.21
CITY 31 3.97 89.06 1169.97 1195.82
CITY 32 48.84 82.24 803.75 832.21
CITY 33 94.79 42.65 967.49 991.28
CITY 34 45.38 91.80 1557.85 1605.42
CITY 35 11.99 88.89 1072.83 1095.44
CITY 36 13.68 27.85 1454.46 1503.51
CITY 37 80.36 74.43 483.81 506.04
CITY 38 15.67 33.53 986.28 1028.35
CITY 39 67.21 7.41 1496.26 1543.03
CITY 40 3.84 10.04 1533.60 1569.24
CITY 41 19.04 55.82 1821.86 1860.64
CITY 42 94.92 62.73 534.86 572.45
CITY 43 87.21 22.02 425.60 459.70
CITY 44 48.45 18.71 1080.38 1104.33
CITY 45 63.48 8.87 1122.97 1164.66
CITY 46 21.42 43.43 1067.25 1105.59
CITY 47 71.00 3.88 1496.36 1534.76
CITY 48 63.10 23.47 758.43 794.34
CITY 49 95.43 87.79 1828.50 1874.76
CITY 50 66.80 49.02 1370.31 1408.25
CITY 51 54.34 29.54 476.17 525.06
CITY 52 89.68 76.39 912.62 946.03
CITY 53 24.74 42.49 383.22 431.91
CITY 54 66.06 34.76 865.84 889.69
CITY 55 88.22 84.01 1879.22 1917.25
CITY 56 68.72 2.90 582.73 609.19
CITY 57 85.10 40.90 1222.91 1252.61
CITY 58 67.50 41.12 1759.64 1792.40
CITY 59 26.07 5.46 1055.97 1082.54
CITY 60 63.63 4.56 973.61 1000.25
CITY 61 87.56 53.60 1695.53 1718.84
CITY 62 96.83 61.08 281.04 317.24
CITY 63 95.03 2.11 824.73 868.15
CITY 64 33.33 35.27 1666.08 1687.98
CITY 65 4.92 21.05 1164.65 1214.21
CITY 66 83.81 39.55 1561.26 1589.97
CITY 67 16.14 37.39 899.13 935.72
CITY 68 24.87 1.36 1838.92 1881.58
CITY 69 52.66 50.15 1721.17 1742.44
CITY 70 28.31 2.42 1373.63 1414.28
CITY 71 3.38 74.99 1768.27 1799.60
CITY 72 40.08 81.83 1906.65 1952.51
CITY 73 7.65 50.45 1530.09 1572.07
CITY 74 2.02 74.27 1178.19 1225.76
CITY 75 9.56 58.82 850.69 895.64
CITY 76 85.93 78.48 924.71 967.01
CITY 77 30.22 45.89 216.80 265.88
CITY 78 57.62 37.66 934.24 960.91
CITY 79 40.63 27.86 618.62 659.71
CITY 80 50.66 38.24 2160.11 2201.94
CITY 81 95.15 76.27 1554.21 1587.78
CITY 82 57.79 2.49 1677.37 1710.79
CITY 83 47.68 10.89 675.58 699.89
CITY 84 62.99 8.36 1219.93 1246.16
CITY 85 94.21 59.34 182.46 214.55
CITY 86 83.81 52.34 1826.24 1869.06
CITY 87 5.89 49.34 895.79 938.01
CITY 88 83.43 3.65 1498.57 1536.53
CITY 89 87.14 26.81 455.06 491.93
CITY 90 48.87 49.98 2086.86 2113.93
CITY 91 46.14 48.30 1206.71 1248.90
CITY 92 73.31 92.12 925.90 948.23
CITY 93 12.73 1.36 1130.87 1154.51
CITY 94 19.74 86.97 247.22 293.79
CITY 95 49.52 62.62 1140.98 1165.18
CITY 96 87.42 41.81 20.14 43.66
CITY 97 99.57 71.99 1914.49 1942.63
CITY 98 32.24 88.95 1226.29 1251.27
CITY 99 29.02 68.50 1746.12 1794.68
CITY 100 37.13 60.45 1026.84 1053.16
CITY 101 33.02 74.68 2166.71 2214.54
CITY 102 16.42 71.51 1030.67 1060.20
CITY 103 17.92 47.05 2160.45 2180.62
CITY 104 70.15 19.93 204.12 237.88
CITY 105 9.47 62.50 1292.94 1314.94
CITY 106 63.63 88.33 750.28 770.71
CITY 107 19.26 28.42 1982.54 2015.32
CITY 108 72.93 36.73 1668.20 1716.23
CITY 109 56.11 64.16 440.63 478.41
CITY 110 10.30 21.64 387.86 424.77
CITY 111 12.67 52.23 1402.51 1433.99
CITY 112 57.57 85.34 1315.39 1364.39
CITY 113 73.73 61.59 1977.57 2003.85
CITY 114 0.27 23.18 470.76 518.65
CITY 115 61.49 14.33 1034.13 1054.14
CITY 116 7.78 96.98 297.92 342.14
CITY 117 42.54 47.17 658.06 700.86
CITY 118 24.08 39.32 1683.28 1724.46
CITY 119 35.50 83.86 689.41 711.76
CITY 120 60.54 21.39 361.30 400.32
CITY 121 27.77 14.29 951.00 984.25
CITY 122 69.51 25.05 261.52 308.51
CITY 123 65.21 17.80 1883.85 1929.51
CITY 124 77.07 34.60 922.37 960.88
CITY 125 87.63 92.06 415.39 446.62
CITY 126 93.32 99.54 425.94 456.77
CITY 127 19.49 58.62 714.38 761.71
CITY 128 91.58 50.28 28.26 56.45
CITY 129 64.72 64.17 866.29 916.16
CITY 130 70.43 27.42 124.47 161.63
CITY 131 3.04 71.80 1024.01 1062.24
CITY 132 45.45 17.38 1631.11 1670.54
CITY 133 54.56 10.39 803.74 842.12
CITY 134 71.33 70.56 384.77 430.30
CITY 135 8.28 83.41 259.75 293.05
CITY 136 71.06 31.42 1865.91 1894.24
CITY 137 85.26 65.51 1603.96 1633.94
CITY 138 67.20 89.97 1952.58 1977.65
CITY 139 98.63 72.21 796.61 817.03
CITY 140 66.45 41.64 1452.30 1474.14
CITY 141 19.29 76.13 320.84 348.84
CITY 142 17.26 4.45 1323.55 1364.21
CITY 143 40.93 63.53 1831.62 1879.85
CITY 144 31.12 56.06 256.03 290.02
CITY 145 83.61 8.61 2023.34 2045.99
CITY 146 91.80 18.25 187.96 217.48
CITY 147 62.66 2.01 368.31 388.62
CITY 148 63.79 46.03 1907.91 1956.20
CITY 149 30.78 68.09 2050.28 2096.22
CITY 150 74.74 73.81 675.31 706.69
CITY 151 28.71 27.90 1228.96 1261.38
CITY 152 83.53 27.28 433.31 482.69
CITY 153 25.94 43.96 201.00 231.65
CITY 154 36.36 77.24 1137.62 1182.50
CITY 155 68.70 17.05 2065.52 2103.08
CITY 156 15.57 56.87 2161.42 2194.43
CITY 157 64.60 68.20 627.90 658.16
CITY 158 96.85 55.16 1616.31 1644.38
CITY 159 51.33 21.07 474.70 502.53
CITY 160 92.19 51.70 1372.67 1406.93
CITY 161 46.72 32.30 1226.20 1265.95
CITY 162 90.13 32.24 227.53 258.30
CITY 163 90.10 15.88 1034.20 1064.30
CITY 164 90.30 18.71 778.66 803.54
CITY 165 54.68 75.20 954.84 993.34
CITY 166 59.36 69.45 1589.83 1624.03
CITY 167 24.36 72.34 1307.05 1341.53
CITY 168 40.12 4.01 2020.55 2047.58
CITY 169 93.48 92.69 234.59 267.36
CITY 170 26.94 57.75 1289.94 1314.86
CITY 171 16.64 30.06 1298.15 1339.08
CITY 172 52.41 95.15 1235.37 1259.56
CITY 173 66.34 78.86 117.02 139.73
CITY 174 79.29 14.15 752.77 784.65
CITY 175 46.06 65.86 435.88 461.05
CITY 176 30.75 18.46 1865.63 1898.73
CITY 177 72.41 15.41 1207.88 1251.15
CITY 178 0.49 15.93 217.31 253.81
CITY 179 39.40 21.25 1027.27 1058.55
CITY 180 46.35 24.27 1994.37 2025.99
CITY 181 31.84 93.53 869.75 899.56
CITY 182 28.32 67.47 1898.09 1936.00
CITY 183 53.41 34.69 1456.98 1506.09
CITY 184 2.69 88.56 387.50 414.55
CITY 185 36.23 50.15 3.46 41.44
CITY 186 39.82 7.73 500.41 535.41
CITY 187 4.42 30.19 201.95 233.47
CITY 188 17.99 15.07 676.63 716.88
CITY 189 48.07 26.10 2077.16 2102.55
CITY 190 39.82 51.73 231.49 275.67
CITY 191 34.63 73.27 1426.51 1458.65
CITY 192 80.69 16.09 280.01 315.22
CITY 193 68.63 1.16 1422.05 1462.16
CITY 194 42.25 5.45 924.33 966.60
CITY 195 11.60 80.71 1975.36 2010.42
CITY 196 78.10 71.20 1836.07 1885.22
CITY 197 11.17 17.88 922.34 965.13
CITY 198 87.03 8.00 15.13 63.58
CITY 199 70.76 25.78 1119.90 1158.34
CITY 200 87.22 43.49 1010.86 1032.06
CITY 201 86.79 46.03 108.91 146.89
CITY 202 36.93 42.57 1468.12 1511.12
CITY 203 2.35 26.72 637.80 670.31
CITY 204 44.68 29.77 77.46 100.81
CITY 205 73.19 53.13 861.77 887.02
CITY 206 53.50 12.61 314.60 349.40
CITY 207 89.27 34.54 996.22 1034.73
CITY 208 91.88 90.36 2027.68 2072.29
CITY 209 56.91 4.06 710.33 731.48
CITY 210 60.94 72.38 1767.14 1790.17
CITY 211 51.26 72.54 734.66 773.76
CITY 212 30.20 40.07 400.05 442.45
CITY 213 72.16 74.27 172.44 219.81
CITY 214 96.52 79.36 1241.70 1291.54
CITY 215 61.56 53.92 1726.35 1767.18
CITY 216 4.88 57.33 468.08 516.14
CITY 217 27.48 68.89 403.93 438.97
CITY 218 4.57 39.87 394.24 422.79
CITY 219 0.51 20.71 1700.96 1740.68
CITY 220 27.48 46.24 1718.81 1757.86
CITY 221 9.71 22.48 1542.09 1568.73
CITY 222 61.14 72.82 1325.26 1359.08
CITY 223 42.08 59.52 1177.67 1211.94
CITY 224 55.77 34.30 695.22 739.90
CITY 225 15.18 85.44 1085.27 1121.24
CITY 226 17.00 39.01 876.39 916.21
CITY 227 57.13 7.86 1058.22 1107.77
CITY 228 8.31 74.80 1151.86 1180.98
CITY 229 75.09 45.15 1016.55 1041.23
CITY 230 58.49 62.43 1228.64 1261.10
CITY 231 76.49 75.14 617.46 659.78
CITY 232 98.97 37.53 1169.26 1200.62
CITY 233 94.88 12.35 860.76 887.09
CITY 234 11.06 28.93 1881.14 1924.15
CITY 235 98.44 97.89 1196.40 1226.96
CITY 236 21.78 90.05 606.56 649.68
CITY 237 63.03 66.42 1493.89 1532.88
CITY 238 63.62 50.23 1158.21 1184.96
CITY 239 40.40 75.68 622.67 670.40
CITY 240 15.70 87.33 870.12 890.22
CITY 241 82.99 76.29 1427.21 1467.72
CITY 242 9.83 58.02 909.37 941.92
CITY 243 18.89 2.90 487.62 525.91
CITY 244 50.34 8.05 1241.02 1273.28
CITY 245 2.28 60.98 362.05 400.81
CITY 246 68.44 95.18 49.41 87.46
CITY 247 78.99 38.93 1112.15 1137.95
CITY 248 91.32 45.78 1572.66 1599.84
CITY 249 47.22 71.28 434.53 458.51
CITY 250 6.48 3.09 1256.28 1290.06
CITY 251 68.37 44.37 526.10 551.40
CITY 252 46.14 64.14 1748.02 1793.16
CITY 253 87.21 90.89 532.58 574.24
CITY 254 6.98 74.86 1483.40 1515.59
CITY 255 51.98 47.02 838.06 881.55
CITY 256 95.76 88.34 1168.72 1210.19
CITY 257 60.70 98.92 1554.61 1587.77
CITY 258 82.78 5.98 1765.37 1810.21
CITY 259 72.52 3.99 868.76 916.58
CITY 260 62.93 44.00 1712.65 1735.75
CITY 261 84.71 75.79 1261.09 1304.84
CITY 262 72.20 36.65 1427.97 1452.23
CITY 263 24.31 48.26 575.30 605.21
CITY 264 69.37 45.82 1542.26 1584.83
CITY 265 75.70 34.24 1499.00 1528.92
CITY 266 45.04 25.79 598.78 619.85
CITY 267 14.00 52.18 56.42 102.83
CITY 268 56.35 71.38 666.99 708.47
CITY 269 56.76 30.47 1550.95 1591.14
CITY 270 15.44 80.52 279.60 317.83
CITY 271 85.91 25.73 495.72 541.25
CITY 272 58.32 14.84 26.25 57.17
CITY 273 50.86 87.02 1124.08 1158.39
CITY 274 90.00 97.24 1400.38 1437.99
CITY 275 50.11 52.33 822.10 869.89
CITY 276 64.84 87.08 1048.46 1082.98
CITY 277 37.99 66.87 140.84 167.58
CITY 278 20.64 15.01 1323.79 1365.66
CITY 279 11.96 19.69 1084.87 1121.95
CITY 280 63.86 1.22 1623.11 1667.67
CITY 281 78.77 89.81 1612.50 1643.40
CITY 282 3.28 62.64 2070.66 2105.88
CITY 283 27.15 96.17 1841.37 1877.50
CITY 284 7.94 79.79 971.43 1007.11
CITY 285 24.47 79.73 397.34 445.43
CITY 286 85.75 22.83 1560.30 1585.63
CITY 287 97.94 26.58 603.51 645.80
CITY 288 73.33 91.75 1970.86 1994.83
CITY 289 30.28 20.77 530.57 573.42
CITY 290 47.73 9.83 1917.57 1939.10
CITY 291 79.00 7.31 1040.30 1073.56
CITY 292 47.60 9.99 1281.89 1319.84
CITY 293 30.00 0.96 934.72 981.87
CITY 294 72.00 44.26 1397.71 1435.38
CITY 295 63.49 75.55 2158.12 2185.67
CITY 296 40.72 27.07 1372.70 1402.56
CITY 297 48.33 28.38 1403.48 1431.41
CITY 298 53.22 34.11 1474.31 1509.40
CITY 299 62.59 11.15 1645.63 1671.10
CITY 300 0.65 89.34 1108.27 1143.14
CITY 301 17.88 76.04 1463.72 1486.56
CITY 302 86.20 34.24 1494.14 1538.81
CITY 303 19.36 10.87 504.17 533.39
CITY 304 30.54 76.64 1026.33 1066.87
CITY 305 92.76 21.03 1461.35 1491.07
CITY 306 19.19 39.62 373.62 398.35
CITY 307 66.26 32.57 1123.31 1157.53
CITY 308 59.52 41.69 1580.07 1606.93
CITY 309 26.29 93.43 1814.90 1846.03
CITY 310 30.62 72.67 1803.58 1833.04
CITY 311 30.80 56.33 1658.86 1679.03
CITY 312 94.00 5.53 889.11 928.49
CITY 313 13.99 45.69 596.40 640.96
CITY 314 20.22 66.21 556.65 601.62
CITY 315 2.37 42.75 831.73 868.48
CITY 316 73.90 79.75 1343.18 1376.39
CITY 317 27.40 7.44 348.91 390.59
CITY 318 94.15 59.29 2070.70 2119.10
CITY 319 78.12 39.01 2087.42 2128.61
CITY 320 24.98 98.69 1274.80 1296.58
CITY 321 5.61 34.27 1169.92 1203.07
CITY 322 28.42 47.18 1915.85 1938.07
CITY 323 97.72 73.24 1792.88 1839.09
CITY 324 58.98 57.41 1221.99 1255.14
CITY 325 32.78 54.66 1437.00 1473.70
CITY 326 81.73 68.96 305.52 348.61
CITY 327 87.07 69.93 1607.45 1656.17
CITY 328 36.12 77.27 1625.32 1651.76
CITY 329 32.13 22.77 787.79 813.76
CITY 330 97.14 25.90 1312.87 1360.85
CITY 331 14.03 64.22 929.44 973.63
CITY 332 79.81 83.17 131.12 180.81
CITY 333 37.35 56.57 2165.55 2214.34
CITY 334 87.31 32.71 1171.91 1200.39
CITY 335 33.38 6.71 164.33 187.09
CITY 336 55.83 11.23 344.14 379.54
CITY 337 85.15 57.39 1018.87 1058.38
CITY 338 19.09 7.31 1487.60 1532.13
CITY 339 46.57 88.94 2162.71 2187.28
CITY 340 33.04 18.17 1251.11 1284.73
CITY 341 78.11 73.95 2063.00 2109.68
CITY 342 40.15 29.38 1356.53 1388.22
CITY 343 0.85 32.24 327.33 372.99
CITY 344 58.44 76.78 1157.89 1197.50
CITY 345 20.03 82.15 2012.65 2059.45
CITY 346 71.49 57.69 410.74 435.19
CITY 347 30.85 10.09 1160.19 1208.53
CITY 348 3.95 12.73 758.03 780.11
CITY 349 87.06 92.85 1431.51 1457.56
CITY 350 16.33 99.10 506.73 554.33
CITY 351 77.23 2.73 1908.86 1957.19
CITY 352 12.31 94.80 55.30 101.32
CITY 353 85.42 20.86 107.04 140.20
CITY 354 19.86 77.10 1283.72 1307.46
CITY 355 96.92 50.67 1257.81 1293.31
CITY 356 16.29 20.96 2046.01 2088.23
CITY 357 35.84 99.54 902.90 929.21
CITY 358 9.08 50.69 1039.60 1074.87
CITY 359 94.49 1.61 826.56 859.16
CITY 360 96.16 10.01 783.85 813.15
CITY 361 6.53 94.59 1418.10 1444.98
CITY 362 70.12 65.04 1762.12 1808.40
CITY 363 1.59 96.42 1586.94 1633.86
CITY 364 4.54 84.74 385.75 406.03
CITY 365 51.86 14.02 1021.84 1043.01
CITY 366 59.62 20.98 1609.17 1637.96
CITY 367 61.76 82.33 911.85 937.08
CITY 368 51.86 15.14 1760.48 1800.54
CITY 369 36.51 92.50 1710.76 1731.66
CITY 370 20.41 40.37 811.68 856.92
CITY 371 62.19 2.85 56.18 77.04
CITY 372 47.05 73.50 313.94 346.17
CITY 373 53.95 76.25 1571.49 1596.58
CITY 374 10.01 34.87 484.37 516.97
CITY 375 6.63 96.87 1010.14 1042.59
CITY 376 89.81 44.04 1863.79 1908.07
CITY 377 0.07 47.62 1956.52 1984.22
CITY 378 32.29 54.00 2081.27 2121.32
CITY 379 9.64 49.28 1807.62 1844.76
CITY 380 12.58 51.47 1751.85 1776.13
CITY 381 65.92 74.32 1560.06 1588.53
CITY 382 61.50 24.98 545.21 587.11
CITY 383 30.11 71.05 1005.17 1042.90
CITY 384 51.69 98.76 580.13 627.11
CITY 385 32.79 37.48 315.86 357.95
CITY 386 85.07 74.79 1739.50 1778.46
CITY 387 79.42 97.95 31.15 70.19
CITY 388 83.54 23.78 862.96 883.31
CITY 389 48.08 85.77 408.35 454.44
CITY 390 97.08 40.57 2159.12 2192.72
CITY 391 26.28 43.99 1620.29 1659.95
CITY 392 51.45 33.74 2167.79 2193.38
CITY 393 34.10 87.20 1679.12 1712.81
CITY 394 9.65 85.62 1660.11 1688.00
CITY 395 78.20 42.65 55.28 91.57
CITY 396 9.46 97.51 1805.42 1829.03
CITY 397 71.27 12.63 756.08 789.66
CITY 398 55.33 93.95 2101.69 2150.84
CITY 399 18.26 82.00 1926.23 1961.56
CITY 400 14.17 68.06 1687.61 1713.57
CITY 401 74.46 52.56 1696.36 1733.25
CITY 402 53.06 4.70 1159.61 1195.80
CITY 403 69.37 99.72 362.69 387.45
