NUM_CLIENTS 50
NUM_VEHICLES 30
CITY 0 0.0 0.0 0.0 1246
CITY 1 59.31 33.55 153.20 177.44
CITY 2 41.52 69.63 666.34 699.50
CITY 3 92.57 4.07 128.56 173.98
CITY 4 61.24 77.77 28.54 63.15
CITY 5 0.63 17.94 115.72 155.27
CITY 6 88.69 41.62 967.59 1010.77
CITY 7 69.24 20.62 768.83 804.53
CITY 8 41.20 93.81 734.10 755.23
CITY 9 18.00 49.99 1137.05 1175.87
CITY 10 78.26 34.79 15.42 42.49
CITY 11 11.75 53.02 123.48 154.34
CITY 12 76.11 53.97 270.06 313.17
CITY 13 65.93 27.64 239.75 283.65
CITY 14 68.52 96.86 572.65 597.94
CITY 15 67.01 4.31 774.80 803.36
CITY 16 43.47 33.43 964.91 1007.66
CITY 17 4.33 74.04 1106.89 1132.16
CITY 18 78.55 48.51 147.65 194.51
CITY 19 72.14 59.27 396.60 422.57
CITY 20 67.69 32.57 933.86 963.65
CITY 21 9.81 73.77 1041.69 1072.95
CITY 22 22.07 47.10 584.51 631.22
CITY 23 14.49 92.79 549.62 581.24
CITY 24 13.64 71.98 759.58 808.84
CITY 25 20.22 12.72 830.96 852.75
CITY 26 13.65 85.17 553.87 579.01
CITY 27 34.36 88.64 725.91 769.60
CITY 28 63.80 61.15 211.54 260.65
CITY 29 85.50 8.65 1026.37 1061.05
CITY 30 99.57 59.16 1002.67 1031.04
CITY 31 73.00 73.62 302.53 332.35
CITY 32 57.95 89.18 711.84 736.31
CITY 33 57.37 0.51 1172.50 1193.70
CITY 34 47.07 76.86 49.87 85.81
CITY 35 47.93 79.80 984.05 1017.62
CITY 36 24.05 55.85 24.73 66.69
CITY 37 94.99 13.27 360.81 400.24
CITY 38 9.07 47.98 371.54 412.64
CITY 39 85.79 74.73 38.95 72.60
CITY 40 77.18 87.42 490.76 534.45
CITY 41 37.04 46.43 761.22 807.03
CITY 42 7.07 89.34 404.83 425.81
CITY 43 42.59 26.98 1132.07 1168.34
CITY 44 79.45 78.77 106.02 152.44
CITY 45 73.58 5.48 1131.15 1171.39
CITY 46 88.80 11.10 443.59 482.16
CITY 47 36.56 17.53 672.73 694.74
CITY 48 70.93 20.47 1173.76 1200.92
CITY 49 11.36 47.85 1123.83 1161.23
CITY 50 95.91 20.98 893.59 920.35
CITY 51 35.27 26.74 816.75 845.06
CITY 52 6.34 34.52 586.67 622.47
CITY 53 12.27 70.98 814.47 850.46
CITY 54 29.23 62.10 958.69 1007.05
CITY 55 80.88 94.09 87.83 134.59
CITY 56 45.79 8.02 1074.96 1103.61
CITY 57 95.66 10.94 337.27 378.18
CITY 58 49.63 87.50 627.54 666.35
CITY 59 29.32 96.96 652.14 676.10
CITY 60 34.67 44.39 774.60 803.34
CITY 61 6.29 87.18 285.54 333.96
CITY 62 64.47 41.17 416.55 455.93
CITY 63 32.63 59.34 836.48 881.74
CITY 64 44.53 30.41 166.50 210.18
CITY 65 17.17 26.00 584.31 633.43
CITY 66 76.97 4.73 428.80 462.48
CITY 67 16.64 92.41 854.21 882.77
CITY 68 97.32 83.93 831.73 871.72
CITY 69 15.35 23.79 58.81 88.30
CITY 70 12.65 26.04 228.81 265.69
CITY 71 3.47 31.69 417.80 448.99
CITY 72 53.99 16.26 367.65 415.26
CITY 73 40.46 49.94 182.43 216.17
CITY 74 32.02 0.43 885.86 935.12
CITY 75 33.13 70.55 572.06 600.75
CITY 76 94.40 98.07 690.44 714.85
CITY 77 56.52 90.69 534.34 575.01
CITY 78 73.16 90.02 175.36 211.88
CITY 79 30.81 40.16 1007.28 1040.66
CITY 80 9.25 5.50 770.60 808.10
CITY 81 22.21 93.57 339.62 360.30
CITY 82 53.84 44.55 806.47 829.09
CITY 83 51.18 19.45 386.86 425.01
CITY 84 94.34 90.84 438.22 462.66
CITY 85 85.38 36.96 452.18 480.72
CITY 86 35.14 97.75 1046.92 1069.55
CITY 87 72.79 44.42 1187.22 1231.33
CITY 88 28.86 80.57 1160.85 1193.56
CITY 89 89.64 13.96 706.40 728.98
CITY 90 20.78 47.46 1038.89 1088.48
CITY 91 6.61 96.01 906.75 929.40
CITY 92 40.95 91.44 501.61 538.29
CITY 93 71.02 75.52 172.40 197.98
CITY 94 38.18 55.39 60.09 104.88
CITY 95 83.46 30.39 673.31 707.21
CITY 96 2.68 0.24 321.53 370.22
CITY 97 83.42 47.25 785.42 832.20
CITY 98 41.72 49.19 825.78 853.12
CITY 99 11.94 27.72 1189.28 1211.28
CITY 100 74.56 58.11 680.77 726.82
CITY 101 62.80 47.60 833.37 856.96
CITY 102 51.25 57.53 1012.50 1037.39
CITY 103 5.85 31.97 1051.68 1075.75
CITY 104 16.33 27.27 507.54 554.91
CITY 105 35.60 28.99 638.12 686.21
CITY 106 51.39 76.64 227.33 250.17
CITY 107 75.26 54.37 1044.72 1089.52
CITY 108 68.50 30.11 822.94 863.59
CITY 109 9.58 58.00 986.45 1006.84
CITY 110 51.82 37.30 585.09 615.30
CITY 111 91.08 10.24 193.30 219.94
CITY 112 18.84 89.71 737.53 782.47
CITY 113 52.57 53.21 663.62 706.31
CITY 114 11.40 46.05 100.61 145.18
CITY 115 92.34 47.95 379.53 410.40
CITY 116 81.70 88.97 718.81 761.72
CITY 117 34.20 70.99 44.11 88.55
CITY 118 22.24 85.68 178.84 205.64
CITY 119 12.53 13.02 103.23 143.95
CITY 120 78.40 7.77 928.79 971.51
CITY 121 4.25 10.78 950.56 985.97
CITY 122 5.93 11.89 310.07 332.06
CITY 123 66.76 75.46 937.89 985.49
CITY 124 20.54 90.12 229.15 259.70
CITY 125 9.08 84.59 1127.03 1175.49
CITY 126 34.78 16.06 603.75 645.61
CITY 127 24.18 57.02 127.54 164.88
CITY 128 1.40 21.70 237.18 265.63
CITY 129 90.17 53.71 1164.67 1187.63
CITY 130 21.40 50.42 849.40 880.39
CITY 131 58.94 43.97 1145.89 1171.31
CITY 132 35.48 37.96 264.13 290.96
CITY 133 11.28 98.46 156.61 179.92
CITY 134 13.59 76.23 845.81 882.52
CITY 135 4.06 32.81 147.25 175.76
CITY 136 60.04 31.20 1167.75 1201.07
CITY 137 55.39 29.06 1024.46 1050.13
CITY 138 6.96 84.11 574.15 614.53
CITY 139 17.93 99.87 593.09 616.25
CITY 140 43.81 65.85 110.82 135.12
CITY 141 40.06 59.06 130.64 178.40
CITY 142 97.79 6.47 1166.60 1196.76
CITY 143 59.50 99.07 155.60 200.74
CITY 144 72.52 27.85 856.20 893.66
CITY 145 27.30 78.95 773.58 805.59
CITY 146 47.58 60.32 489.67 524.21
CITY 147 27.89 76.80 138.13 165.65
CITY 148 49.73 62.84 169.65 192.63
CITY 149 5.29 6.82 814.24 863.40
CITY 150 38.26 67.92 191.15 229.80
CITY 151 9.63 7.65 901.41 944.44
CITY 152 79.27 20.19 795.24 829.95
CITY 153 26.17 34.36 1029.57 1065.97
CITY 154 95.26 3.16 520.46 567.91
CITY 155 38.36 31.46 456.34 490.12
CITY 156 3.29 55.67 1030.39 1059.48
CITY 157 70.61 49.15 169.50 210.97
CITY 158 48.75 10.94 810.58 850.38
CITY 159 68.54 57.22 574.43 620.06
CITY 160 50.67 39.14 596.70 645.83
CITY 161 61.69 35.28 1169.65 1199.27
CITY 162 2.81 4.51 1002.60 1033.07
CITY 163 74.21 2.69 1067.13 1097.37
CITY 164 9.74 34.51 433.84 464.37
CITY 165 66.12 24.76 778.63 816.40
CITY 166 91.04 6.55 371.63 401.75
CITY 167 1.97 32.61 556.64 602.54
CITY 168 56.80 90.14 326.21 367.09
CITY 169 58.80 98.58 458.00 489.71
CITY 170 57.25 80.83 128.67 168.92
CITY 171 33.60 50.28 917.18 947.36
CITY 172 61.48 36.33 527.09 561.99
CITY 173 84.73 78.71 1006.69 1042.77
CITY 174 28.74 4.75 1191.53 1223.59
CITY 175 22.59 74.29 119.06 164.39
CITY 176 9.47 33.68 89.78 133.82
CITY 177 47.53 20.97 953.64 993.19
CITY 178 30.18 80.41 523.43 559.63
CITY 179 20.01 40.23 751.21 784.80
CITY 180 76.34 18.06 32.06 73.16
CITY 181 86.27 57.68 262.56 311.43
CITY 182 74.22 46.73 1121.48 1157.46
CITY 183 61.44 76.91 524.40 561.38
CITY 184 62.68 52.23 442.03 466.46
CITY 185 15.05 68.53 366.13 399.19
CITY 186 31.87 83.02 86.41 112.52
CITY 187 41.24 82.37 776.21 803.90
CITY 188 60.12 40.59 144.68 170.44
CITY 189 24.56 82.72 560.49 597.29
CITY 190 43.61 64.69 53.89 78.67
CITY 191 13.64 25.84 963.00 1002.76
CITY 192 17.60 85.25 1153.05 1187.63
CITY 193 1.99 85.96 109.54 147.59
CITY 194 86.72 90.06 492.71 523.61
CITY 195 65.74 9.03 1128.59 1170.32
CITY 196 14.06 11.19 881.09 929.08
CITY 197 52.20 82.90 1136.31 1184.26
CITY 198 25.18 88.46 292.36 316.03
CITY 199 80.67 32.93 703.01 734.71
CITY 200 74.84 23.59 511.52 535.85
CITY 201 17.52 96.99 531.22 558.85
CITY 202 58.95 49.04 454.40 502.86
CITY 203 31.65 42.38 819.73 868.63
CITY 204 87.94 93.70 440.52 481.99
CITY 205 82.14 2.11 1156.63 1194.81
CITY 206 84.15 66.22 1125.85 1166.57
CITY 207 78.88 23.97 665.54 694.81
CITY 208 95.85 36.29 973.33 996.99
CITY 209 86.70 85.76 470.73 518.02
CITY 210 39.30 97.80 313.06 335.77
CITY 211 82.27 23.55 259.52 306.23
CITY 212 91.59 63.14 1053.05 1096.05
CITY 213 40.63 3.39 1037.60 1082.30
CITY 214 94.05 47.11 499.77 545.01
CITY 215 71.74 87.68 982.81 1027.54
CITY 216 69.85 50.63 427.30 465.37
CITY 217 81.34 73.78 547.57 568.39
CITY 218 5.21 64.16 757.37 801.10
CITY 219 13.61 40.07 755.16 784.57
CITY 220 8.22 15.78 622.41 671.50
CITY 221 83.06 76.32 1014.50 1055.07
CITY 222 79.26 31.94 577.34 619.40
CITY 223 26.07 68.75 990.55 1034.53
CITY 224 19.87 41.45 225.72 272.01
CITY 225 94.48 88.43 276.24 324.69
CITY 226 92.31 64.71 753.18 800.39
CITY 227 97.41 19.83 841.70 866.76
CITY 228 40.10 42.89 318.55 341.22
CITY 229 36.79 94.72 149.18 190.74
CITY 230 43.52 92.00 548.10 588.31
CITY 231 11.85 71.36 235.99 281.84
CITY 232 78.21 28.80 596.08 619.99
CITY 233 85.63 60.01 1190.32 1218.81
CITY 234 67.72 41.83 494.51 518.89
CITY 235 29.02 26.18 742.57 789.79
CITY 236 36.96 68.43 553.38 573.69
CITY 237 13.32 32.32 831.93 872.53
CITY 238 71.33 70.85 883.02 910.71
CITY 239 9.53 5.88 404.77 431.82
CITY 240 90.82 99.67 1124.04 1173.05
CITY 241 59.82 74.82 63.98 91.59
CITY 242 61.97 30.25 478.11 509.24
CITY 243 96.81 55.96 698.46 726.27
CITY 244 50.37 93.03 1051.19 1075.14
CITY 245 31.73 53.04 178.17 201.68
CITY 246 4.42 12.79 1043.81 1088.86
CITY 247 74.78 92.62 345.55 391.86
CITY 248 61.29 76.16 322.82 352.21
CITY 249 89.27 31.55 1189.55 1232.46
CITY 250 15.13 85.30 789.70 833.65
