NUM_CLIENTS 96
NUM_VEHICLES 9
CITY 0 0.0 0.0 0.0 8468
CITY 1 3.93 44.30 3426.16 3471.48
CITY 2 99.85 22.30 2839.47 2884.64
CITY 3 28.22 37.36 3680.71 3708.17
CITY 4 98.95 75.31 3515.20 3555.88
CITY 5 99.38 53.99 6621.25 6669.50
CITY 6 67.97 16.46 6048.33 6082.67
CITY 7 30.10 31.73 4390.06 4422.78
CITY 8 44.42 6.99 5848.44 5885.47
CITY 9 41.12 37.67 955.73 994.83
CITY 10 85.74 33.53 5311.94 5344.06
CITY 11 6.82 28.07 1908.19 1953.71
CITY 12 34.44 19.74 5599.16 5634.52
CITY 13 19.12 87.94 4701.22 4746.27
CITY 14 57.64 58.60 7291.26 7318.61
CITY 15 92.98 17.83 8289.89 8311.40
CITY 16 51.98 33.18 7766.64 7796.00
CITY 17 97.24 2.95 1476.27 1499.39
CITY 18 67.74 3.20 3404.69 3432.23
CITY 19 88.45 79.82 6084.83 6111.36
CITY 20 20.46 81.72 1255.15 1277.03
CITY 21 88.44 43.98 6750.21 6787.38
CITY 22 48.23 82.64 1367.50 1389.74
CITY 23 48.03 88.24 5097.46 5145.27
CITY 24 81.46 72.72 2477.65 2501.88
CITY 25 94.65 60.97 829.56 874.03
CITY 26 49.50 49.57 2252.37 2295.38
CITY 27 8.09 34.07 731.48 765.88
CITY 28 33.71 1.98 7855.45 7895.97
CITY 29 42.18 8.02 1210.27 1250.89
CITY 30 66.24 72.66 2310.25 2341.93
CITY 31 8.03 90.03 5884.99 5934.20
CITY 32 31.90 61.03 3301.28 3335.72
CITY 33 27.64 48.42 8326.05 8355.54
CITY 34 69.01 90.17 3649.12 3684.34
CITY 35 16.29 77.02 7135.52 7168.77
CITY 36 37.20 75.08 3893.24 3933.52
CITY 37 97.22 12.30 554.19 591.92
CITY 38 96.74 85.43 5519.95 5558.10
CITY 39 8.64 37.97 6253.54 6273.57
CITY 40 86.27 98.06 5361.71 5381.75
CITY 41 17.13 43.86 7254.70 7297.95
CITY 42 73.66 30.61 1540.82 1575.99
CITY 43 84.77 94.90 0.66 49.74
CITY 44 21.94 54.51 4214.99 4257.63
CITY 45 42.00 78.31 2414.63 2461.58
CITY 46 34.05 56.40 6210.69 6233.32
CITY 47 76.28 54.05 4569.28 4611.25
CITY 48 83.21 60.11 4303.30 4344.21
CITY 49 60.22 19.34 1501.91 1528.19
CITY 50 58.13 16.69 4654.38 4702.32
CITY 51 50.12 2.56 5766.75 5800.86
CITY 52 37.22 98.83 6671.57 6707.51
CITY 53 78.61 28.69 4075.25 4116.06
CITY 54 38.65 32.43 35.83 60.13
CITY 55 74.72 41.86 1726.73 1774.06
CITY 56 11.16 12.90 1458.88 1508.23
CITY 57 37.06 25.87 1162.73 1195.37
CITY 58 30.59 23.85 6715.47 6757.40
CITY 59 0.30 28.12 7626.41 7657.51
CITY 60 73.91 64.43 1956.46 1985.06
CITY 61 57.01 65.95 3568.80 3594.12
CITY 62 80.79 25.32 3690.39 3710.47
CITY 63 98.00 15.22 5727.26 5762.33
CITY 64 48.13 7.03 412.12 439.77
CITY 65 52.56 84.55 4446.20 4488.94
CITY 66 27.28 62.90 5515.83 5543.01
CITY 67 60.30 38.91 4026.64 4053.98
CITY 68 87.34 78.14 5384.59 5427.26
CITY 69 61.28 20.31 4255.07 4296.80
CITY 70 52.70 81.89 4662.86 4689.17
CITY 71 71.97 39.86 4889.62 4925.50
CITY 72 34.55 12.28 3766.31 3803.03
CITY 73 71.99 96.68 862.81 912.75
CITY 74 34.86 74.28 2100.08 2121.19
CITY 75 80.83 63.50 7019.01 7057.96
CITY 76 23.56 54.34 4128.93 4170.91
CITY 77 35.99 11.40 5081.38 5102.13
CITY 78 94.20 25.57 7700.41 7732.52
CITY 79 66.69 92.96 7821.71 7847.00
CITY 80 90.87 78.00 6100.52 6122.24
CITY 81 39.46 15.40 6057.69 6089.94
CITY 82 63.12 18.51 742.27 763.97
CITY 83 40.42 45.69 8257.48 8301.68
CITY 84 53.83 41.33 3730.37 3771.73
CITY 85 70.12 48.22 4484.89 4506.92
CITY 86 60.88 35.89 4850.68 4878.62
CITY 87 43.02 94.96 4833.27 4870.33
CITY 88 21.72 36.16 5826.52 5854.94
CITY 89 66.86 15.78 2157.43 2189.07
CITY 90 5.53 23.54 1274.70 1324.22
CITY 91 69.29 49.81 3279.08 3302.34
CITY 92 53.65 77.99 934.66 970.75
CITY 93 40.89 39.35 1780.19 1817.60
CITY 94 2.14 23.82 3066.93 3101.10
CITY 95 26.44 40.30 1716.37 1752.90
CITY 96 47.58 14.74 3339.75 3380.74
