NUM_CLIENTS 337
NUM_VEHICLES 33
CITY 0 0.0 0.0 0.0 211
CITY 1 11.13 74.16 39.43 63.61
CITY 2 10.25 74.07 87.80 125.52
CITY 3 3.18 9.37 37.46 75.52
CITY 4 56.12 71.60 112.91 145.50
CITY 5 44.92 27.82 139.96 182.72
CITY 6 15.97 42.26 44.74 71.20
CITY 7 76.35 10.22 61.17 91.94
CITY 8 34.40 26.45 7.00 40.78
CITY 9 12.48 92.23 12.69 41.48
CITY 10 62.86 88.55 58.22 83.99
CITY 11 6.96 66.13 124.46 174.02
CITY 12 85.53 86.65 61.20 94.80
CITY 13 83.41 16.27 57.20 97.30
CITY 14 70.18 68.35 11.50 50.55
CITY 15 53.41 24.48 74.42 102.52
CITY 16 92.54 68.82 35.36 65.09
CITY 17 76.83 5.59 132.31 176.46
CITY 18 40.12 6.62 147.01 184.03
CITY 19 71.79 21.26 80.38 126.92
CITY 20 64.29 14.29 22.48 64.83
CITY 21 53.90 74.70 68.98 106.48
CITY 22 36.20 99.73 22.27 57.08
CITY 23 75.58 86.11 24.61 49.41
CITY 24 68.05 59.64 61.95 99.82
CITY 25 46.80 25.14 89.07 137.34
CITY 26 68.03 11.46 142.45 184.98
CITY 27 76.86 34.02 47.25 72.00
CITY 28 0.32 72.21 115.87 165.03
CITY 29 76.20 50.77 17.13 55.89
CITY 30 84.17 50.77 32.02 63.24
CITY 31 16.15 95.35 148.51 196.07
CITY 32 59.89 48.86 18.01 48.90
CITY 33 98.53 80.68 38.55 65.78
CITY 34 56.74 7.88 117.84 162.32
CITY 35 97.80 53.27 20.25 60.04
CITY 36 94.68 16.51 84.96 123.15
CITY 37 96.44 92.89 121.60 162.29
CITY 38 71.29 39.90 108.14 139.34
CITY 39 89.96 45.15 39.91 61.83
CITY 40 2.10 55.39 94.74 114.95
CITY 41 70.78 5.89 10.85 31.79
CITY 42 33.04 51.42 44.83 79.40
CITY 43 53.92 72.34 142.06 179.35
CITY 44 24.30 47.30 65.54 88.37
CITY 45 65.90 35.43 66.19 112.10
CITY 46 5.42 65.35 104.03 125.85
CITY 47 72.82 80.06 17.59 43.34
CITY 48 53.63 14.02 29.54 63.42
CITY 49 87.45 7.54 130.09 175.77
CITY 50 9.79 65.21 87.03 107.48
CITY 51 9.33 75.36 38.06 70.25
CITY 52 48.14 86.47 145.29 170.23
CITY 53 0.22 39.04 149.17 192.72
CITY 54 28.52 69.66 117.61 161.11
CITY 55 66.19 48.67 30.57 57.10
CITY 56 5.85 73.57 9.81 39.22
CITY 57 5.01 47.68 148.02 183.96
CITY 58 5.69 50.78 137.07 159.12
CITY 59 6.80 86.18 65.01 113.26
CITY 60 56.97 57.89 6.40 28.86
CITY 61 65.74 56.52 50.94 78.76
CITY 62 66.97 31.42 42.76 66.69
CITY 63 64.55 45.72 149.57 197.64
CITY 64 0.93 62.12 90.64 113.64
CITY 65 53.76 50.59 21.33 51.80
CITY 66 6.88 24.43 45.88 79.03
CITY 67 54.32 30.25 158.40 202.61
CITY 68 52.89 66.79 89.29 137.24
CITY 69 10.36 87.81 42.58 89.27
CITY 70 74.24 15.54 45.36 71.68
CITY 71 34.29 68.75 137.32 172.48
CITY 72 25.11 90.82 8.18 47.21
CITY 73 82.93 4.41 53.70 77.63
CITY 74 97.98 16.16 71.14 112.31
CITY 75 56.09 11.19 152.15 192.88
CITY 76 14.91 3.60 59.44 96.02
CITY 77 42.98 4.18 58.71 106.70
CITY 78 97.22 3.99 57.61 98.07
CITY 79 66.69 35.37 90.14 136.38
CITY 80 97.38 74.95 149.05 176.15
CITY 81 16.25 79.99 28.51 60.87
CITY 82 17.94 92.45 125.96 158.32
CITY 83 66.99 73.51 39.95 64.73
CITY 84 70.13 38.25 6.23 40.36
CITY 85 19.96 91.85 56.30 100.91
CITY 86 87.13 22.29 106.27 138.22
CITY 87 27.86 6.94 124.51 155.04
CITY 88 50.94 67.95 135.83 165.76
CITY 89 2.76 87.70 42.06 79.47
CITY 90 98.36 3.83 96.05 126.42
CITY 91 78.64 43.64 158.46 181.93
CITY 92 89.95 19.01 7.15 40.23
CITY 93 51.99 80.65 110.58 158.79
CITY 94 73.70 19.70 69.44 117.91
CITY 95 92.08 62.32 106.81 130.54
CITY 96 90.00 50.71 107.37 137.16
CITY 97 69.72 55.44 30.89 70.83
CITY 98 37.91 74.81 28.02 65.09
CITY 99 40.61 83.37 48.92 75.23
CITY 100 78.58 60.67 51.88 85.14
CITY 101 67.56 51.12 127.79 176.59
CITY 102 73.60 65.89 45.69 85.61
CITY 103 61.93 9.34 153.27 180.32
CITY 104 31.04 80.66 23.72 45.11
CITY 105 98.39 61.13 123.73 157.39
CITY 106 88.61 57.57 115.65 147.17
CITY 107 39.97 14.76 110.71 157.49
CITY 108 86.04 88.55 125.33 151.89
CITY 109 80.41 69.59 74.79 111.51
CITY 110 91.75 12.14 21.47 55.41
CITY 111 53.11 55.89 51.08 93.74
CITY 112 44.26 81.50 143.62 176.42
CITY 113 90.69 44.59 25.62 71.47
CITY 114 45.01 75.18 135.22 163.54
CITY 115 77.77 48.46 38.52 71.71
CITY 116 71.35 23.45 54.07 100.86
CITY 117 8.06 15.08 61.67 86.25
CITY 118 21.40 41.49 53.27 87.25
CITY 119 6.23 83.29 62.71 105.80
CITY 120 94.61 1.95 141.79 179.06
CITY 121 47.70 94.27 48.08 79.78
CITY 122 89.16 83.57 86.65 128.69
CITY 123 79.99 89.78 78.60 106.79
CITY 124 48.56 38.89 107.69 151.63
CITY 125 72.42 84.05 148.05 197.47
CITY 126 53.41 90.69 95.29 135.18
CITY 127 8.39 42.86 139.56 165.01
CITY 128 26.02 32.74 73.21 103.33
CITY 129 87.96 27.83 153.14 185.79
CITY 130 83.49 47.03 120.59 142.16
CITY 131 95.19 22.42 11.05 59.77
CITY 132 4.03 3.10 39.81 84.99
CITY 133 62.13 23.85 76.24 99.68
CITY 134 94.78 46.50 41.26 72.32
CITY 135 60.59 96.37 115.66 158.99
CITY 136 16.38 31.10 93.17 141.03
CITY 137 57.58 90.80 60.42 108.67
CITY 138 19.83 59.21 133.72 161.01
CITY 139 69.72 30.16 110.17 154.33
CITY 140 79.62 56.59 6.61 42.59
CITY 141 66.15 6.90 104.25 124.63
CITY 142 42.01 49.02 69.80 100.66
CITY 143 89.16 45.97 24.63 49.92
CITY 144 52.17 65.05 99.16 146.75
CITY 145 77.46 46.49 132.94 170.72
CITY 146 32.23 24.55 150.47 178.84
CITY 147 45.08 75.05 91.75 131.79
CITY 148 33.64 49.43 52.33 86.95
CITY 149 35.48 25.84 45.03 82.91
CITY 150 88.01 55.58 83.18 108.91
CITY 151 24.14 40.64 89.38 116.59
CITY 152 47.61 71.18 72.16 92.67
CITY 153 29.42 40.44 39.17 79.09
CITY 154 36.90 55.35 55.34 105.24
CITY 155 55.04 35.18 73.05 102.25
CITY 156 23.05 72.13 50.80 93.09
CITY 157 95.09 69.02 30.84 73.00
CITY 158 27.65 58.96 122.39 160.30
CITY 159 98.05 83.26 47.70 78.52
CITY 160 30.23 70.80 20.38 41.75
CITY 161 5.45 29.21 152.00 191.13
CITY 162 75.28 10.26 1.97 30.50
CITY 163 47.87 34.07 155.45 183.02
CITY 164 86.17 11.41 10.52 45.27
CITY 165 57.70 68.65 24.43 68.76
CITY 166 94.91 8.52 39.96 76.70
CITY 167 41.62 59.61 99.57 142.84
CITY 168 38.04 90.85 47.87 85.53
CITY 169 42.88 56.86 9.70 58.50
CITY 170 9.92 76.27 100.71 128.65
CITY 171 8.12 23.99 88.87 113.57
CITY 172 40.85 68.94 75.66 96.64
CITY 173 28.81 28.27 138.40 160.53
CITY 174 23.34 26.46 127.39 165.08
CITY 175 80.39 19.78 18.48 45.22
CITY 176 14.90 26.56 22.90 44.69
CITY 177 79.26 59.50 132.70 180.34
CITY 178 43.92 46.87 48.96 81.03
CITY 179 27.22 54.00 70.48 108.42
CITY 180 88.94 73.45 97.20 117.97
CITY 181 22.89 67.43 138.54 176.16
CITY 182 2.07 76.48 132.25 169.54
CITY 183 76.31 17.52 83.55 116.82
CITY 184 27.82 99.69 70.18 114.60
CITY 185 96.91 47.00 65.74 95.38
CITY 186 10.46 16.08 66.27 101.14
CITY 187 66.26 40.05 122.44 143.54
CITY 188 8.81 25.24 18.66 61.84
CITY 189 86.49 82.49 0.19 46.27
CITY 190 46.20 5.42 83.47 122.15
CITY 191 49.85 44.20 8.31 36.32
CITY 192 13.10 28.80 141.82 176.36
CITY 193 2.89 63.00 128.69 169.98
CITY 194 31.08 1.37 65.69 92.43
CITY 195 84.14 11.35 152.48 191.91
CITY 196 15.40 93.27 46.99 88.15
CITY 197 41.55 48.25 76.03 109.73
CITY 198 14.46 19.06 96.50 138.89
CITY 199 13.65 6.98 124.40 170.03
CITY 200 33.99 78.77 43.01 63.09
CITY 201 72.61 83.75 93.37 133.17
CITY 202 86.53 44.65 77.98 107.95
CITY 203 76.29 37.72 150.19 196.28
CITY 204 98.08 23.88 61.66 107.34
CITY 205 41.08 31.82 76.15 123.55
CITY 206 38.12 98.84 127.58 167.14
CITY 207 15.21 96.48 20.33 69.29
CITY 208 33.20 10.04 136.05 159.04
CITY 209 91.04 1.53 23.21 69.34
CITY 210 97.00 7.48 125.83 153.78
CITY 211 62.33 39.75 12.93 42.79
CITY 212 67.44 53.36 153.62 192.42
CITY 213 88.74 48.79 87.10 125.63
CITY 214 23.48 68.44 46.27 73.09
CITY 215 9.04 97.83 122.42 163.54
CITY 216 10.05 16.64 48.21 69.08
CITY 217 32.44 5.61 57.71 90.63
CITY 218 24.42 41.21 109.77 135.17
CITY 219 17.51 60.95 61.59 102.08
CITY 220 49.77 58.32 37.38 76.52
CITY 221 45.96 66.68 144.72 178.68
CITY 222 28.76 54.66 11.89 60.25
CITY 223 98.77 29.92 154.89 195.60
CITY 224 45.68 30.21 160.90 206.50
CITY 225 10.67 38.14 57.79 86.67
CITY 226 69.93 2.19 133.64 165.51
CITY 227 0.81 86.51 125.31 174.52
CITY 228 91.06 74.52 134.09 181.18
CITY 229 77.57 23.01 129.11 155.68
CITY 230 19.01 25.06 121.65 164.67
CITY 231 68.09 13.68 15.64 54.47
CITY 232 3.94 78.86 5.37 36.32
CITY 233 13.14 90.96 52.60 85.07
CITY 234 20.08 78.65 141.11 172.09
CITY 235 50.18 27.25 26.49 73.91
CITY 236 94.42 96.74 47.52 93.63
CITY 237 80.42 46.83 12.12 54.75
CITY 238 22.56 67.63 108.58 140.50
CITY 239 84.57 55.73 14.54 46.38
CITY 240 26.45 12.36 59.34 101.81
CITY 241 26.22 38.10 102.81 133.95
CITY 242 67.48 47.15 99.75 148.04
CITY 243 32.80 61.01 104.27 143.33
CITY 244 46.43 70.11 104.53 128.03
CITY 245 4.53 3.72 160.34 183.83
CITY 246 23.48 53.75 62.57 93.70
CITY 247 94.94 69.65 86.97 124.59
CITY 248 72.66 88.54 105.44 150.45
CITY 249 61.57 93.91 45.04 85.75
CITY 250 21.73 44.47 38.01 68.89
CITY 251 98.09 36.73 145.17 184.52
CITY 252 6.06 27.59 155.88 204.35
CITY 253 82.42 9.17 34.15 73.33
CITY 254 97.11 5.06 53.69 103.36
CITY 255 78.70 20.52 133.60 170.23
CITY 256 58.64 81.31 37.51 80.74
CITY 257 78.86 59.60 44.64 94.16
CITY 258 98.75 54.02 128.56 151.86
CITY 259 86.64 13.18 57.68 101.33
CITY 260 58.89 1.58 42.72 66.53
CITY 261 42.10 11.36 10.23 43.68
CITY 262 36.20 59.37 72.77 99.42
CITY 263 61.51 72.72 146.31 186.08
CITY 264 30.16 64.33 5.02 54.97
CITY 265 84.73 42.63 17.38 58.75
CITY 266 44.36 89.93 51.86 76.31
CITY 267 12.62 62.43 94.24 135.61
CITY 268 38.09 59.74 47.48 82.65
CITY 269 43.02 79.31 18.42 58.06
CITY 270 87.77 55.13 139.34 172.25
CITY 271 88.81 41.38 133.21 165.18
CITY 272 72.96 31.25 50.32 77.96
CITY 273 95.36 68.68 76.36 99.09
CITY 274 8.54 43.19 119.88 151.06
CITY 275 13.01 6.00 154.02 190.87
CITY 276 67.00 41.08 140.65 188.88
CITY 277 42.29 91.58 8.28 36.91
CITY 278 31.24 10.36 81.69 106.34
CITY 279 48.22 84.73 56.37 93.06
CITY 280 11.49 27.86 36.41 69.28
CITY 281 56.10 76.74 100.10 140.35
CITY 282 55.67 60.90 105.91 146.71
CITY 283 2.90 27.33 122.75 170.39
CITY 284 35.10 18.14 23.06 62.78
CITY 285 6.96 74.10 156.46 179.21
CITY 286 53.05 37.62 73.04 97.76
CITY 287 31.16 32.44 151.57 189.45
CITY 288 88.33 15.56 121.46 142.96
CITY 289 8.16 44.31 68.27 106.48
CITY 290 41.42 21.56 82.49 112.84
CITY 291 11.09 67.82 95.49 131.30
CITY 292 30.84 22.05 158.50 180.14
CITY 293 20.44 94.53 123.54 166.47
CITY 294 28.94 12.00 80.08 113.00
CITY 295 12.92 53.26 37.05 73.81
CITY 296 66.80 35.42 63.93 106.19
CITY 297 43.62 45.98 12.54 41.93
CITY 298 42.93 40.44 103.06 131.75
CITY 299 40.50 96.62 27.67 76.10
CITY 300 46.01 68.96 58.26 91.36
CITY 301 10.59 43.57 64.47 86.83
CITY 302 87.05 74.58 35.67 79.05
CITY 303 7.64 63.32 85.43 111.24
CITY 304 77.62 35.11 154.27 193.64
CITY 305 14.77 10.28 41.21 66.42
CITY 306 15.29 75.92 12.13 60.67
CITY 307 62.79 46.40 90.76 128.15
CITY 308 68.11 88.20 103.52 153.12
CITY 309 32.32 97.10 50.90 84.09
CITY 310 46.89 63.14 128.21 165.95
CITY 311 35.19 7.42 74.34 95.47
CITY 312 36.87 28.71 103.79 153.11
CITY 313 9.03 59.41 61.90 99.31
CITY 314 95.42 73.89 6.60 53.88
CITY 315 57.17 18.82 97.41 132.45
CITY 316 95.77 45.05 130.57 175.69
CITY 317 98.24 8.43 104.03 125.20
CITY 318 70.76 99.10 84.38 122.67
CITY 319 36.39 91.79 62.37 105.61
CITY 320 67.89 5.24 101.57 131.61
CITY 321 32.97 55.80 62.24 89.80
CITY 322 85.16 96.44 97.03 121.55
CITY 323 8.15 66.36 147.60 176.90
CITY 324 65.61 66.21 20.76 62.03
CITY 325 8.47 55.89 103.60 133.46
CITY 326 12.78 70.28 152.48 202.40
CITY 327 91.24 9.35 107.94 143.20
CITY 328 1.82 30.89 153.14 183.39
CITY 329 76.62 19.20 161.00 185.64
CITY 330 29.58 78.81 81.74 117.93
CITY 331 73.86 52.65 106.57 152.86
CITY 332 61.80 59.72 24.83 50.26
CITY 333 69.28 62.47 145.33 186.96
CITY 334 4.37 36.43 115.85 164.94
CITY 335 61.06 75.24 126.19 153.21
CITY 336 23.92 96.56 126.28 173.40
CITY 337 19.40 67.83 91.84 125.06
