NUM_CLIENTS 323
NUM_VEHICLES 32
CITY 0 0.0 0.0 0.0 9677
CITY 1 56.37 82.34 591.42 623.71
CITY 2 25.13 79.97 9569.05 9615.31
CITY 3 44.29 77.51 756.85 778.57
CITY 4 65.40 84.04 3803.65 3846.77
CITY 5 6.67 7.11 6660.90 6703.76
CITY 6 73.03 87.15 6276.32 6313.31
CITY 7 49.49 93.96 2014.34 2034.94
CITY 8 31.95 92.21 3481.36 3507.05
CITY 9 54.72 22.23 915.72 946.49
CITY 10 90.21 0.36 8960.27 8997.67
CITY 11 19.31 82.31 2271.62 2311.15
CITY 12 80.13 93.24 2679.19 2699.38
CITY 13 89.84 41.18 7231.92 7266.40
CITY 14 64.98 83.61 3702.42 3726.32
CITY 15 58.73 19.19 5278.75 5302.07
CITY 16 8.81 87.77 8708.98 8757.26
CITY 17 75.37 28.15 6258.14 6301.50
CITY 18 83.07 78.10 7879.23 7912.45
CITY 19 53.20 25.02 8512.15 8552.14
CITY 20 51.80 32.93 2900.80 2926.11
CITY 21 16.16 71.98 9429.02 9469.60
CITY 22 12.96 55.40 523.49 566.22
CITY 23 87.42 12.65 1702.43 1740.15
CITY 24 75.11 73.01 2731.42 2778.49
CITY 25 35.09 93.89 6855.99 6893.65
CITY 26 40.56 48.88 6167.81 6189.77
CITY 27 83.44 85.07 9304.28 9330.04
CITY 28 41.59 72.38 2842.39 2887.42
CITY 29 49.00 1.94 6452.40 6480.09
CITY 30 33.17 87.54 9601.14 9651.06
CITY 31 18.53 22.91 9467.76 9497.89
CITY 32 68.83 56.55 4392.40 4441.73
CITY 33 98.57 41.94 5956.09 5991.38
CITY 34 96.23 65.01 9051.84 9077.65
CITY 35 16.13 33.25 8158.32 8201.75
CITY 36 33.66 18.42 9371.19 9404.61
CITY 37 44.59 65.10 6158.36 6178.58
CITY 38 23.01 25.48 8417.23 8443.83
CITY 39 47.68 0.95 5081.69 5116.51
CITY 40 68.67 49.11 3224.74 3249.62
CITY 41 78.86 84.93 8552.21 8592.24
CITY 42 97.89 90.75 322.98 352.14
CITY 43 63.39 21.48 9344.59 9368.57
CITY 44 92.93 4.72 2176.60 2221.43
CITY 45 47.86 21.08 2904.57 2952.15
CITY 46 84.34 35.89 316.54 338.17
CITY 47 9.70 66.33 3960.27 3996.56
CITY 48 40.29 41.55 2693.85 2736.52
CITY 49 40.71 33.88 3612.58 3651.26
CITY 50 30.42 7.09 5554.80 5591.06
CITY 51 87.51 85.20 1099.53 1126.12
CITY 52 64.33 30.96 7714.26 7756.03
CITY 53 24.76 16.16 3753.33 3788.24
CITY 54 49.16 31.52 2999.90 3046.55
CITY 55 54.16 8.87 6231.77 6267.53
CITY 56 39.39 39.76 4031.63 4058.52
CITY 57 81.35 18.48 4930.46 4951.50
CITY 58 8.17 33.92 7043.37 7074.74
CITY 59 17.22 60.56 4470.62 4490.79
CITY 60 35.62 98.64 6419.95 6443.37
CITY 61 92.43 93.20 2509.32 2530.27
CITY 62 87.13 37.12 2601.85 2636.67
CITY 63 35.34 97.72 8936.03 8968.75
CITY 64 68.43 80.28 6921.31 6970.59
CITY 65 89.13 45.80 7734.40 7764.86
CITY 66 20.03 24.83 9011.14 9043.54
CITY 67 82.15 21.62 2907.14 2945.16
CITY 68 42.20 33.07 3221.73 3257.69
CITY 69 15.49 95.26 2056.88 2078.46
CITY 70 82.24 29.93 3861.53 3891.79
CITY 71 42.69 40.83 7119.80 7150.72
CITY 72 76.28 8.38 2629.72 2677.18
CITY 73 68.34 23.01 8869.13 8896.88
CITY 74 31.23 48.58 5583.75 5615.28
CITY 75 73.20 77.56 4902.55 4927.04
CITY 76 67.22 84.77 971.57 1000.16
CITY 77 59.54 92.57 9200.43 9243.04
CITY 78 63.92 65.78 5902.55 5938.12
CITY 79 22.47 76.05 772.73 804.45
CITY 80 65.93 42.18 6640.96 6687.54
CITY 81 26.36 81.97 5046.21 5079.31
CITY 82 52.58 45.04 1262.63 1296.36
CITY 83 53.19 97.57 3888.58 3916.17
CITY 84 83.71 66.32 9484.20 9516.02
CITY 85 60.28 94.21 6443.00 6478.13
CITY 86 76.26 68.65 6868.91 6899.20
CITY 87 72.01 55.61 4450.59 4499.16
CITY 88 2.10 75.15 743.64 765.58
CITY 89 80.60 76.19 5613.17 5654.71
CITY 90 69.83 53.42 3065.05 3108.71
CITY 91 84.65 91.51 2778.91 2810.62
CITY 92 31.15 14.19 4273.32 4294.17
CITY 93 35.79 98.54 8035.39 8071.11
CITY 94 32.91 84.25 7720.36 7757.33
CITY 95 77.73 21.87 4430.30 4467.09
CITY 96 4.95 23.59 4359.97 4388.25
CITY 97 90.87 55.66 9443.48 9464.59
CITY 98 31.14 86.83 8942.16 8969.81
CITY 99 3.65 75.78 8557.93 8606.83
CITY 100 54.21 35.88 6426.22 6463.31
CITY 101 72.61 95.56 4405.01 4430.38
CITY 102 77.47 22.80 6280.06 6301.64
CITY 103 7.13 55.36 4211.36 4256.59
CITY 104 26.86 67.60 1244.79 1282.14
CITY 105 82.55 44.90 177.66 204.04
CITY 106 27.87 4.61 8033.71 8061.83
CITY 107 74.56 52.82 2139.26 2170.06
CITY 108 84.85 27.99 5129.25 5176.56
CITY 109 39.84 62.30 757.61 799.16
CITY 110 41.87 96.60 9156.28 9197.10
CITY 111 28.25 99.07 774.77 801.91
CITY 112 56.95 3.49 5797.92 5837.22
CITY 113 75.72 4.23 3772.59 3806.51
CITY 114 22.58 13.92 2602.78 2651.70
CITY 115 20.97 8.92 2366.14 2414.75
CITY 116 51.83 88.43 4565.40 4606.63
CITY 117 46.93 89.54 4163.22 4208.35
CITY 118 50.69 49.75 3597.90 3626.97
CITY 119 49.29 4.47 7712.35 7749.41
CITY 120 25.50 11.79 3613.45 3651.75
CITY 121 51.45 98.40 7621.10 7667.20
CITY 122 63.01 40.49 424.97 458.01
CITY 123 42.27 33.86 8837.54 8869.95
CITY 124 97.96 43.95 5808.40 5835.33
CITY 125 13.71 61.81 7376.38 7420.35
CITY 126 61.32 4.12 6175.10 6223.07
CITY 127 87.45 57.07 2007.66 2039.01
CITY 128 2.16 78.46 8909.35 8949.99
CITY 129 39.71 11.16 3573.00 3606.15
CITY 130 64.21 99.45 9475.54 9521.56
CITY 131 83.97 74.00 8327.55 8363.60
CITY 132 44.94 52.45 6493.66 6527.22
CITY 133 46.73 54.98 3099.36 3145.77
CITY 134 2.13 28.49 3882.08 3905.57
CITY 135 14.66 25.13 3983.49 4012.56
CITY 136 37.78 43.41 2128.37 2159.93
CITY 137 75.34 39.07 9389.70 9426.26
CITY 138 75.53 20.89 5959.23 6003.12
CITY 139 81.09 88.45 2029.41 2051.15
CITY 140 28.42 75.54 932.27 959.20
CITY 141 59.45 97.18 5494.44 5538.89
CITY 142 90.37 30.22 5170.76 5207.65
CITY 143 71.65 21.49 6960.69 7008.15
CITY 144 9.25 23.17 3226.52 3259.94
CITY 145 70.16 81.19 7169.18 7211.39
CITY 146 62.98 70.83 3340.86 3361.07
CITY 147 17.87 12.98 8018.32 8056.95
CITY 148 61.91 88.80 653.95 680.22
CITY 149 1.45 28.58 8504.46 8550.93
CITY 150 71.35 66.21 8557.56 8579.05
CITY 151 72.41 47.25 2856.34 2895.50
CITY 152 92.52 8.08 2174.27 2198.93
CITY 153 13.45 87.31 3961.37 3994.05
CITY 154 31.21 23.95 8088.34 8131.54
CITY 155 56.10 8.76 5283.45 5324.08
CITY 156 71.43 21.81 2404.27 2430.20
CITY 157 23.52 43.37 4389.78 4432.79
CITY 158 97.16 94.43 3894.95 3923.93
CITY 159 94.21 28.39 6481.11 6503.41
CITY 160 28.86 36.48 8684.96 8707.57
CITY 161 66.96 31.96 1036.72 1060.05
CITY 162 7.48 39.80 9200.28 9238.35
CITY 163 66.15 15.11 9146.27 9190.06
CITY 164 18.44 93.08 611.25 649.86
CITY 165 74.33 57.94 8775.30 8805.59
CITY 166 67.66 99.00 2025.03 2064.52
CITY 167 4.19 90.67 373.20 413.60
CITY 168 59.92 51.79 722.44 742.66
CITY 169 15.83 14.79 7677.18 7716.80
CITY 170 88.19 67.27 7865.95 7894.95
CITY 171 74.04 51.88 7710.42 7733.14
CITY 172 89.02 30.90 1190.12 1225.39
CITY 173 53.60 30.70 9051.93 9079.44
CITY 174 33.93 48.58 1334.90 1372.84
CITY 175 30.01 80.74 4824.76 4861.22
CITY 176 47.55 49.94 1495.04 1532.55
CITY 177 50.69 64.02 785.50 823.59
CITY 178 37.42 91.28 5748.96 5771.77
CITY 179 29.22 24.00 5706.51 5749.59
CITY 180 70.40 17.50 9201.13 9250.21
CITY 181 90.03 2.81 7195.67 7220.25
CITY 182 85.01 14.43 443.48 481.68
CITY 183 39.00 10.64 8827.77 8870.65
CITY 184 42.38 56.04 2711.09 2733.08
CITY 185 54.82 79.33 4505.66 4538.62
CITY 186 67.30 54.00 3995.41 4036.11
CITY 187 92.63 63.37 4215.89 4241.50
CITY 188 95.71 12.53 8363.68 8392.72
CITY 189 76.84 49.24 7635.11 7671.49
CITY 190 8.81 94.92 6628.30 6675.02
CITY 191 6.34 72.24 5074.46 5122.90
CITY 192 34.41 59.23 1723.17 1744.59
CITY 193 34.45 11.58 3981.44 4006.27
CITY 194 83.90 89.61 3080.49 3105.04
CITY 195 79.41 50.50 251.71 272.97
CITY 196 60.89 41.65 237.09 268.03
CITY 197 41.89 2.41 8116.17 8151.35
CITY 198 64.32 58.69 3217.57 3267.56
CITY 199 47.47 91.65 8802.62 8826.39
CITY 200 4.97 28.28 2028.27 2048.92
CITY 201 52.37 44.00 5227.77 5261.01
CITY 202 92.86 38.65 1550.56 1596.71
CITY 203 52.22 25.43 1113.46 1140.38
CITY 204 19.20 55.20 524.65 549.90
CITY 205 92.24 5.96 4624.03 4658.32
CITY 206 2.81 23.87 2065.35 2101.63
CITY 207 19.83 80.47 8281.01 8314.11
CITY 208 46.84 66.92 7139.69 7184.66
CITY 209 37.00 89.74 8605.38 8653.55
CITY 210 87.47 53.08 1611.09 1660.95
CITY 211 85.29 26.39 3663.46 3692.80
CITY 212 34.17 27.96 7784.71 7813.84
CITY 213 91.00 71.52 6236.85 6271.94
CITY 214 15.12 30.74 3330.60 3360.06
CITY 215 72.92 65.10 6028.39 6070.10
CITY 216 19.59 23.06 2620.74 2641.22
CITY 217 90.04 4.41 6402.61 6450.16
CITY 218 33.89 77.74 4821.99 4852.80
CITY 219 51.35 34.98 3303.88 3349.52
CITY 220 42.98 60.23 3472.21 3517.35
CITY 221 66.36 73.37 5742.84 5780.75
CITY 222 61.23 96.51 6303.00 6345.98
CITY 223 77.36 44.32 1885.25 1911.66
CITY 224 17.62 98.94 5919.71 5945.85
CITY 225 53.04 74.11 8241.77 8271.86
CITY 226 77.57 34.10 6331.52 6377.18
CITY 227 89.14 0.98 5115.63 5146.86
CITY 228 54.40 29.71 4774.35 4818.86
CITY 229 67.53 87.57 1472.73 1510.55
CITY 230 6.53 85.84 9199.58 9241.87
CITY 231 39.62 7.60 1818.26 1849.35
CITY 232 93.82 9.94 4185.51 4224.39
CITY 233 4.46 73.02 391.15 424.75
CITY 234 90.46 92.90 2643.03 2663.20
CITY 235 82.17 78.82 7716.74 7756.30
CITY 236 63.12 10.00 300.11 341.87
CITY 237 73.26 77.54 8225.79 8259.03
CITY 238 24.16 83.24 6991.44 7024.36
CITY 239 17.51 36.81 2132.89 2175.72
CITY 240 84.98 78.62 8314.90 8344.52
CITY 241 10.17 98.21 1263.76 1313.29
CITY 242 82.50 37.56 7661.65 7709.71
CITY 243 15.86 99.92 8641.47 8680.70
CITY 244 4.71 13.47 5524.67 5559.49
CITY 245 70.87 85.66 805.12 831.96
CITY 246 3.83 4.51 1399.58 1433.77
CITY 247 74.63 1.28 6459.48 6497.22
CITY 248 37.20 64.51 9460.38 9495.89
CITY 249 26.12 13.64 2203.77 2226.20
CITY 250 56.12 67.36 6811.80 6836.61
CITY 251 43.38 18.12 6122.44 6160.00
CITY 252 87.16 70.91 2858.75 2890.38
CITY 253 23.25 89.15 2680.50 2709.07
CITY 254 46.84 59.15 1799.38 1838.66
CITY 255 41.61 78.67 7829.17 7874.71
CITY 256 61.77 85.85 1450.93 1481.31
CITY 257 82.87 83.58 7709.03 7751.26
CITY 258 46.53 79.03 7825.84 7871.87
CITY 259 18.87 73.97 106.94 133.51
CITY 260 62.35 55.53 3481.76 3518.78
CITY 261 91.78 82.97 6648.75 6684.24
CITY 262 29.27 22.05 6479.26 6526.46
CITY 263 20.63 97.47 6071.42 6091.76
CITY 264 60.93 22.73 193.63 229.97
CITY 265 79.10 79.62 2137.98 2160.70
CITY 266 11.62 29.97 4732.39 4763.60
CITY 267 57.11 53.76 4206.45 4228.61
CITY 268 41.63 21.50 4870.82 4913.00
CITY 269 94.46 23.43 571.37 597.77
CITY 270 92.66 93.13 6105.43 6139.79
CITY 271 33.67 35.45 7632.05 7656.49
CITY 272 22.92 14.55 6115.18 6151.93
CITY 273 92.42 8.02 9121.96 9161.54
CITY 274 58.12 32.71 4961.77 5007.46
CITY 275 2.88 22.57 7993.25 8017.56
CITY 276 48.46 30.76 2149.33 2179.62
CITY 277 14.25 30.55 7843.55 7888.06
CITY 278 21.47 91.19 6875.94 6919.21
CITY 279 54.30 17.72 2014.74 2060.73
CITY 280 19.94 22.29 1491.32 1515.13
CITY 281 6.05 60.96 2301.49 2347.93
CITY 282 47.69 69.44 273.52 304.92
CITY 283 34.29 32.37 1738.22 1769.22
CITY 284 92.69 16.55 6942.55 6969.98
CITY 285 2.91 9.94 3410.51 3438.90
CITY 286 53.63 2.39 3136.27 3176.72
CITY 287 9.29 23.56 4969.50 5010.81
CITY 288 47.37 48.81 7452.85 7480.85
CITY 289 57.82 58.63 2495.41 2523.81
CITY 290 99.24 53.41 9095.55 9134.79
CITY 291 90.26 86.87 6950.58 6995.39
CITY 292 14.42 75.96 3912.78 3959.29
CITY 293 72.23 96.96 913.94 940.44
CITY 294 26.06 18.91 6968.41 7002.57
CITY 295 16.88 76.76 3100.62 3143.27
CITY 296 75.01 39.07 2799.45 2835.93
CITY 297 90.14 11.46 8457.55 8488.16
CITY 298 97.81 66.42 9574.56 9596.26
CITY 299 45.01 25.17 1299.80 1342.34
CITY 300 64.56 98.76 1814.69 1859.93
CITY 301 41.41 13.66 6105.81 6146.90
CITY 302 63.89 10.63 1.02 43.74
CITY 303 92.03 76.75 4310.92 4340.43
CITY 304 45.26 37.31 3359.57 3406.27
CITY 305 65.04 60.41 9586.09 9606.62
CITY 306 42.94 19.03 2184.55 2229.50
CITY 307 79.80 41.55 8152.59 8178.62
CITY 308 75.57 23.06 1080.57 1103.51
CITY 309 39.41 5.30 578.06 623.98
CITY 310 60.78 32.86 1984.35 2004.98
CITY 311 17.17 75.10 5191.85 5238.53
CITY 312 21.70 23.97 478.43 510.54
CITY 313 68.80 94.25 4786.23 4820.54
CITY 314 68.30 60.32 3810.46 3845.17
CITY 315 32.57 14.37 3851.27 3886.88
CITY 316 29.79 16.70 8020.43 8058.20
CITY 317 80.47 78.05 5946.30 5989.24
CITY 318 68.61 20.35 8758.48 8796.87
CITY 319 87.58 39.11 4577.18 4620.85
CITY 320 93.70 36.38 5977.35 6021.61
CITY 321 33.60 38.96 7704.59 7746.84
CITY 322 29.11 70.50 4012.07 4057.00
CITY 323 45.46 8.11 5059.79 5097.89
