NUM_CLIENTS 325
NUM_VEHICLES 32
CITY 0 0.0 0.0 0.0 7864
CITY 1 86.36 49.91 372.91 421.38
CITY 2 35.62 18.40 355.38 377.36
CITY 3 88.44 78.83 3778.73 3823.05
CITY 4 0.82 28.20 1004.78 1045.77
CITY 5 93.19 72.50 1839.96 1881.49
CITY 6 13.83 76.40 669.76 698.90
CITY 7 21.22 40.63 7633.52 7655.75
CITY 8 98.48 73.86 4856.05 4895.98
CITY 9 30.74 30.74 6857.95 6895.42
CITY 10 3.97 11.45 4716.76 4752.57
CITY 11 71.76 33.05 530.90 554.20
CITY 12 37.01 54.52 3544.84 3572.04
CITY 13 6.00 19.73 917.62 957.04
CITY 14 93.58 51.58 81.76 113.83
CITY 15 13.02 40.32 1388.92 1434.13
CITY 16 33.89 50.95 5636.33 5664.90
CITY 17 37.63 58.08 1613.57 1635.64
CITY 18 28.12 64.70 3882.50 3928.43
CITY 19 51.92 2.31 5048.90 5082.69
CITY 20 6.55 88.90 6400.78 6435.71
CITY 21 25.82 30.68 383.53 408.21
CITY 22 48.73 26.04 3977.00 4004.67
CITY 23 27.62 93.72 3450.35 3495.12
CITY 24 40.60 42.78 407.58 436.87
CITY 25 75.58 78.58 5740.34 5763.84
CITY 26 53.86 7.60 530.19 555.25
CITY 27 48.98 44.05 1721.11 1765.82
CITY 28 46.37 58.81 3423.74 3459.28
CITY 29 29.17 70.03 3616.42 3643.47
CITY 30 98.77 64.22 5001.63 5040.84
CITY 31 82.95 90.36 816.99 849.45
CITY 32 32.71 28.49 6403.32 6447.06
CITY 33 27.73 76.75 4945.74 4976.05
CITY 34 43.82 45.68 6307.12 6348.84
CITY 35 60.11 71.92 3720.92 3754.18
CITY 36 5.53 30.87 5000.18 5030.30
CITY 37 21.05 99.10 556.64 582.51
CITY 38 77.62 26.22 1182.67 1207.83
CITY 39 35.14 17.54 4987.79 5025.03
CITY 40 55.42 38.19 5396.76 5424.51
CITY 41 36.67 34.19 5045.78 5084.57
CITY 42 32.65 83.82 3891.90 3920.56
CITY 43 53.18 43.11 1219.09 1258.59
CITY 44 30.80 15.57 6869.82 6897.91
CITY 45 43.78 15.45 5816.83 5860.29
CITY 46 2.37 12.72 2150.42 2170.53
CITY 47 29.26 57.08 327.90 352.76
CITY 48 34.05 71.41 7454.28 7500.56
CITY 49 10.69 27.86 3604.82 3626.23
CITY 50 41.12 95.06 3431.29 3462.51
CITY 51 5.49 23.86 1256.45 1279.97
CITY 52 57.29 38.97 6559.53 6598.20
CITY 53 78.92 5.92 5723.51 5756.18
CITY 54 34.74 39.70 4440.90 4488.22
CITY 55 11.35 72.08 7665.02 7712.48
CITY 56 51.98 27.25 2744.57 2771.09
CITY 57 25.00 90.70 564.09 611.26
CITY 58 2.73 3.32 6944.04 6969.16
CITY 59 53.78 37.53 3156.16 3177.19
CITY 60 5.85 78.95 1123.52 1171.89
CITY 61 9.66 36.26 5442.66 5487.57
CITY 62 31.50 60.23 3694.28 3738.06
CITY 63 89.06 40.77 2635.85 2668.76
CITY 64 23.44 94.93 5303.71 5330.06
CITY 65 89.88 17.95 3869.98 3891.38
CITY 66 28.68 7.87 5351.15 5399.11
CITY 67 45.74 16.60 4386.45 4414.07
CITY 68 93.12 59.75 2597.95 2633.15
CITY 69 19.25 40.02 7285.77 7310.70
CITY 70 72.76 3.30 3798.74 3830.50
CITY 71 88.67 64.11 5217.25 5253.14
CITY 72 95.54 90.56 5961.92 5997.40
CITY 73 11.81 6.37 1614.47 1654.06
CITY 74 17.21 93.43 1175.17 1201.41
CITY 75 22.25 92.38 1284.61 1310.92
CITY 76 49.38 4.42 2238.89 2274.62
CITY 77 3.00 65.30 4916.43 4944.35
CITY 78 55.03 60.95 4289.01 4321.31
CITY 79 27.87 10.96 7305.92 7331.00
CITY 80 10.48 72.40 2863.28 2902.21
CITY 81 12.98 58.55 1534.57 1572.21
CITY 82 46.88 13.23 6938.37 6967.31
CITY 83 38.09 74.13 4787.30 4829.63
CITY 84 3.48 47.36 2969.75 2991.27
CITY 85 96.52 85.73 5172.84 5212.29
CITY 86 98.77 26.35 644.99 687.44
CITY 87 75.76 26.52 3823.25 3869.25
CITY 88 16.70 66.02 3581.95 3628.32
CITY 89 33.01 20.56 3231.51 3276.32
CITY 90 16.84 94.93 6388.11 6437.53
CITY 91 27.42 66.75 6029.45 6078.92
CITY 92 80.85 0.96 4198.40 4245.32
CITY 93 35.73 8.64 4572.35 4593.29
CITY 94 40.46 75.27 5720.23 5745.51
CITY 95 18.61 40.43 4729.05 4771.86
CITY 96 7.69 49.14 2631.64 2657.03
CITY 97 60.28 17.14 3548.38 3592.27
CITY 98 58.17 40.54 2275.20 2299.39
CITY 99 14.58 88.03 4742.53 4790.26
CITY 100 24.68 25.72 4313.01 4342.92
CITY 101 86.11 96.66 3049.51 3084.21
CITY 102 37.44 48.46 1249.28 1277.03
CITY 103 91.37 36.40 4069.56 4114.11
CITY 104 97.69 87.66 3406.88 3427.31
CITY 105 58.53 21.63 7791.19 7819.67
CITY 106 51.38 73.31 6271.85 6306.01
CITY 107 21.81 85.03 878.18 923.17
CITY 108 57.63 85.19 3240.06 3272.23
CITY 109 64.44 2.36 7380.79 7415.23
CITY 110 36.92 33.59 397.35 418.84
CITY 111 81.16 48.45 2848.95 2887.43
CITY 112 69.19 65.90 123.12 157.23
CITY 113 0.57 15.54 278.60 325.44
CITY 114 45.26 8.70 1109.69 1133.03
CITY 115 80.45 28.87 6438.88 6473.84
CITY 116 56.87 57.88 4929.54 4970.09
CITY 117 98.94 70.34 4861.10 4907.32
CITY 118 32.77 15.78 6432.70 6474.94
CITY 119 12.60 24.64 5695.66 5723.06
CITY 120 39.52 57.41 7548.15 7574.58
CITY 121 75.20 2.98 3682.96 3726.91
CITY 122 51.51 78.20 4821.71 4852.08
CITY 123 50.23 63.06 5212.53 5260.14
CITY 124 66.48 2.55 6246.72 6291.29
CITY 125 3.08 53.43 5656.02 5683.90
CITY 126 62.50 23.11 5650.90 5684.03
CITY 127 99.53 77.77 2573.23 2597.04
CITY 128 48.39 60.23 1063.37 1098.03
CITY 129 79.73 68.95 5554.77 5589.31
CITY 130 18.54 14.77 6254.82 6304.72
CITY 131 23.81 32.01 6072.60 6104.37
CITY 132 86.51 18.76 6827.52 6864.52
CITY 133 90.76 25.36 754.85 795.99
CITY 134 39.46 81.48 7725.61 7769.06
CITY 135 42.21 54.66 1355.65 1404.43
CITY 136 83.32 78.33 6866.52 6893.26
CITY 137 58.11 42.61 5638.19 5686.67
CITY 138 95.04 82.79 2529.45 2553.92
CITY 139 57.50 39.51 2381.91 2430.70
CITY 140 6.57 68.02 4001.05 4027.42
CITY 141 89.65 65.84 3543.45 3569.25
CITY 142 57.34 58.30 681.91 709.80
CITY 143 39.96 92.64 6722.92 6766.18
CITY 144 93.73 43.26 5431.20 5476.93
CITY 145 34.02 90.57 495.02 526.37
CITY 146 88.22 87.01 5069.76 5100.58
CITY 147 62.01 93.90 4535.73 4583.97
CITY 148 59.69 99.82 3222.95 3256.24
CITY 149 6.14 18.38 1541.79 1570.03
CITY 150 30.63 70.92 6196.28 6226.70
CITY 151 10.41 28.93 3518.74 3538.88
CITY 152 26.89 88.74 1968.67 1993.32
CITY 153 60.71 85.16 1213.77 1239.69
CITY 154 49.75 46.94 2122.10 2169.12
CITY 155 14.79 14.51 6703.21 6743.60
CITY 156 13.12 64.57 6329.99 6373.81
CITY 157 84.14 19.18 4010.25 4050.30
CITY 158 87.39 68.25 220.79 247.77
CITY 159 44.38 10.40 2552.55 2573.48
CITY 160 17.67 92.81 4223.07 4264.93
CITY 161 32.69 50.61 1608.04 1633.09
CITY 162 10.11 29.84 1619.61 1668.29
CITY 163 8.76 21.76 5080.57 5122.53
CITY 164 98.47 70.90 7784.51 7806.48
CITY 165 43.95 7.78 5264.36 5303.34
CITY 166 6.45 100.00 1799.04 1843.24
CITY 167 75.97 26.12 4908.90 4949.95
CITY 168 87.16 86.54 1650.14 1698.24
CITY 169 63.38 94.50 1300.05 1329.13
CITY 170 48.48 41.02 4465.26 4489.49
CITY 171 67.40 3.26 7212.68 7236.66
CITY 172 94.66 59.19 5671.65 5701.88
CITY 173 55.11 4.16 7261.15 7309.09
CITY 174 34.66 11.85 4349.71 4386.90
CITY 175 68.67 10.00 4408.57 4447.91
CITY 176 97.19 42.72 1375.23 1423.47
CITY 177 59.69 19.55 7191.08 7220.74
CITY 178 72.97 33.87 1565.21 1612.83
CITY 179 96.64 11.10 1742.81 1776.79
CITY 180 29.08 38.60 3368.43 3401.31
CITY 181 1.08 27.27 1770.00 1810.46
CITY 182 48.41 66.82 5425.53 5452.63
CITY 183 46.96 12.71 5476.01 5510.53
CITY 184 41.76 75.29 6676.48 6725.38
CITY 185 80.46 17.41 3543.10 3578.96
CITY 186 76.59 30.26 3.19 43.82
CITY 187 62.18 45.11 7714.58 7747.36
CITY 188 98.60 85.40 2132.07 2168.71
CITY 189 16.97 19.54 4812.34 4861.67
CITY 190 64.49 88.89 4312.97 4359.53
CITY 191 45.23 74.34 7313.94 7345.50
CITY 192 25.78 96.46 111.53 154.91
CITY 193 11.70 82.07 4986.79 5017.13
CITY 194 87.70 45.31 2616.71 2660.69
CITY 195 26.05 83.79 3394.84 3423.69
CITY 196 23.40 84.57 7052.73 7080.89
CITY 197 22.67 87.30 982.22 1013.58
CITY 198 33.63 34.57 3267.54 3305.21
CITY 199 5.74 29.43 2016.00 2046.68
CITY 200 66.01 6.18 2755.48 2781.38
CITY 201 67.72 5.62 3980.86 4020.25
CITY 202 16.05 75.57 1453.74 1477.22
CITY 203 21.01 61.77 7749.26 7783.85
CITY 204 21.62 82.30 2412.01 2460.01
CITY 205 53.58 68.31 2850.27 2887.64
CITY 206 87.15 46.32 6057.58 6089.86
CITY 207 51.22 51.18 3061.59 3105.62
CITY 208 57.56 14.18 5568.46 5609.39
CITY 209 26.98 48.77 3180.18 3212.81
CITY 210 17.66 49.73 600.33 644.70
CITY 211 96.51 43.72 6729.53 6778.49
CITY 212 34.25 75.74 2712.21 2738.07
CITY 213 26.93 36.93 372.39 412.36
CITY 214 52.14 33.69 6082.73 6106.59
CITY 215 26.37 41.30 6108.95 6130.78
CITY 216 57.37 46.17 1175.77 1205.77
CITY 217 69.45 27.67 3490.31 3516.44
CITY 218 83.28 61.62 7129.28 7151.83
CITY 219 89.71 70.48 2057.49 2104.81
CITY 220 35.62 31.00 6823.12 6869.34
CITY 221 57.98 46.26 3042.58 3071.92
CITY 222 14.26 95.40 2818.74 2846.59
CITY 223 30.92 94.85 2891.62 2933.95
CITY 224 69.18 63.66 3635.40 3683.26
CITY 225 1.97 36.82 7195.94 7228.87
CITY 226 93.39 79.99 1808.66 1857.61
CITY 227 78.94 65.89 3450.37 3494.73
CITY 228 48.85 7.69 5038.18 5075.66
CITY 229 39.52 65.56 5989.85 6038.83
CITY 230 9.85 85.08 180.61 205.70
CITY 231 80.00 22.85 7428.08 7460.32
CITY 232 36.26 4.18 924.74 966.95
CITY 233 49.90 51.34 4403.89 4428.06
CITY 234 58.75 82.29 687.95 728.95
CITY 235 61.82 0.44 4572.31 4602.98
CITY 236 6.40 73.61 2374.29 2401.99
CITY 237 67.44 84.58 1379.05 1416.22
CITY 238 70.83 99.92 2516.12 2543.34
CITY 239 50.40 69.42 218.12 256.52
CITY 240 91.53 34.49 5487.36 5516.15
CITY 241 37.67 54.42 2215.68 2260.42
CITY 242 23.19 21.07 7372.63 7415.93
CITY 243 85.09 55.81 6967.15 7013.68
CITY 244 86.65 34.26 4459.70 4480.96
CITY 245 71.29 56.15 6188.56 6225.33
CITY 246 29.46 20.85 918.22 962.06
CITY 247 40.56 77.10 1990.05 2035.78
CITY 248 26.29 58.17 1573.32 1612.49
CITY 249 56.60 87.44 2271.20 2319.18
CITY 250 96.52 68.28 5776.79 5815.55
CITY 251 19.45 28.47 5370.32 5397.33
CITY 252 75.09 63.05 7478.91 7520.02
CITY 253 91.66 45.39 4274.63 4319.17
CITY 254 83.20 9.99 6646.96 6671.75
CITY 255 80.08 67.05 6912.02 6951.98
CITY 256 56.90 96.16 523.76 571.62
CITY 257 46.13 63.48 4071.31 4111.56
CITY 258 66.14 82.40 4251.03 4299.47
CITY 259 6.07 92.54 1840.49 1876.74
CITY 260 24.10 39.91 4510.16 4544.55
CITY 261 0.63 67.57 6233.60 6273.71
CITY 262 35.59 60.81 2472.85 2516.32
CITY 263 42.31 27.04 498.82 520.90
CITY 264 65.55 18.93 2281.54 2324.95
CITY 265 69.40 52.34 1945.79 1995.18
CITY 266 70.14 16.25 6307.87 6347.77
CITY 267 23.15 70.24 7562.72 7587.04
CITY 268 22.55 47.49 2695.86 2718.12
CITY 269 32.08 60.72 4700.17 4720.88
CITY 270 19.12 67.49 5994.16 6018.31
CITY 271 89.50 61.57 4804.57 4831.64
CITY 272 95.08 78.22 6857.44 6880.12
CITY 273 38.29 71.79 1769.72 1796.11
CITY 274 51.97 44.46 7581.09 7610.69
CITY 275 21.64 76.10 4221.44 4243.01
CITY 276 17.80 29.99 3041.24 3076.87
CITY 277 57.48 17.13 7523.68 7554.54
CITY 278 34.51 33.12 1425.42 1447.62
CITY 279 68.01 11.19 4957.70 5006.22
CITY 280 69.26 81.19 2845.42 2874.72
CITY 281 77.38 55.06 2422.68 2460.52
CITY 282 0.39 27.10 2863.35 2907.30
CITY 283 82.36 54.94 7584.12 7604.54
CITY 284 18.88 13.47 802.33 841.88
CITY 285 45.63 61.53 427.05 457.38
CITY 286 25.11 89.69 4664.96 4714.84
CITY 287 24.11 7.44 7510.53 7536.79
CITY 288 0.62 27.43 5650.35 5677.23
CITY 289 48.68 50.82 527.99 577.60
CITY 290 90.91 88.13 3546.64 3584.50
CITY 291 81.75 44.81 7763.63 7810.17
CITY 292 11.44 43.13 3620.29 3659.60
CITY 293 49.39 60.72 6017.75 6065.71
CITY 294 74.47 20.78 180.47 205.89
CITY 295 34.90 46.70 3355.46 3400.53
CITY 296 62.30 17.43 7080.28 7114.95
CITY 297 41.79 9.87 1624.56 1653.64
CITY 298 57.71 71.70 4389.26 4428.43
CITY 299 94.70 96.20 7319.65 7351.58
CITY 300 6.39 95.44 4672.21 4713.97
CITY 301 84.50 3.29 7002.75 7039.75
CITY 302 87.48 7.51 2332.88 2363.82
CITY 303 20.80 43.90 6610.42 6653.08
CITY 304 76.08 90.71 7650.53 7675.80
CITY 305 96.13 93.52 6014.03 6044.65
CITY 306 42.84 31.17 3889.11 3921.64
CITY 307 35.81 66.40 5289.95 5324.53
CITY 308 0.45 11.76 3179.00 3209.96
CITY 309 83.16 39.63 4681.18 4724.41
CITY 310 41.36 28.01 2634.18 2657.16
CITY 311 58.59 0.52 4815.34 4861.54
CITY 312 84.33 41.28 3566.06 3595.37
CITY 313 16.57 26.23 7481.34 7516.32
CITY 314 35.71 84.81 4262.22 4305.77
CITY 315 29.94 39.74 6557.99 6598.77
CITY 316 62.81 22.04 5502.01 5546.58
CITY 317 18.35 37.13 5595.03 5618.09
CITY 318 14.22 46.47 0.45 44.41
CITY 319 63.92 2.76 4802.05 4827.46
CITY 320 17.48 18.44 6059.06 6085.79
CITY 321 1.25 58.09 5250.87 5279.32
CITY 322 69.99 38.23 7714.05 7759.31
CITY 323 89.80 37.80 2533.16 2574.73
CITY 324 88.69 29.36 3625.97 3663.68
CITY 325 47.13 9.16 5238.28 5262.23
