NUM_CLIENTS 129
NUM_VEHICLES 12
CITY 0 0.0 0.0 0.0 4239
CITY 1 10.45 39.35 2344.00 2386.29
CITY 2 71.07 13.67 3476.31 3506.25
CITY 3 36.83 70.52 1274.71 1299.62
CITY 4 82.16 22.66 1257.06 1288.34
CITY 5 99.27 37.28 2303.91 2342.71
CITY 6 25.43 24.74 1813.25 1844.92
CITY 7 94.67 91.04 1256.24 1300.09
CITY 8 84.66 70.90 1628.58 1670.40
CITY 9 34.54 63.22 1494.37 1522.87
CITY 10 8.23 62.71 1121.54 1169.50
CITY 11 92.91 11.49 266.60 286.68
CITY 12 1.31 16.16 693.63 729.04
CITY 13 9.40 56.45 300.79 345.82
CITY 14 28.67 99.84 954.78 997.68
CITY 15 83.78 66.76 1619.48 1666.16
CITY 16 70.52 25.51 2356.11 2396.93
CITY 17 81.09 28.78 3082.87 3106.72
CITY 18 81.04 85.94 2245.36 2274.02
CITY 19 63.69 24.14 843.17 891.20
CITY 20 81.19 42.48 3572.13 3602.57
CITY 21 93.28 2.96 3041.25 3078.81
CITY 22 70.71 18.72 2336.75 2362.41
CITY 23 37.71 45.97 2512.49 2543.82
CITY 24 41.55 43.55 326.57 350.76
CITY 25 31.34 39.42 1007.50 1032.71
CITY 26 95.01 3.21 3323.69 3368.84
CITY 27 13.36 69.89 922.33 960.75
CITY 28 54.42 7.24 4141.11 4182.87
CITY 29 97.19 55.37 3732.83 3767.48
CITY 30 61.72 1.61 1987.06 2020.63
CITY 31 7.22 14.97 1275.25 1319.68
CITY 32 12.03 29.38 2583.70 2610.04
CITY 33 77.69 35.05 1918.23 1963.78
CITY 34 90.80 43.43 1286.73 1332.79
CITY 35 37.69 5.25 2302.21 2329.60
CITY 36 75.16 37.96 278.50 316.04
CITY 37 75.04 73.51 2692.88 2739.69
CITY 38 63.37 35.60 3174.98 3214.16
CITY 39 48.60 43.87 3564.03 3591.92
CITY 40 9.27 60.79 110.28 158.10
CITY 41 96.87 91.92 2293.78 2313.86
CITY 42 17.89 80.16 1437.98 1479.84
CITY 43 97.88 83.17 3274.94 3303.07
CITY 44 28.85 68.33 3665.40 3697.38
CITY 45 14.07 53.34 2245.07 2282.25
CITY 46 30.07 75.50 4007.62 4029.61
CITY 47 92.52 27.60 3063.06 3103.93
CITY 48 37.38 48.22 2430.71 2456.65
CITY 49 35.76 11.45 2918.40 2956.05
CITY 50 52.60 46.66 3451.31 3477.72
CITY 51 13.40 68.82 1212.77 1250.27
CITY 52 28.54 44.08 2725.50 2758.24
CITY 53 51.38 5.18 2213.20 2244.42
CITY 54 5.16 9.99 2918.52 2952.93
CITY 55 24.32 31.20 2439.24 2468.98
CITY 56 93.83 25.02 1814.40 1850.44
CITY 57 17.08 10.39 3351.99 3386.56
CITY 58 54.85 54.88 407.66 446.12
CITY 59 40.54 52.45 1772.97 1796.84
CITY 60 76.10 83.89 1703.02 1739.46
CITY 61 83.79 14.28 1792.11 1829.46
CITY 62 19.79 92.45 3022.30 3053.47
CITY 63 26.33 70.67 821.78 853.91
CITY 64 5.28 19.52 775.05 810.11
CITY 65 87.43 97.68 2896.20 2926.26
CITY 66 69.54 67.53 3835.08 3859.22
CITY 67 28.83 9.56 1211.78 1236.38
CITY 68 40.37 48.04 431.87 454.13
CITY 69 31.98 58.88 593.45 616.31
CITY 70 85.99 42.44 1046.62 1092.08
CITY 71 51.93 12.87 3572.72 3601.05
CITY 72 3.15 31.95 3640.50 3678.11
CITY 73 18.42 17.61 1560.14 1584.34
CITY 74 2.75 96.09 3096.34 3139.07
CITY 75 85.03 11.39 870.20 906.23
CITY 76 20.91 57.59 806.14 845.40
CITY 77 36.36 51.70 4001.99 4025.49
CITY 78 21.47 24.33 2503.79 2533.85
CITY 79 85.99 67.93 1396.01 1422.51
CITY 80 18.57 39.97 3236.07 3265.00
CITY 81 44.27 79.31 725.80 763.31
CITY 82 43.00 19.33 728.33 749.97
CITY 83 81.02 95.08 1036.85 1079.36
CITY 84 63.67 47.36 3790.67 3835.30
CITY 85 27.67 57.28 2668.29 2699.11
CITY 86 62.18 83.04 1492.17 1537.21
CITY 87 9.21 68.84 4177.60 4227.06
CITY 88 40.43 81.41 2357.24 2379.23
CITY 89 48.79 89.72 4023.29 4054.38
CITY 90 24.63 63.96 253.76 301.25
CITY 91 41.65 10.52 1980.28 2030.06
CITY 92 21.92 40.43 2436.34 2467.47
CITY 93 28.85 44.15 4157.29 4185.41
CITY 94 76.47 43.43 1331.18 1358.18
CITY 95 20.84 58.06 2887.90 2935.67
CITY 96 12.73 63.38 3208.24 3244.78
CITY 97 33.91 24.98 1213.29 1259.61
CITY 98 70.71 98.99 2068.76 2106.53
CITY 99 29.78 33.88 342.64 381.87
CITY 100 86.34 69.78 1752.46 1778.35
CITY 101 62.53 93.12 1357.16 1383.53
CITY 102 65.93 41.08 1376.19 1418.66
CITY 103 24.64 57.78 1729.88 1752.92
CITY 104 73.07 14.71 2368.91 2406.61
CITY 105 23.64 60.84 3725.78 3762.17
CITY 106 65.73 41.53 1484.94 1511.67
CITY 107 94.63 8.33 1649.01 1692.45
CITY 108 65.58 69.46 370.24 397.59
CITY 109 49.71 20.82 547.92 569.68
CITY 110 69.11 77.50 3239.21 3287.50
CITY 111 27.39 61.35 3412.02 3460.78
CITY 112 90.38 1.91 3754.34 3785.94
CITY 113 27.51 20.80 552.17 575.85
CITY 114 28.55 78.38 2480.53 2509.47
CITY 115 77.33 39.69 1354.37 1382.70
CITY 116 14.41 57.82 3482.52 3507.45
CITY 117 84.24 29.65 3144.48 3170.64
CITY 118 81.59 59.78 1926.98 1969.42
CITY 119 58.51 80.65 2641.62 2670.64
CITY 120 21.52 82.07 1098.63 1144.02
CITY 121 7.99 66.78 760.40 792.80
CITY 122 91.10 71.86 2375.82 2398.47
CITY 123 41.00 98.96 107.13 147.59
CITY 124 55.07 21.85 924.40 947.73
CITY 125 10.49 38.96 711.33 754.88
CITY 126 57.12 11.36 3250.96 3278.37
CITY 127 60.16 73.14 141.95 184.58
CITY 128 19.47 23.16 4071.97 4098.43
CITY 129 91.76 41.93 2019.23 2063.23
