NUM_CLIENTS 150
NUM_VEHICLES 125
CITY 0 0.0 0.0 0.0 909
CITY 1 74.16 24.49 128.47 151.54
CITY 2 74.07 54.54 511.33 532.28
CITY 3 9.37 23.27 521.11 557.95
CITY 4 71.60 70.13 366.17 399.65
CITY 5 27.82 86.93 654.23 679.02
CITY 6 42.26 27.79 192.80 235.71
CITY 7 10.22 37.99 314.77 345.09
CITY 8 26.45 4.35 400.05 423.80
CITY 9 92.23 7.88 258.91 297.77
CITY 10 88.55 36.16 173.25 195.34
CITY 11 66.13 77.31 846.45 892.11
CITY 12 86.65 38.01 394.95 439.97
CITY 13 16.27 35.53 578.98 620.03
CITY 14 68.35 7.14 549.10 585.12
CITY 15 24.48 46.23 239.19 286.95
CITY 16 68.82 21.96 285.32 328.37
CITY 17 5.59 82.18 693.48 725.52
CITY 18 6.62 91.31 491.54 533.07
CITY 19 21.26 49.92 761.10 800.38
CITY 20 14.29 13.96 642.50 678.66
CITY 21 74.70 42.84 505.42 536.28
CITY 22 99.73 13.83 428.99 471.67
CITY 23 86.11 15.28 145.82 186.24
CITY 24 59.64 38.48 515.91 549.95
CITY 25 25.14 55.32 810.12 850.53
CITY 26 11.46 88.48 647.50 690.55
CITY 27 34.02 29.35 144.28 164.37
CITY 28 72.21 71.97 835.13 877.99
CITY 29 50.77 10.64 540.88 586.13
CITY 30 50.77 19.89 327.45 352.30
CITY 31 95.35 92.24 789.80 827.77
CITY 32 48.86 11.19 318.17 367.73
CITY 33 80.68 23.95 214.50 251.52
CITY 34 7.88 73.19 702.80 752.14
CITY 35 53.27 12.58 570.13 618.53
CITY 36 16.51 52.77 525.00 573.93
CITY 37 92.89 75.53 595.70 637.09
CITY 38 39.90 67.17 327.03 374.02
CITY 39 45.15 24.79 64.36 84.99
CITY 40 55.39 58.84 16.11 57.34
CITY 41 5.89 6.74 36.67 66.58
CITY 42 51.42 27.85 422.12 458.29
CITY 43 72.34 88.24 499.20 526.49
CITY 44 47.30 40.71 90.08 129.85
CITY 45 35.43 41.11 743.40 765.02
CITY 46 65.35 64.62 61.46 103.31
CITY 47 80.06 10.93 172.66 208.75
CITY 48 14.02 18.35 402.77 449.01
CITY 49 7.54 80.80 736.72 759.65
CITY 50 65.21 54.06 22.53 45.33
CITY 51 75.36 23.64 355.05 389.49
CITY 52 86.47 90.24 149.78 169.84
CITY 53 39.04 92.65 676.57 705.13
CITY 54 69.66 73.05 675.07 714.93
CITY 55 48.67 18.99 194.83 216.58
CITY 56 73.57 6.10 276.25 297.75
CITY 57 47.68 91.94 460.93 482.63
CITY 58 50.78 85.13 68.17 90.21
CITY 59 86.18 40.38 809.42 846.51
CITY 60 57.89 3.97 79.60 119.33
CITY 61 56.52 31.64 231.39 271.48
CITY 62 31.42 26.56 121.12 160.48
CITY 63 45.72 92.90 804.44 824.72
CITY 64 62.12 56.30 94.88 131.01
CITY 65 50.59 13.25 306.31 328.37
CITY 66 24.43 28.50 382.02 418.32
CITY 67 30.25 98.39 695.23 731.10
CITY 68 66.79 55.46 801.06 824.17
CITY 69 87.81 26.45 765.37 807.64
CITY 70 15.54 28.18 188.82 219.11
CITY 71 68.75 85.29 439.09 466.63
CITY 72 90.82 5.08 548.51 593.39
CITY 73 4.41 33.36 121.07 170.46
CITY 74 16.16 44.18 609.11 645.94
CITY 75 11.19 94.51 596.68 621.15
CITY 76 3.60 36.92 479.09 511.99
CITY 77 4.18 36.47 802.19 851.36
CITY 78 3.99 35.78 589.07 629.08
CITY 79 35.37 55.99 752.63 801.85
CITY 80 74.95 92.58 210.99 235.87
CITY 81 79.99 17.71 360.04 385.42
CITY 82 92.45 78.24 359.54 399.64
CITY 83 73.51 24.82 145.16 186.20
CITY 84 38.25 3.87 409.62 435.60
CITY 85 91.85 34.97 706.64 752.78
CITY 86 22.29 66.00 348.30 376.66
CITY 87 6.94 77.33 308.12 343.41
CITY 88 67.95 84.37 291.15 311.97
CITY 89 87.70 26.12 502.92 552.43
CITY 90 3.83 59.66 303.49 347.08
CITY 91 43.64 98.42 108.18 155.17
CITY 92 19.01 4.44 380.21 415.81
CITY 93 80.65 68.69 808.28 850.39
CITY 94 19.70 43.13 815.59 863.22
CITY 95 62.32 66.34 115.81 162.81
CITY 96 50.71 66.69 286.93 327.85
CITY 97 55.44 19.18 574.53 605.90
CITY 98 74.81 17.40 493.17 525.35
CITY 99 83.37 30.39 188.45 232.02
CITY 100 60.67 32.22 385.08 425.35
CITY 101 51.12 79.37 824.90 866.98
CITY 102 65.89 28.38 573.61 612.19
CITY 103 9.34 95.20 209.40 238.72
CITY 104 80.66 14.74 49.24 98.75
CITY 105 61.13 76.85 396.65 443.23
CITY 106 57.57 71.83 336.00 367.99
CITY 107 14.76 68.76 767.87 813.68
CITY 108 88.55 77.84 195.80 239.92
CITY 109 69.59 46.45 483.24 530.76
CITY 110 12.14 13.33 404.48 440.42
CITY 111 55.89 31.73 651.21 684.48
CITY 112 81.50 89.20 372.30 419.51
CITY 113 44.59 15.92 741.41 774.91
CITY 114 75.18 83.99 245.44 288.77
CITY 115 48.46 23.92 383.45 424.86
CITY 116 23.45 33.58 768.18 790.60
CITY 117 15.08 38.30 139.73 166.15
CITY 118 41.49 33.09 405.57 427.44
CITY 119 83.29 38.95 663.56 711.94
CITY 120 1.95 88.07 498.76 533.07
CITY 121 94.27 29.86 341.10 387.85
CITY 122 83.57 53.82 633.70 677.70
CITY 123 89.78 48.82 241.72 276.29
CITY 124 38.89 66.89 687.62 729.35
CITY 125 84.05 91.95 842.63 878.66
CITY 126 90.69 59.19 572.89 595.41
CITY 127 42.86 86.69 164.29 192.09
CITY 128 32.74 45.47 296.54 342.93
CITY 129 27.83 95.12 367.91 412.96
CITY 130 47.03 74.90 54.22 102.78
CITY 131 22.42 6.86 822.74 843.94
CITY 132 3.10 24.73 722.51 761.15
CITY 133 23.85 47.36 107.12 155.55
CITY 134 46.50 25.62 323.19 361.37
CITY 135 96.37 71.84 670.35 695.26
CITY 136 31.10 57.87 798.63 835.90
CITY 137 90.80 37.53 809.31 835.26
CITY 138 59.21 83.06 216.18 257.09
CITY 139 30.16 68.43 693.89 737.78
CITY 140 56.59 4.11 462.30 502.15
CITY 141 6.90 64.75 20.74 53.34
CITY 142 49.02 43.35 317.50 364.24
CITY 143 45.97 15.30 159.54 195.19
CITY 144 65.05 61.59 790.76 833.99
CITY 145 46.49 82.57 513.01 542.68
CITY 146 24.55 93.46 246.81 280.33
CITY 147 75.05 56.98 577.29 607.38
CITY 148 49.43 32.50 423.93 454.57
CITY 149 25.84 27.97 516.14 562.54
CITY 150 55.58 51.66 172.21 199.45
