NUM_CLIENTS 130
NUM_VEHICLES 13
CITY 0 0.0 0.0 0.0 1218
CITY 1 11.19 73.45 1089.67 1125.33
CITY 2 82.90 94.97 1088.06 1115.61
CITY 3 88.46 23.81 142.82 187.02
CITY 4 32.93 58.43 455.46 497.91
CITY 5 23.59 42.29 168.52 193.77
CITY 6 96.99 43.95 297.03 334.71
CITY 7 49.04 37.47 1108.09 1137.59
CITY 8 42.38 68.27 1125.15 1171.54
CITY 9 93.70 36.30 835.90 880.54
CITY 10 2.11 96.68 707.59 752.84
CITY 11 66.22 94.08 806.72 850.38
CITY 12 23.97 55.27 361.23 409.98
CITY 13 36.29 81.23 142.56 188.57
CITY 14 85.76 38.85 1062.63 1094.42
CITY 15 97.80 25.55 105.41 150.09
CITY 16 23.55 21.04 1039.81 1087.28
CITY 17 63.14 87.95 895.55 927.74
CITY 18 3.39 86.64 961.50 1009.71
CITY 19 47.11 41.30 982.48 1024.00
CITY 20 87.68 82.02 962.90 1003.85
CITY 21 50.63 35.19 703.27 747.67
CITY 22 73.78 45.33 31.95 53.51
CITY 23 64.16 63.02 923.91 947.99
CITY 24 40.07 62.83 366.43 388.89
CITY 25 15.78 51.64 1132.57 1177.49
CITY 26 76.32 84.70 800.96 844.74
CITY 27 31.94 47.84 858.68 886.50
CITY 28 68.75 82.68 933.85 959.81
CITY 29 41.45 18.19 1023.62 1071.97
CITY 30 88.43 22.45 1107.39 1155.08
CITY 31 64.71 62.66 1059.19 1108.42
CITY 32 19.83 70.13 197.11 229.14
CITY 33 42.89 26.02 104.02 135.06
CITY 34 94.72 11.74 839.31 872.36
CITY 35 92.00 45.37 786.78 810.33
CITY 36 71.36 19.05 1006.74 1050.21
CITY 37 28.80 49.42 152.07 197.76
CITY 38 60.01 99.52 330.51 370.82
CITY 39 41.83 40.85 170.46 199.17
CITY 40 26.18 61.77 1059.76 1090.85
CITY 41 68.43 45.82 12.05 36.05
CITY 42 32.32 69.30 802.24 843.64
CITY 43 70.85 73.61 299.27 322.13
CITY 44 5.88 33.29 274.29 321.54
CITY 45 99.67 93.93 1129.70 1167.65
CITY 46 74.82 4.55 296.27 334.86
CITY 47 30.25 39.47 433.21 482.25
CITY 48 55.96 58.05 304.02 339.13
CITY 49 93.03 87.79 154.08 183.60
CITY 50 53.04 14.18 136.47 157.80
CITY 51 12.79 87.17 975.05 1017.49
CITY 52 92.62 28.29 1024.26 1062.65
CITY 53 76.16 26.38 365.60 412.38
CITY 54 31.55 99.46 891.97 916.51
CITY 55 85.30 65.74 932.32 953.92
CITY 56 14.86 22.99 41.89 69.69
CITY 57 70.60 43.64 1162.40 1210.21
CITY 58 4.08 35.65 828.15 862.70
CITY 59 49.30 84.58 1012.52 1036.22
CITY 60 9.36 86.82 211.00 236.05
CITY 61 50.87 27.28 1040.56 1078.14
CITY 62 58.35 97.16 614.39 651.51
CITY 63 41.64 7.68 897.32 937.63
CITY 64 88.74 2.60 795.77 836.19
CITY 65 39.42 59.03 1111.02 1156.13
CITY 66 15.38 8.11 970.26 1010.04
CITY 67 45.41 95.52 694.03 714.20
CITY 68 96.98 65.62 1110.65 1140.39
CITY 69 73.15 73.43 1118.25 1155.32
CITY 70 21.14 4.87 751.78 781.47
CITY 71 5.55 7.07 1111.82 1143.26
CITY 72 39.89 17.80 1127.18 1173.14
CITY 73 8.92 85.23 190.31 233.70
CITY 74 28.49 75.26 763.95 787.57
CITY 75 49.08 43.24 941.82 971.12
CITY 76 68.50 13.13 777.33 822.29
CITY 77 51.27 48.96 1034.16 1068.46
CITY 78 56.31 42.31 883.58 927.91
CITY 79 61.39 43.41 497.59 518.80
CITY 80 34.17 46.35 261.90 302.49
CITY 81 15.51 49.53 735.33 771.07
CITY 82 29.07 43.74 1059.62 1093.95
CITY 83 14.86 12.78 1054.59 1099.84
CITY 84 52.31 29.55 55.75 78.04
CITY 85 4.51 10.76 496.30 519.13
CITY 86 66.09 56.85 295.95 323.59
CITY 87 8.18 50.34 133.08 172.92
CITY 88 17.96 18.22 458.97 481.47
CITY 89 87.68 29.76 685.86 719.51
CITY 90 67.03 62.38 309.61 358.61
CITY 91 87.13 18.72 216.18 258.59
CITY 92 60.41 87.16 124.19 160.23
CITY 93 0.58 11.67 200.59 234.90
CITY 94 69.18 86.88 1128.06 1166.12
CITY 95 48.67 61.85 1137.54 1168.36
CITY 96 67.38 69.03 461.36 490.44
CITY 97 12.51 1.39 130.71 151.19
CITY 98 97.05 85.90 244.38 283.84
CITY 99 64.97 43.58 731.24 774.94
CITY 100 19.09 30.09 541.28 575.50
CITY 101 2.18 16.61 178.03 219.11
CITY 102 96.39 47.15 1004.24 1041.80
CITY 103 20.13 56.94 973.92 995.45
CITY 104 0.79 63.04 832.89 882.28
CITY 105 84.86 73.71 695.94 732.57
CITY 106 29.08 48.75 567.77 605.50
CITY 107 61.15 67.87 953.89 988.53
CITY 108 71.43 52.83 492.90 522.38
CITY 109 6.35 89.29 487.22 521.42
CITY 110 49.48 93.90 405.02 445.95
CITY 111 2.08 28.80 224.49 254.81
CITY 112 23.21 21.97 1061.79 1091.97
CITY 113 60.21 84.25 767.33 791.26
CITY 114 29.34 71.14 1121.05 1166.04
CITY 115 67.31 73.46 929.70 973.69
CITY 116 84.45 62.18 329.91 372.39
CITY 117 66.71 12.91 233.00 271.17
CITY 118 10.09 41.60 1160.72 1189.83
CITY 119 20.94 4.70 21.18 67.60
CITY 120 35.70 15.86 967.04 1013.88
CITY 121 3.20 6.37 502.96 541.49
CITY 122 12.07 22.41 301.14 331.35
CITY 123 35.52 4.67 1025.17 1053.19
CITY 124 15.12 69.01 601.97 642.06
CITY 125 70.64 92.66 511.38 545.10
CITY 126 84.16 11.09 123.68 162.00
CITY 127 78.22 94.74 961.98 983.24
CITY 128 10.54 62.99 1017.18 1064.51
CITY 129 15.70 29.21 515.69 550.87
CITY 130 73.26 9.93 755.80 785.84
