NUM_CLIENTS 250
NUM_VEHICLES 200
CITY 0 0.0 0.0 0.0 9380
CITY 1 82.26 4.16 6710.90 6747.29
CITY 2 98.98 10.24 7746.26 7788.80
CITY 3 29.77 99.93 4201.51 4231.96
CITY 4 81.67 43.91 9273.69 9316.95
CITY 5 23.69 81.07 5489.45 5519.97
CITY 6 71.08 63.28 1556.95 1581.13
CITY 7 20.66 20.69 563.22 593.74
CITY 8 28.11 53.88 3026.45 3067.57
CITY 9 28.93 26.73 8006.72 8056.28
CITY 10 67.93 9.52 8983.03 9026.61
CITY 11 91.88 99.25 8090.88 8114.69
CITY 12 86.61 24.97 6640.20 6685.05
CITY 13 76.15 67.62 4571.76 4609.08
CITY 14 26.87 41.42 4222.56 4261.57
CITY 15 88.01 9.31 4815.52 4843.86
CITY 16 93.63 36.91 8866.37 8896.19
CITY 17 0.25 77.41 6838.99 6880.92
CITY 18 45.84 66.41 3348.64 3370.54
CITY 19 53.44 21.78 4014.27 4040.63
CITY 20 26.85 82.83 3157.88 3195.22
CITY 21 56.61 48.53 3213.65 3254.13
CITY 22 4.84 9.96 7315.85 7349.64
CITY 23 12.42 85.77 4122.79 4142.81
CITY 24 95.80 20.23 6427.68 6451.63
CITY 25 65.00 15.90 8703.00 8731.22
CITY 26 65.46 25.04 3475.58 3522.70
CITY 27 16.55 39.63 2857.35 2898.33
CITY 28 23.41 65.55 6568.47 6588.50
CITY 29 47.68 13.27 2118.10 2158.50
CITY 30 0.93 69.56 7625.46 7675.10
CITY 31 42.23 13.22 670.12 701.61
CITY 32 73.08 10.24 2930.44 2976.87
CITY 33 13.71 77.35 7029.43 7053.43
CITY 34 99.29 14.29 4954.34 4974.59
CITY 35 65.00 44.01 6743.07 6781.91
CITY 36 15.14 41.17 6408.80 6454.60
CITY 37 8.67 10.05 7022.79 7060.48
CITY 38 38.40 96.32 2941.17 2965.37
CITY 39 27.70 8.42 5167.66 5205.66
CITY 40 60.76 77.90 6445.24 6490.67
CITY 41 65.84 30.16 4835.42 4870.71
CITY 42 74.78 29.55 518.58 565.52
CITY 43 95.47 49.49 1060.77 1095.76
CITY 44 59.39 52.83 9122.14 9171.74
CITY 45 93.39 13.20 8032.79 8069.84
CITY 46 36.54 68.29 7118.61 7167.24
CITY 47 77.04 1.67 639.40 667.27
CITY 48 3.98 6.05 7366.18 7401.38
CITY 49 62.86 50.10 3881.83 3922.88
CITY 50 8.24 53.66 5751.56 5779.88
CITY 51 30.99 51.13 1903.80 1948.04
CITY 52 53.64 39.07 5921.62 5966.66
CITY 53 68.11 6.61 6521.66 6563.56
CITY 54 84.65 5.79 813.50 846.54
CITY 55 45.34 60.88 2892.58 2934.83
CITY 56 74.07 11.94 6607.63 6648.68
CITY 57 16.38 95.30 4884.41 4927.90
CITY 58 72.08 16.70 1192.99 1236.43
CITY 59 26.88 88.64 7199.73 7220.61
CITY 60 80.71 27.20 605.29 646.66
CITY 61 57.67 7.71 4252.44 4283.25
CITY 62 49.96 56.69 3436.85 3464.50
CITY 63 10.29 57.39 6746.29 6773.15
CITY 64 50.88 4.40 8052.49 8079.83
CITY 65 47.18 38.30 1408.79 1456.72
CITY 66 85.75 55.29 8527.99 8570.21
CITY 67 41.94 32.18 3889.51 3931.12
CITY 68 27.13 7.79 3484.57 3519.63
CITY 69 90.19 17.93 7506.43 7555.87
CITY 70 95.41 6.89 4344.68 4373.15
CITY 71 84.48 32.73 5164.81 5185.05
CITY 72 20.07 56.38 2842.43 2881.12
CITY 73 46.39 59.17 4608.12 4651.30
CITY 74 19.54 90.04 7097.69 7125.05
CITY 75 0.64 41.00 2181.54 2211.93
CITY 76 83.96 87.72 8873.23 8893.27
CITY 77 65.73 84.90 6787.64 6810.76
CITY 78 52.98 23.82 4595.71 4617.51
CITY 79 99.70 71.17 877.01 924.65
CITY 80 89.73 51.98 6541.89 6573.07
CITY 81 97.46 8.49 900.78 924.78
CITY 82 82.00 7.48 5302.09 5335.14
CITY 83 96.42 23.68 2442.44 2471.89
CITY 84 80.08 70.07 6863.49 6893.03
CITY 85 27.20 7.47 1899.28 1942.68
CITY 86 58.47 15.54 1541.97 1575.96
CITY 87 40.65 53.59 9000.40 9026.62
CITY 88 30.83 26.50 1127.59 1152.32
CITY 89 68.61 82.64 6504.90 6526.11
CITY 90 83.59 32.78 860.10 887.55
CITY 91 35.57 51.35 6321.35 6349.15
CITY 92 99.07 3.11 3778.94 3812.50
CITY 93 74.81 24.99 4316.24 4360.36
CITY 94 13.98 1.20 7749.07 7798.55
CITY 95 13.07 82.37 3479.27 3518.18
CITY 96 64.47 58.23 2422.21 2466.59
CITY 97 2.18 6.45 8421.26 8454.57
CITY 98 12.88 90.51 7739.60 7769.55
CITY 99 4.27 46.10 1575.66 1612.88
CITY 100 82.17 39.50 284.77 325.27
CITY 101 17.28 21.47 1754.25 1782.64
CITY 102 88.34 3.46 5780.73 5808.10
CITY 103 29.51 41.20 5142.42 5164.25
CITY 104 27.98 13.72 1868.95 1915.49
CITY 105 52.58 63.08 7486.21 7530.05
CITY 106 98.94 78.19 3356.92 3393.26
CITY 107 48.47 91.27 4692.31 4723.96
CITY 108 17.98 31.89 2051.27 2098.14
CITY 109 77.85 5.86 9251.07 9286.95
CITY 110 76.68 99.96 9087.49 9110.50
CITY 111 65.69 26.65 7617.78 7665.30
CITY 112 5.59 99.64 2054.92 2100.31
CITY 113 79.74 35.48 7831.55 7876.91
CITY 114 17.61 59.25 7523.88 7564.81
CITY 115 91.40 2.82 6539.23 6587.65
CITY 116 56.36 56.31 1764.34 1813.98
CITY 117 88.16 49.22 2890.37 2925.09
CITY 118 9.03 23.26 2049.30 2085.09
CITY 119 0.07 91.79 1887.65 1911.56
CITY 120 71.69 91.88 7878.73 7908.44
CITY 121 2.19 58.66 8558.53 8601.76
CITY 122 84.65 86.07 8962.41 8993.62
CITY 123 94.19 39.56 951.62 980.67
CITY 124 13.65 15.75 8851.82 8895.58
CITY 125 96.07 64.92 1633.57 1682.63
CITY 126 69.36 92.88 7344.76 7371.46
CITY 127 58.90 17.54 2869.59 2910.25
CITY 128 12.73 72.88 8852.71 8901.17
CITY 129 39.16 99.43 9005.51 9026.49
CITY 130 60.24 92.10 9027.40 9054.02
CITY 131 56.56 93.67 1320.80 1363.16
CITY 132 23.80 98.24 1574.71 1621.27
CITY 133 8.87 70.90 5966.44 6013.04
CITY 134 44.66 26.52 2335.72 2357.75
CITY 135 25.67 10.80 21.94 53.52
CITY 136 73.26 96.91 8254.02 8288.82
CITY 137 37.87 54.60 955.31 989.70
CITY 138 86.41 65.10 6414.33 6439.21
CITY 139 7.37 84.58 2758.55 2788.11
CITY 140 95.17 7.42 1595.38 1626.64
CITY 141 73.20 54.70 8380.52 8403.31
CITY 142 59.40 61.36 4509.11 4530.04
CITY 143 94.24 16.50 8302.50 8327.21
CITY 144 10.13 20.56 1780.65 1821.57
CITY 145 72.20 73.00 2482.27 2510.71
CITY 146 23.75 4.96 5338.89 5384.09
CITY 147 15.36 36.08 3995.29 4024.12
CITY 148 66.20 60.02 1870.97 1891.74
CITY 149 17.08 29.18 773.64 818.96
CITY 150 30.84 39.75 4568.38 4608.21
CITY 151 9.11 54.41 1733.09 1779.66
CITY 152 36.94 44.58 2463.92 2497.87
CITY 153 22.62 26.86 584.48 627.05
CITY 154 66.75 8.57 3214.14 3250.38
CITY 155 97.07 58.97 5169.57 5214.79
CITY 156 81.84 41.86 5000.99 5047.00
CITY 157 47.48 88.17 4448.76 4471.13
CITY 158 90.28 71.43 4689.59 4736.60
CITY 159 80.05 67.75 5790.95 5814.55
CITY 160 75.72 17.29 9184.31 9233.47
CITY 161 80.85 12.62 3955.85 4005.50
CITY 162 43.54 99.73 5855.75 5900.77
CITY 163 25.79 91.08 8530.10 8552.11
CITY 164 38.81 39.74 3049.50 3077.79
CITY 165 45.82 87.35 7340.65 7379.34
CITY 166 52.26 41.96 3872.60 3897.05
CITY 167 58.79 75.84 8767.54 8815.29
CITY 168 56.27 10.10 2676.39 2712.45
CITY 169 34.39 41.09 3579.97 3614.53
CITY 170 60.90 3.75 2576.86 2601.18
CITY 171 60.87 69.37 371.45 418.14
CITY 172 33.15 23.76 6960.39 7008.01
CITY 173 89.70 2.02 7628.04 7657.13
CITY 174 28.03 49.16 6498.42 6521.37
CITY 175 86.89 13.44 9089.73 9123.02
CITY 176 82.58 26.94 3894.32 3933.69
CITY 177 18.79 21.14 7689.40 7731.62
CITY 178 75.95 86.72 7661.88 7697.34
CITY 179 15.90 31.11 4733.33 4757.40
CITY 180 85.13 87.93 279.80 305.58
CITY 181 83.29 83.70 2335.25 2368.94
CITY 182 91.80 70.46 2563.47 2608.18
CITY 183 50.51 63.54 1164.50 1185.41
CITY 184 37.25 59.40 1665.08 1711.19
CITY 185 58.69 34.98 1533.95 1580.78
CITY 186 74.90 68.89 2666.85 2698.44
CITY 187 16.29 57.23 9003.03 9048.75
CITY 188 64.74 67.77 2517.86 2550.14
CITY 189 2.01 78.03 7163.78 7184.04
CITY 190 91.15 64.74 5612.64 5632.90
CITY 191 25.24 80.51 2856.88 2905.90
CITY 192 64.27 42.38 3518.75 3549.21
CITY 193 25.20 46.67 6321.47 6366.20
CITY 194 39.72 10.23 4777.31 4817.18
CITY 195 84.33 37.42 6043.23 6081.50
CITY 196 29.85 10.81 604.96 654.61
CITY 197 64.06 86.15 2443.89 2485.22
CITY 198 89.24 29.88 1407.34 1450.31
CITY 199 89.97 80.54 7488.03 7526.03
CITY 200 66.05 68.08 6732.36 6772.02
CITY 201 99.75 25.94 3911.03 3942.68
CITY 202 3.53 70.81 5341.44 5367.13
CITY 203 72.65 22.24 4992.80 5036.35
CITY 204 90.65 67.19 4738.17 4783.54
CITY 205 84.06 87.65 1698.19 1721.11
CITY 206 12.79 25.87 7543.76 7586.65
CITY 207 18.31 67.97 3138.09 3160.77
CITY 208 35.53 74.42 2872.03 2915.68
CITY 209 33.13 26.06 2750.56 2796.09
CITY 210 47.05 86.64 5448.92 5497.24
CITY 211 7.12 88.94 4674.45 4720.47
CITY 212 38.17 29.84 513.86 559.48
CITY 213 13.74 20.03 3823.67 3860.75
CITY 214 90.66 45.76 2958.69 3000.16
CITY 215 77.89 48.76 5891.23 5916.53
CITY 216 63.45 0.47 2559.28 2602.12
CITY 217 16.86 76.45 4572.86 4615.77
CITY 218 8.80 61.45 5914.10 5946.21
CITY 219 96.53 38.33 361.60 387.58
CITY 220 37.31 1.41 3013.03 3058.02
CITY 221 19.06 67.67 5850.72 5878.19
CITY 222 69.35 34.43 1211.64 1243.14
CITY 223 58.87 16.70 7688.22 7717.17
CITY 224 29.08 72.78 5568.17 5598.30
CITY 225 88.80 99.55 3204.27 3251.31
CITY 226 35.93 18.84 8846.15 8893.69
CITY 227 40.34 22.84 6787.21 6811.15
CITY 228 73.41 58.97 1584.94 1615.94
CITY 229 65.05 3.74 8179.39 8207.07
CITY 230 53.47 4.86 9280.42 9320.28
CITY 231 65.36 1.97 6438.47 6470.97
CITY 232 38.03 54.73 4431.37 4455.97
CITY 233 69.52 63.03 2816.41 2856.26
CITY 234 66.25 27.00 5654.51 5678.63
CITY 235 83.07 10.49 6708.90 6732.43
CITY 236 11.40 10.63 1861.39 1887.38
CITY 237 26.30 52.31 1889.59 1930.70
CITY 238 29.54 3.94 4636.03 4662.26
CITY 239 93.31 33.06 35.52 75.67
CITY 240 90.69 83.52 6245.28 6269.76
CITY 241 9.01 51.17 6753.61 6776.65
CITY 242 25.59 23.12 9224.37 9253.25
CITY 243 46.43 9.98 1638.22 1659.40
CITY 244 29.06 80.16 2924.43 2966.59
CITY 245 9.50 75.82 437.69 483.25
CITY 246 66.34 17.05 3342.16 3375.29
CITY 247 62.18 87.85 876.31 920.76
CITY 248 18.29 40.08 8978.73 9006.88
CITY 249 38.57 85.07 7465.06 7504.52
CITY 250 79.69 11.31 6498.30 6520.06
