NUM_CLIENTS 70
NUM_VEHICLES 50
CITY 0 0.0 0.0 0.0 2587
CITY 1 50.79 40.57 1814.97 1838.18
CITY 2 55.61 7.09 773.45 807.28
CITY 3 59.05 23.86 625.81 650.58
CITY 4 48.24 6.61 536.22 577.04
CITY 5 43.11 98.02 1443.34 1473.61
CITY 6 69.41 17.31 1702.09 1744.27
CITY 7 71.19 83.67 298.89 336.78
CITY 8 32.54 9.77 1135.06 1164.30
CITY 9 40.58 59.83 1742.28 1780.17
CITY 10 81.99 32.74 1639.89 1661.73
CITY 11 21.76 13.89 1477.60 1520.25
CITY 12 80.98 75.71 1680.05 1713.64
CITY 13 29.15 61.56 1139.97 1166.14
CITY 14 87.74 29.97 2017.31 2057.70
CITY 15 91.85 93.67 1823.86 1871.31
CITY 16 99.03 58.27 1555.24 1590.55
CITY 17 84.76 85.25 167.71 214.74
CITY 18 96.79 0.08 1425.20 1474.56
CITY 19 10.97 28.22 88.80 121.76
CITY 20 59.02 62.52 1808.65 1840.83
CITY 21 43.52 21.12 448.21 472.38
CITY 22 55.54 84.33 920.45 952.96
CITY 23 28.85 87.27 327.26 347.61
CITY 24 64.84 14.40 2246.11 2285.85
CITY 25 97.50 13.58 356.76 400.93
CITY 26 86.02 89.36 1767.25 1815.16
CITY 27 62.32 45.44 1081.76 1126.37
CITY 28 38.47 22.57 1083.40 1103.62
CITY 29 49.82 73.09 1809.55 1837.63
CITY 30 92.66 57.64 94.56 115.69
CITY 31 48.33 36.86 1476.34 1525.19
CITY 32 8.01 73.02 1340.23 1386.01
CITY 33 75.06 27.94 1316.33 1352.03
CITY 34 61.01 24.52 1603.69 1643.60
CITY 35 66.87 68.41 1372.55 1409.94
CITY 36 61.30 90.36 1362.03 1382.35
CITY 37 45.40 90.61 1460.41 1490.36
CITY 38 35.29 97.78 754.50 779.52
CITY 39 69.51 59.76 778.39 821.94
CITY 40 26.04 62.93 1470.96 1508.15
CITY 41 65.63 29.18 1873.36 1894.18
CITY 42 48.48 12.68 204.23 247.74
CITY 43 25.21 61.58 705.47 733.18
CITY 44 74.14 60.38 2309.90 2352.07
CITY 45 65.92 36.98 453.23 496.71
CITY 46 23.62 18.08 1342.71 1363.70
CITY 47 98.41 96.73 1514.94 1559.59
CITY 48 83.76 75.28 1053.52 1085.01
CITY 49 66.07 72.60 432.72 470.06
CITY 50 84.18 5.43 678.13 722.71
CITY 51 5.25 46.40 1213.44 1247.73
CITY 52 94.83 92.25 600.46 640.97
CITY 53 39.01 26.26 1350.43 1383.47
CITY 54 28.88 79.73 975.32 1004.80
CITY 55 53.03 95.59 256.04 291.98
CITY 56 35.38 84.42 1552.70 1592.26
CITY 57 27.26 27.03 2037.45 2065.11
CITY 58 58.42 46.11 1716.46 1743.71
CITY 59 67.19 77.05 1323.92 1364.25
CITY 60 99.32 31.33 36.73 56.98
CITY 61 6.80 41.12 1337.34 1377.91
CITY 62 35.15 72.53 646.54 667.56
CITY 63 61.94 5.69 1511.39 1558.21
CITY 64 21.68 59.94 317.76 366.50
CITY 65 8.64 60.47 960.05 1002.96
CITY 66 64.79 80.32 476.91 500.24
CITY 67 18.43 29.46 1679.03 1701.30
CITY 68 45.34 99.52 1954.17 1994.94
CITY 69 66.76 77.01 660.29 703.71
CITY 70 27.73 6.24 991.97 1041.85
CITY 71 25.82 81.28 459.63 481.71
CITY 72 97.94 20.07 1002.19 1041.55
CITY 73 10.84 54.06 1099.78 1138.20
CITY 74 10.62 44.16 664.48 685.53
CITY 75 7.04 72.75 1974.08 1994.64
CITY 76 49.77 65.29 12.19 33.33
CITY 77 39.05 15.16 843.48 875.22
CITY 78 0.37 70.76 1958.29 1992.64
CITY 79 40.39 72.78 2062.62 2084.72
CITY 80 22.58 38.44 1751.76 1795.16
CITY 81 12.12 53.53 2515.78 2545.78
CITY 82 30.28 5.52 2529.46 2568.87
CITY 83 36.54 85.33 869.34 914.57
CITY 84 76.05 29.00 523.29 559.92
CITY 85 96.75 66.07 765.25 796.95
CITY 86 10.68 68.88 1239.39 1285.95
CITY 87 43.80 18.95 100.21 120.97
CITY 88 99.64 23.85 992.42 1036.20
CITY 89 64.34 49.97 2448.44 2492.79
CITY 90 96.66 1.64 867.37 897.51
CITY 91 72.10 40.55 544.91 584.53
CITY 92 52.31 94.01 2209.00 2245.09
CITY 93 74.11 23.30 192.03 234.09
CITY 94 48.89 1.91 2302.44 2340.99
CITY 95 24.27 64.88 46.30 85.28
CITY 96 90.47 82.07 255.86 294.19
CITY 97 83.54 6.40 2075.75 2099.17
CITY 98 59.50 61.56 169.48 195.56
CITY 99 33.73 83.59 1874.75 1906.81
CITY 100 12.08 68.41 1389.45 1419.10
