NUM_CLIENTS 100
NUM_VEHICLES 70
CITY 0 0.0 0.0 0.0 2498
CITY 1 49.57 53.08 878.58 903.59
CITY 2 93.19 7.94 1789.47 1822.87
CITY 3 91.62 55.70 786.10 812.38
CITY 4 81.56 65.79 1811.99 1837.27
CITY 5 88.92 50.55 1133.08 1161.09
CITY 6 68.03 89.03 1224.26 1247.63
CITY 7 19.40 96.49 2130.31 2178.33
CITY 8 67.67 69.15 1011.83 1042.07
CITY 9 74.20 14.76 2216.24 2250.12
CITY 10 13.21 43.00 1672.64 1704.84
CITY 11 19.50 0.34 689.37 711.22
CITY 12 82.74 92.50 1544.23 1574.95
CITY 13 15.25 43.93 1319.23 1339.97
CITY 14 93.61 32.55 1275.67 1325.20
CITY 15 3.64 92.08 1189.61 1230.09
CITY 16 72.95 6.57 464.22 498.11
CITY 17 84.67 19.49 1047.18 1085.31
CITY 18 22.67 57.37 1940.31 1983.39
CITY 19 21.76 39.80 1975.33 2016.15
CITY 20 49.44 16.45 95.53 119.18
CITY 21 37.81 34.59 1739.00 1774.54
CITY 22 39.08 90.65 75.31 114.66
CITY 23 57.56 63.12 1191.55 1218.94
CITY 24 12.78 37.35 1510.27 1555.09
CITY 25 85.98 68.29 2227.47 2251.92
CITY 26 15.08 69.32 1996.19 2023.00
CITY 27 61.59 89.36 1481.06 1506.29
CITY 28 28.73 85.29 1695.12 1739.97
CITY 29 78.17 22.21 873.15 897.02
CITY 30 42.32 8.71 863.32 884.36
CITY 31 39.71 90.74 1353.89 1387.67
CITY 32 51.15 38.91 1223.72 1272.51
CITY 33 76.45 80.69 2032.97 2058.96
CITY 34 3.86 1.42 313.97 345.87
CITY 35 35.42 84.53 2018.00 2054.61
CITY 36 89.29 55.83 1375.82 1424.68
CITY 37 70.61 96.37 1211.92 1255.73
CITY 38 63.03 92.30 1867.87 1903.89
CITY 39 25.83 40.25 498.34 531.62
CITY 40 26.27 14.51 2398.46 2447.38
CITY 41 98.22 98.25 355.30 380.15
CITY 42 71.21 1.69 268.75 306.97
CITY 43 25.38 15.40 1375.80 1415.91
CITY 44 74.06 15.43 1998.64 2048.37
CITY 45 63.13 18.41 1800.11 1830.72
CITY 46 5.72 18.30 2175.99 2225.77
CITY 47 33.75 37.16 130.22 161.90
CITY 48 83.31 63.54 1770.38 1816.32
CITY 49 24.46 85.51 289.74 311.40
CITY 50 39.68 79.30 682.35 727.18
CITY 51 0.63 66.90 568.58 605.35
CITY 52 30.49 12.20 1379.39 1403.84
CITY 53 88.85 7.17 1898.89 1924.12
CITY 54 66.11 50.87 709.28 741.26
CITY 55 57.09 72.01 1611.40 1642.99
CITY 56 31.38 27.68 1170.84 1201.68
CITY 57 25.14 7.27 434.89 473.68
CITY 58 6.73 8.65 2392.79 2420.82
CITY 59 7.75 76.64 1651.34 1681.23
CITY 60 27.16 56.96 1644.74 1682.03
CITY 61 37.60 98.48 1450.70 1484.22
CITY 62 49.67 80.49 156.76 200.87
CITY 63 81.12 1.82 421.36 470.65
CITY 64 66.67 7.11 2123.45 2158.33
CITY 65 13.60 66.16 374.90 397.10
CITY 66 20.18 24.37 1756.71 1803.89
CITY 67 62.03 46.28 1391.20 1424.82
CITY 68 3.63 95.49 1166.99 1189.22
CITY 69 42.64 89.32 573.97 617.91
CITY 70 98.51 18.54 1077.48 1109.16
CITY 71 76.46 46.04 836.77 874.08
CITY 72 53.04 62.16 1591.65 1624.26
CITY 73 23.72 63.74 517.12 556.04
CITY 74 57.17 91.58 1699.46 1725.55
CITY 75 60.26 63.00 941.88 971.14
CITY 76 3.09 51.25 1777.75 1815.09
CITY 77 33.49 23.32 362.86 387.61
CITY 78 58.61 35.20 67.34 97.81
CITY 79 80.76 27.23 699.44 738.64
CITY 80 79.95 28.41 26.79 48.29
CITY 81 14.03 96.82 1141.88 1171.07
CITY 82 54.48 76.25 1220.25 1249.18
CITY 83 44.78 45.01 764.58 812.81
CITY 84 41.98 20.13 2181.10 2213.90
CITY 85 99.06 25.69 816.07 836.76
CITY 86 24.43 31.47 547.80 573.78
CITY 87 58.89 38.61 674.11 706.91
CITY 88 18.65 46.44 202.79 249.27
CITY 89 56.54 35.81 1397.98 1429.38
CITY 90 32.11 4.95 914.40 948.38
CITY 91 0.80 36.80 278.48 314.35
CITY 92 46.27 67.44 1049.97 1077.01
CITY 93 7.84 31.40 716.97 752.71
CITY 94 84.99 84.05 1871.29 1909.64
CITY 95 34.87 28.17 1612.89 1640.33
CITY 96 97.24 75.37 2142.42 2190.68
CITY 97 29.22 22.14 1738.63 1782.20
CITY 98 79.17 30.54 305.76 342.84
CITY 99 60.35 24.46 1490.99 1536.00
CITY 100 94.47 25.85 1419.94 1448.50
