NUM_CLIENTS 250
NUM_VEHICLES 85
CITY 0 0.0 0.0 0.0 7463
CITY 1 7.61 73.04 6817.22 6838.82
CITY 2 52.88 22.88 5634.22 5668.58
CITY 3 22.80 34.57 4368.46 4400.03
CITY 4 75.26 4.81 4112.06 4161.27
CITY 5 63.56 36.85 1969.77 2005.20
CITY 6 30.98 12.34 4137.11 4179.65
CITY 7 50.35 87.86 2690.10 2732.67
CITY 8 95.00 4.71 5013.10 5045.98
CITY 9 30.55 36.74 4838.29 4868.44
CITY 10 14.56 19.68 6525.04 6548.39
CITY 11 94.45 15.42 5287.79 5321.21
CITY 12 76.98 61.48 5462.15 5511.47
CITY 13 68.22 62.08 6047.88 6070.42
CITY 14 43.84 77.36 5667.06 5694.34
CITY 15 29.35 64.15 5504.96 5539.64
CITY 16 3.07 86.76 4119.32 4150.71
CITY 17 16.97 7.28 3524.45 3565.87
CITY 18 65.51 6.08 6278.82 6317.02
CITY 19 38.70 24.69 318.72 348.59
CITY 20 63.53 3.32 4517.54 4561.33
CITY 21 22.95 71.92 3734.01 3758.36
CITY 22 62.41 22.94 6286.04 6332.48
CITY 23 1.18 85.78 6400.44 6444.07
CITY 24 74.03 51.47 5304.30 5336.19
CITY 25 47.42 28.66 6709.74 6755.01
CITY 26 34.53 17.22 1891.12 1938.63
CITY 27 95.55 26.17 3174.76 3219.54
CITY 28 21.03 53.51 2687.16 2709.14
CITY 29 60.28 21.74 5225.98 5262.56
CITY 30 1.56 68.62 5604.09 5648.10
CITY 31 66.95 24.09 4420.38 4444.80
CITY 32 45.65 50.23 4903.90 4950.13
CITY 33 73.53 80.39 4214.15 4246.92
CITY 34 58.63 51.45 1157.49 1204.09
CITY 35 69.06 6.09 7362.72 7392.15
CITY 36 57.88 13.28 3558.56 3586.79
CITY 37 44.94 13.75 2799.76 2820.86
CITY 38 8.95 72.89 4438.60 4481.03
CITY 39 38.13 25.26 1992.52 2039.66
CITY 40 83.16 64.87 4395.48 4420.37
CITY 41 23.55 56.80 774.01 823.29
CITY 42 98.53 65.95 3711.27 3743.03
CITY 43 81.69 94.37 4204.40 4253.90
CITY 44 51.71 51.47 375.53 412.87
CITY 45 92.41 16.78 906.70 951.19
CITY 46 1.49 23.00 6591.00 6611.49
CITY 47 69.17 38.59 3222.68 3246.12
CITY 48 91.00 50.79 4684.10 4724.24
CITY 49 55.81 80.20 3569.71 3601.29
CITY 50 1.12 8.36 2197.38 2228.56
CITY 51 79.69 28.88 6800.54 6827.60
CITY 52 55.30 92.86 4821.03 4860.26
CITY 53 8.51 51.03 360.64 395.12
CITY 54 42.11 75.11 6348.56 6387.80
CITY 55 19.50 30.93 6423.62 6461.28
CITY 56 83.21 79.01 268.14 294.09
CITY 57 77.31 1.69 6193.73 6225.86
CITY 58 18.24 37.01 6047.74 6096.05
CITY 59 95.25 58.83 3249.07 3271.31
CITY 60 1.95 68.90 3237.05 3286.23
CITY 61 66.84 42.21 691.28 711.67
CITY 62 64.73 91.61 2224.17 2246.77
CITY 63 9.03 84.07 7362.05 7388.79
CITY 64 28.22 80.78 4019.86 4042.88
CITY 65 61.41 92.24 4388.74 4431.91
CITY 66 46.94 52.28 121.37 164.56
CITY 67 76.02 42.99 4068.58 4097.41
CITY 68 14.08 53.43 4210.97 4249.62
CITY 69 15.93 60.69 5820.70 5856.54
CITY 70 53.99 55.80 3859.85 3898.91
CITY 71 11.83 52.91 5059.80 5099.02
CITY 72 78.16 7.26 236.79 280.88
CITY 73 42.88 36.30 6257.34 6294.42
CITY 74 89.68 2.34 4412.58 4436.37
CITY 75 94.33 13.27 6533.37 6576.29
CITY 76 35.85 84.93 4681.74 4719.05
CITY 77 83.10 18.68 118.77 168.10
CITY 78 55.33 0.58 6995.53 7042.45
CITY 79 36.85 13.92 549.23 583.06
CITY 80 33.56 31.44 7097.17 7130.98
CITY 81 45.69 70.61 4977.15 5001.29
CITY 82 29.68 60.21 5814.38 5837.28
CITY 83 67.30 83.48 4092.21 4120.62
CITY 84 60.86 59.22 6968.56 7001.64
CITY 85 17.70 14.09 6991.22 7021.24
CITY 86 58.76 44.93 6015.04 6061.49
CITY 87 91.34 26.43 5424.64 5452.63
CITY 88 13.19 82.33 2575.96 2604.77
CITY 89 48.61 83.50 2371.26 2414.65
CITY 90 12.64 84.49 1057.79 1103.13
CITY 91 36.72 83.05 5268.40 5288.94
CITY 92 73.43 6.34 2966.01 3013.77
CITY 93 89.85 41.00 7047.58 7081.36
CITY 94 21.13 13.60 6284.92 6319.02
CITY 95 17.76 16.30 4155.61 4185.45
CITY 96 72.11 78.75 47.44 70.10
CITY 97 52.02 94.53 6056.97 6082.45
CITY 98 68.88 71.71 1789.46 1813.55
CITY 99 41.97 38.95 6924.11 6971.83
CITY 100 79.48 37.31 3574.32 3596.09
CITY 101 35.14 56.25 5177.40 5225.87
CITY 102 9.15 57.44 7225.89 7264.20
CITY 103 84.38 88.59 818.46 862.95
CITY 104 8.62 18.59 608.69 655.09
CITY 105 74.39 22.74 6057.81 6101.63
CITY 106 5.32 56.95 1487.71 1508.69
CITY 107 7.09 43.02 2333.88 2354.32
CITY 108 95.70 25.64 5196.99 5246.63
CITY 109 8.66 50.42 5822.89 5859.74
CITY 110 32.72 29.30 6011.82 6036.05
CITY 111 56.75 46.83 4400.71 4437.90
CITY 112 86.52 41.21 983.53 1011.24
CITY 113 95.65 76.60 3070.55 3112.53
CITY 114 95.93 79.30 3820.10 3844.34
CITY 115 47.41 80.48 6013.37 6035.84
CITY 116 90.17 72.54 533.56 561.30
CITY 117 4.54 35.18 4166.64 4204.96
CITY 118 22.18 18.32 3476.62 3505.52
CITY 119 97.08 78.37 5402.14 5435.27
CITY 120 52.40 88.13 1801.20 1847.35
CITY 121 15.14 52.99 3012.89 3041.08
CITY 122 54.57 3.89 3187.86 3213.68
CITY 123 54.80 98.97 7386.76 7433.49
CITY 124 93.09 50.34 4060.64 4109.67
CITY 125 31.79 22.79 6829.18 6873.11
CITY 126 63.06 84.98 3014.82 3038.96
CITY 127 4.74 33.40 3308.16 3341.49
CITY 128 27.67 5.01 2675.87 2714.46
CITY 129 35.24 36.42 2949.48 2975.66
CITY 130 18.28 82.47 4407.88 4444.10
CITY 131 33.33 76.57 803.16 837.96
CITY 132 69.98 73.06 4941.01 4979.01
CITY 133 88.95 9.97 626.93 649.93
CITY 134 77.89 94.14 711.47 761.06
CITY 135 1.91 32.85 2193.38 2241.65
CITY 136 68.20 5.40 5212.07 5237.11
CITY 137 2.38 71.71 2756.14 2783.15
CITY 138 81.76 93.22 5181.98 5204.47
CITY 139 17.71 0.07 622.18 646.23
CITY 140 43.77 31.37 5887.14 5924.12
CITY 141 87.19 5.95 1179.00 1211.53
CITY 142 81.25 91.90 594.39 617.72
CITY 143 21.46 71.95 1365.44 1411.79
CITY 144 96.66 65.47 5091.37 5119.16
CITY 145 63.37 61.76 246.83 275.30
CITY 146 95.59 49.23 5673.18 5714.31
CITY 147 84.45 46.37 4087.16 4135.08
CITY 148 70.83 58.99 2720.66 2741.51
CITY 149 23.06 75.10 496.84 517.13
CITY 150 39.27 95.74 4614.97 4664.06
CITY 151 77.29 1.22 5118.29 5155.66
CITY 152 0.30 34.82 6951.70 6998.05
CITY 153 42.84 50.65 5182.70 5225.51
CITY 154 6.44 54.28 4650.65 4697.95
CITY 155 95.54 99.05 2503.41 2541.87
CITY 156 89.19 95.98 2668.97 2711.77
CITY 157 24.36 37.38 4208.11 4232.50
CITY 158 36.13 7.07 449.18 498.09
CITY 159 56.94 57.76 4778.46 4810.39
CITY 160 42.85 91.40 6111.91 6133.67
CITY 161 54.67 71.71 3544.94 3566.26
CITY 162 69.55 24.16 3555.90 3583.92
CITY 163 68.02 71.67 7090.35 7130.22
CITY 164 57.03 28.90 4311.54 4360.43
CITY 165 37.50 22.50 30.57 65.30
CITY 166 37.70 84.81 1173.57 1203.41
CITY 167 21.80 63.29 6142.96 6165.14
CITY 168 21.25 37.95 1898.53 1945.50
CITY 169 18.36 10.58 3987.18 4012.69
CITY 170 6.11 18.68 7020.83 7061.90
CITY 171 14.95 78.93 2288.02 2333.70
CITY 172 6.97 73.72 246.51 267.71
CITY 173 89.50 42.18 5020.11 5050.79
CITY 174 0.56 76.43 4015.13 4062.53
CITY 175 51.04 24.30 1131.31 1178.39
CITY 176 8.84 39.26 1638.25 1662.33
CITY 177 92.75 28.16 5031.74 5080.47
CITY 178 92.35 45.65 5593.62 5643.50
CITY 179 55.65 98.20 3349.85 3395.56
CITY 180 86.07 8.77 4403.08 4440.89
CITY 181 42.35 16.75 353.69 402.29
CITY 182 24.03 67.10 6541.71 6585.63
CITY 183 88.47 14.15 2749.44 2785.06
CITY 184 7.77 46.19 3440.31 3461.05
CITY 185 59.58 0.11 3303.73 3326.45
CITY 186 34.43 16.21 5293.48 5330.00
CITY 187 18.09 43.14 7097.89 7120.86
CITY 188 79.53 72.56 1275.30 1305.87
CITY 189 91.04 78.57 3876.25 3923.54
CITY 190 72.28 68.64 4196.72 4229.73
CITY 191 77.28 50.31 1575.26 1606.40
CITY 192 55.02 8.16 4366.97 4396.36
CITY 193 74.96 69.03 3492.71 3533.82
CITY 194 9.42 55.60 339.12 360.63
CITY 195 99.24 33.97 1759.57 1795.62
CITY 196 80.83 60.39 1608.66 1645.08
CITY 197 37.54 94.26 3774.58 3812.03
CITY 198 89.92 80.37 2054.05 2102.89
CITY 199 31.10 5.34 720.50 755.92
CITY 200 16.81 75.40 1213.09 1234.71
CITY 201 55.12 61.50 3982.85 4021.61
CITY 202 83.87 22.86 4914.38 4939.04
CITY 203 25.20 27.74 3617.29 3645.66
CITY 204 21.14 13.17 5557.11 5592.86
CITY 205 10.97 42.15 7068.66 7099.46
CITY 206 60.24 19.63 85.57 109.36
CITY 207 62.73 1.30 277.36 303.60
CITY 208 5.07 93.71 5161.59 5188.16
CITY 209 13.12 71.69 3696.89 3742.41
CITY 210 12.72 87.58 1814.11 1855.64
CITY 211 4.14 77.68 977.15 999.95
CITY 212 33.55 4.70 1886.41 1912.32
CITY 213 68.22 82.49 2559.85 2603.64
CITY 214 23.08 82.82 3392.56 3423.24
CITY 215 90.31 9.60 3987.40 4011.36
CITY 216 7.10 2.29 1208.54 1246.49
CITY 217 41.57 88.35 5086.89 5129.16
CITY 218 46.97 37.81 4511.90 4557.72
CITY 219 15.91 74.91 3940.15 3963.73
CITY 220 78.52 26.37 6244.41 6286.67
CITY 221 82.12 6.69 2875.70 2900.56
CITY 222 56.75 80.15 1512.99 1536.54
CITY 223 48.68 50.11 2726.11 2762.82
CITY 224 36.86 84.12 6239.14 6286.36
CITY 225 46.05 75.31 6605.52 6637.01
CITY 226 70.04 92.99 632.69 668.05
CITY 227 39.37 36.17 2254.57 2283.17
CITY 228 76.31 25.47 4866.57 4899.80
CITY 229 43.15 97.97 5080.00 5118.14
CITY 230 18.86 22.47 3095.81 3116.07
CITY 231 64.72 37.69 3368.11 3392.00
CITY 232 16.89 13.47 6539.92 6563.45
CITY 233 29.55 14.69 1612.32 1644.65
CITY 234 13.74 82.87 2553.10 2592.73
CITY 235 69.54 26.66 1130.12 1170.49
CITY 236 85.02 63.62 7079.57 7115.58
CITY 237 49.30 98.63 7045.60 7084.13
CITY 238 73.99 93.03 1102.08 1129.29
CITY 239 31.11 82.07 636.56 674.58
CITY 240 68.27 26.37 1498.10 1528.27
CITY 241 23.94 13.40 7159.03 7208.71
CITY 242 94.72 97.41 1391.84 1422.81
CITY 243 5.76 53.16 1675.03 1702.85
CITY 244 20.23 81.52 5998.41 6025.64
CITY 245 7.87 83.45 6290.26 6326.13
CITY 246 40.57 37.39 5331.04 5362.13
CITY 247 46.69 72.78 6792.17 6829.08
CITY 248 26.86 33.08 3367.49 3405.10
CITY 249 89.49 79.75 1995.86 2039.03
CITY 250 90.15 63.57 7020.56 7051.38
