NUM_CLIENTS 349
NUM_VEHICLES 34
CITY 0 0.0 0.0 0.0 1621
CITY 1 98.30 34.16 722.34 760.33
CITY 2 1.59 69.18 1015.56 1035.62
CITY 3 47.65 90.14 1056.82 1089.22
CITY 4 89.53 70.33 1197.83 1233.98
CITY 5 78.73 64.91 121.79 142.72
CITY 6 83.21 67.16 1056.10 1086.69
CITY 7 81.28 82.75 562.36 587.68
CITY 8 76.80 69.70 13.25 47.13
CITY 9 93.62 44.46 348.01 368.60
CITY 10 28.11 92.14 562.14 584.84
CITY 11 61.34 30.32 1127.68 1154.71
CITY 12 49.38 36.30 441.07 488.20
CITY 13 70.70 20.91 308.05 352.69
CITY 14 39.61 86.99 894.06 928.88
CITY 15 55.18 65.98 888.73 929.20
CITY 16 56.51 6.54 201.48 223.43
CITY 17 25.96 56.99 358.13 393.83
CITY 18 78.23 19.19 1065.10 1114.86
CITY 19 69.30 53.29 397.34 434.14
CITY 20 45.39 93.79 1006.96 1055.25
CITY 21 5.19 93.88 679.53 729.39
CITY 22 27.40 68.02 733.01 763.85
CITY 23 75.90 88.38 352.77 381.10
CITY 24 42.01 44.89 8.11 33.94
CITY 25 8.18 57.18 39.86 81.98
CITY 26 97.81 42.38 116.95 144.45
CITY 27 16.45 31.08 983.44 1006.34
CITY 28 48.00 80.81 930.87 969.65
CITY 29 33.43 25.04 169.42 196.57
CITY 30 34.08 5.44 524.07 567.89
CITY 31 94.35 77.57 973.34 1016.26
CITY 32 62.53 57.89 134.38 156.20
CITY 33 3.33 31.33 1331.72 1353.68
CITY 34 12.75 91.91 694.25 723.30
CITY 35 62.62 6.58 1064.45 1101.23
CITY 36 29.49 38.15 150.55 193.11
CITY 37 23.31 59.96 1036.43 1056.74
CITY 38 38.39 79.52 1382.38 1420.96
CITY 39 33.96 93.76 1229.98 1263.60
CITY 40 32.82 19.25 161.33 199.18
CITY 41 6.75 78.94 304.17 341.36
CITY 42 63.74 25.63 661.40 703.14
CITY 43 44.46 24.32 1252.13 1273.94
CITY 44 31.17 43.58 1507.75 1550.38
CITY 45 31.12 88.52 1218.30 1242.73
CITY 46 30.87 34.29 579.43 599.67
CITY 47 58.64 67.83 90.05 125.26
CITY 48 83.52 85.87 663.06 688.92
CITY 49 20.04 90.85 1233.65 1263.90
CITY 50 66.79 69.48 1542.60 1580.59
CITY 51 33.11 57.84 1512.97 1551.46
CITY 52 41.87 16.23 713.71 757.38
CITY 53 4.22 21.94 5.81 32.50
CITY 54 23.03 62.39 375.50 417.54
CITY 55 95.26 33.15 1162.67 1188.83
CITY 56 18.42 98.99 569.99 592.20
CITY 57 3.00 11.52 456.50 482.33
CITY 58 58.57 76.55 68.97 89.87
CITY 59 19.78 17.41 1390.94 1432.50
CITY 60 33.98 55.45 280.49 301.13
CITY 61 84.29 91.06 32.98 73.30
CITY 62 37.89 78.74 174.33 222.42
CITY 63 30.51 24.01 1271.71 1311.53
CITY 64 94.12 97.71 1567.38 1613.83
CITY 65 87.84 6.54 226.90 274.63
CITY 66 79.49 19.17 594.15 625.37
CITY 67 59.95 97.70 384.19 405.57
CITY 68 61.60 18.91 841.22 884.91
CITY 69 32.77 5.33 1249.91 1296.09
CITY 70 85.15 96.84 1391.65 1417.92
CITY 71 8.14 47.07 1042.36 1064.31
CITY 72 50.86 75.13 1013.41 1048.68
CITY 73 49.86 46.43 505.58 536.80
CITY 74 69.45 71.56 777.32 805.37
CITY 75 40.09 92.12 917.44 938.53
CITY 76 21.95 20.30 1356.04 1387.91
CITY 77 30.60 88.87 897.62 945.69
CITY 78 37.41 55.06 211.03 233.55
CITY 79 44.45 35.16 917.40 951.36
CITY 80 62.11 42.61 734.52 766.79
CITY 81 80.45 31.70 600.70 626.09
CITY 82 23.38 64.54 564.14 586.61
CITY 83 84.26 51.28 1011.18 1054.76
CITY 84 92.66 9.84 112.09 133.24
CITY 85 20.03 19.66 517.24 546.32
CITY 86 81.56 68.35 431.18 472.35
CITY 87 99.80 99.84 1181.99 1224.19
CITY 88 91.24 0.85 470.47 515.14
CITY 89 78.31 40.38 637.45 674.85
CITY 90 65.53 47.20 805.37 848.20
CITY 91 14.93 39.75 356.50 398.98
CITY 92 47.44 51.58 1234.77 1277.49
CITY 93 72.25 46.14 1244.10 1273.49
CITY 94 18.78 77.01 1096.47 1122.75
CITY 95 45.00 55.84 588.65 625.98
CITY 96 12.83 94.34 15.21 59.52
CITY 97 83.43 33.98 658.48 699.05
CITY 98 40.34 77.86 844.58 874.36
CITY 99 2.32 78.54 1448.69 1473.30
CITY 100 95.26 33.03 989.48 1027.57
CITY 101 60.78 86.69 1539.85 1565.98
CITY 102 39.06 53.45 295.88 319.14
CITY 103 56.95 45.15 1405.64 1428.44
CITY 104 10.43 55.29 50.36 91.04
CITY 105 48.86 18.67 109.17 158.06
CITY 106 28.38 23.30 1036.18 1058.28
CITY 107 5.75 51.85 269.94 315.73
CITY 108 41.09 15.70 173.98 210.07
CITY 109 47.83 6.88 1500.46 1546.43
CITY 110 12.99 20.57 678.99 720.28
CITY 111 47.48 60.37 1475.41 1513.04
CITY 112 50.25 68.48 432.72 452.94
CITY 113 14.27 6.40 627.20 671.43
CITY 114 52.59 91.03 1381.29 1415.09
CITY 115 57.61 73.73 452.31 498.74
CITY 116 45.63 70.03 1118.00 1146.92
CITY 117 61.30 81.00 275.12 302.60
CITY 118 90.00 73.32 719.25 766.57
CITY 119 18.34 56.86 618.27 666.64
CITY 120 23.97 87.05 430.10 468.95
CITY 121 29.19 91.63 1096.63 1138.30
CITY 122 21.73 49.35 1559.04 1595.63
CITY 123 99.53 7.65 165.31 208.30
CITY 124 32.60 45.09 397.10 432.28
CITY 125 46.22 7.32 1091.04 1133.53
CITY 126 38.12 74.60 1344.42 1376.32
CITY 127 1.07 11.47 1440.82 1470.64
CITY 128 74.87 48.48 107.20 143.65
CITY 129 24.23 95.00 220.34 264.95
CITY 130 84.16 17.06 28.38 51.40
CITY 131 29.41 53.47 614.02 636.35
CITY 132 76.36 67.74 241.14 271.89
CITY 133 21.67 3.44 1060.49 1086.98
CITY 134 69.67 83.65 1274.89 1314.12
CITY 135 71.64 89.70 613.66 642.91
CITY 136 5.24 0.47 1213.46 1256.47
CITY 137 92.88 37.46 374.75 397.49
CITY 138 42.17 98.93 529.61 555.37
CITY 139 66.89 22.06 1386.07 1429.98
CITY 140 83.05 16.79 262.43 294.90
CITY 141 10.77 32.71 882.99 908.67
CITY 142 20.71 54.17 1475.05 1498.67
CITY 143 21.38 35.66 272.76 304.82
CITY 144 31.62 38.92 720.74 742.72
CITY 145 81.51 64.99 579.67 601.69
CITY 146 21.86 30.15 940.82 990.32
CITY 147 10.18 53.62 1556.12 1601.64
CITY 148 17.15 95.90 942.39 991.83
CITY 149 69.63 67.79 1527.59 1568.40
CITY 150 33.20 63.54 1388.71 1418.25
CITY 151 85.16 48.21 526.45 564.71
CITY 152 58.50 38.24 1006.37 1033.34
CITY 153 58.75 98.84 365.42 403.91
CITY 154 89.68 30.88 1159.26 1201.98
CITY 155 61.98 5.99 588.38 617.28
CITY 156 15.17 20.44 59.55 107.25
CITY 157 59.81 94.59 1161.37 1191.23
CITY 158 27.81 64.36 1194.74 1230.36
CITY 159 97.76 64.80 453.16 473.87
CITY 160 84.69 33.13 380.57 416.75
CITY 161 90.66 66.50 390.14 430.76
CITY 162 71.95 60.81 599.31 628.96
CITY 163 44.24 0.60 1366.56 1388.66
CITY 164 19.25 63.44 222.35 248.47
CITY 165 9.18 59.26 1305.85 1353.80
CITY 166 23.63 7.82 1138.96 1168.30
CITY 167 72.17 24.49 277.18 304.65
CITY 168 28.54 44.83 998.53 1026.69
CITY 169 78.13 8.00 1527.88 1559.83
CITY 170 16.78 44.14 793.81 835.86
CITY 171 76.03 81.96 1246.68 1267.27
CITY 172 38.14 85.40 1192.17 1239.81
CITY 173 59.52 15.28 1141.56 1169.28
CITY 174 46.37 45.36 589.36 627.54
CITY 175 7.19 13.67 737.21 761.85
CITY 176 18.96 1.28 786.60 828.36
CITY 177 49.15 92.57 1477.19 1526.30
CITY 178 37.31 48.96 1007.09 1044.74
CITY 179 40.88 3.88 1447.84 1479.38
CITY 180 56.56 19.42 685.42 713.08
CITY 181 91.31 72.22 800.59 835.25
CITY 182 68.85 69.65 1022.57 1070.37
CITY 183 73.57 24.24 54.21 98.61
CITY 184 63.10 67.64 1095.73 1135.09
CITY 185 26.13 45.55 1069.96 1097.58
CITY 186 60.21 95.18 1322.02 1342.39
CITY 187 77.10 64.44 1440.42 1472.35
CITY 188 58.62 90.10 814.62 840.29
CITY 189 42.29 82.97 397.26 426.33
CITY 190 96.77 65.85 601.36 630.60
CITY 191 41.16 87.64 1143.14 1165.81
CITY 192 63.62 77.67 541.04 565.32
CITY 193 74.87 93.00 625.21 654.45
CITY 194 98.70 81.64 2.48 24.58
CITY 195 69.63 52.50 1028.25 1070.24
CITY 196 17.06 37.47 1106.06 1132.00
CITY 197 18.20 94.85 707.99 752.42
CITY 198 18.56 5.90 287.07 329.84
CITY 199 25.94 90.23 642.21 681.02
CITY 200 62.44 86.84 260.98 289.78
CITY 201 37.77 27.68 537.52 575.09
CITY 202 47.79 67.28 158.37 180.20
CITY 203 75.18 0.72 915.02 964.65
CITY 204 9.68 52.23 11.41 49.50
CITY 205 98.69 76.14 1464.37 1498.57
CITY 206 33.70 42.95 582.50 629.21
CITY 207 99.94 81.68 1478.30 1518.25
CITY 208 37.84 5.72 559.32 589.23
CITY 209 10.02 45.69 1097.04 1138.80
CITY 210 88.80 13.89 945.60 991.67
CITY 211 27.95 69.93 1280.45 1311.50
CITY 212 61.84 65.89 746.54 778.93
CITY 213 18.79 98.62 1504.31 1548.69
CITY 214 1.66 36.02 71.88 116.11
CITY 215 32.55 44.43 953.22 985.23
CITY 216 61.26 8.14 672.26 720.20
CITY 217 93.08 98.69 1346.50 1393.66
CITY 218 73.43 29.39 306.47 330.76
CITY 219 52.01 57.19 1346.04 1381.18
CITY 220 12.79 79.68 473.42 513.61
CITY 221 54.87 87.48 264.01 297.40
CITY 222 11.57 66.26 378.46 404.81
CITY 223 75.33 65.97 140.50 173.54
CITY 224 71.58 16.02 1459.41 1506.49
CITY 225 76.63 22.04 404.73 439.02
CITY 226 89.75 12.31 213.27 249.31
CITY 227 72.54 9.04 1086.79 1132.95
CITY 228 93.18 76.63 943.67 982.99
CITY 229 37.70 71.74 1156.26 1187.71
CITY 230 64.21 56.19 1345.00 1389.25
CITY 231 22.36 11.57 137.75 160.42
CITY 232 74.06 93.72 1169.79 1193.28
CITY 233 36.77 85.33 1498.84 1536.15
CITY 234 0.17 6.19 841.43 886.85
CITY 235 97.98 31.96 573.45 613.83
CITY 236 79.66 51.98 945.14 971.81
CITY 237 39.53 53.83 723.61 747.95
CITY 238 94.29 83.72 785.24 818.91
CITY 239 60.15 14.59 1045.27 1089.30
CITY 240 70.30 59.89 485.27 534.98
CITY 241 12.35 99.68 1109.95 1144.29
CITY 242 82.87 49.50 1106.20 1137.51
CITY 243 98.11 33.31 1300.61 1326.93
CITY 244 73.27 81.04 1100.34 1121.92
CITY 245 86.54 17.90 765.87 797.62
CITY 246 98.44 65.93 1333.02 1382.75
CITY 247 54.79 33.74 1064.98 1114.69
CITY 248 75.77 39.11 829.24 857.73
CITY 249 69.64 19.51 1345.17 1376.99
CITY 250 13.09 75.23 911.78 955.93
CITY 251 84.98 70.96 718.78 743.69
CITY 252 13.76 69.60 457.29 481.63
CITY 253 21.81 74.84 1155.19 1175.46
CITY 254 72.60 57.57 1065.64 1115.29
CITY 255 14.76 95.04 670.99 716.24
CITY 256 92.60 9.60 1530.40 1555.79
CITY 257 5.25 98.03 1021.30 1059.11
CITY 258 96.97 62.70 634.67 655.69
CITY 259 24.09 48.86 1080.82 1129.46
CITY 260 65.28 37.54 1086.81 1130.67
CITY 261 65.85 77.77 1358.75 1398.26
CITY 262 27.52 65.32 577.06 600.66
CITY 263 8.26 48.92 1050.67 1085.97
CITY 264 2.30 57.30 899.60 927.81
CITY 265 74.54 79.43 284.50 319.03
CITY 266 64.46 43.37 897.71 920.69
CITY 267 6.35 90.89 1249.30 1274.84
CITY 268 81.29 1.97 873.57 909.66
CITY 269 81.22 48.86 815.19 852.74
CITY 270 71.37 79.01 194.94 237.53
CITY 271 96.57 89.76 283.82 321.80
CITY 272 17.99 55.47 1257.61 1281.30
CITY 273 12.88 20.62 253.26 290.14
CITY 274 85.15 3.50 1539.47 1574.65
CITY 275 36.36 54.44 664.61 712.97
CITY 276 0.01 30.06 1486.50 1522.09
CITY 277 78.28 65.92 698.97 736.28
CITY 278 69.51 52.27 1549.04 1579.60
CITY 279 53.82 20.98 155.54 200.14
CITY 280 23.71 18.81 470.84 515.82
CITY 281 95.74 60.21 339.40 370.17
CITY 282 12.85 62.23 116.82 144.47
CITY 283 38.18 90.37 628.49 650.99
CITY 284 25.42 42.53 1091.08 1127.16
CITY 285 7.06 73.27 1563.71 1604.61
CITY 286 19.26 37.21 1032.65 1077.26
CITY 287 60.49 41.97 241.14 290.91
CITY 288 43.36 2.59 948.27 970.59
CITY 289 12.46 11.00 861.49 883.47
CITY 290 64.02 36.28 523.96 552.15
CITY 291 86.89 22.58 15.50 46.81
CITY 292 96.88 37.86 164.96 212.73
CITY 293 17.57 72.83 481.59 526.23
CITY 294 48.96 52.90 1100.42 1146.38
CITY 295 55.15 60.75 1408.51 1433.63
CITY 296 94.65 38.96 542.27 584.51
CITY 297 96.80 53.17 934.14 979.63
CITY 298 47.69 12.76 14.92 50.33
CITY 299 15.55 12.64 595.10 637.16
CITY 300 5.29 72.54 1530.94 1572.16
CITY 301 24.91 60.87 1110.36 1135.86
CITY 302 98.62 79.85 789.00 817.28
CITY 303 42.78 94.17 1384.66 1429.08
CITY 304 30.52 85.79 1488.45 1520.65
CITY 305 31.27 9.01 124.86 166.75
CITY 306 94.49 16.51 90.19 132.50
CITY 307 55.42 49.29 1373.61 1422.47
CITY 308 42.40 50.87 1148.08 1182.47
CITY 309 51.50 99.80 1395.17 1436.11
CITY 310 40.55 61.63 1431.00 1473.38
CITY 311 71.42 70.26 1177.73 1205.06
CITY 312 73.90 95.09 1293.50 1339.91
CITY 313 52.81 60.92 954.18 1003.12
CITY 314 67.45 88.19 822.44 849.20
CITY 315 7.51 83.94 807.00 855.57
CITY 316 42.27 37.91 586.43 609.83
CITY 317 91.40 24.98 846.96 889.95
CITY 318 11.79 29.92 461.16 487.55
CITY 319 73.80 56.88 341.63 370.78
CITY 320 93.31 64.30 1297.22 1318.28
CITY 321 46.31 61.77 767.07 797.74
CITY 322 61.55 32.86 555.97 576.12
CITY 323 89.02 18.62 556.97 580.01
CITY 324 49.20 8.47 807.99 832.61
CITY 325 12.38 48.74 244.50 284.19
CITY 326 22.61 39.54 470.18 503.03
CITY 327 18.22 81.15 170.76 203.92
CITY 328 83.94 16.18 555.72 588.74
CITY 329 35.92 87.05 311.79 337.47
CITY 330 4.03 39.45 1168.70 1215.73
CITY 331 16.03 19.90 752.97 792.93
CITY 332 26.58 42.11 864.24 908.24
CITY 333 71.43 32.49 1200.86 1247.31
CITY 334 50.19 92.36 1324.45 1356.12
CITY 335 10.97 10.79 33.23 57.90
CITY 336 50.00 76.74 371.55 411.90
CITY 337 34.21 97.64 1158.50 1191.53
CITY 338 28.95 48.59 1195.37 1222.81
CITY 339 15.25 51.12 391.91 434.91
CITY 340 86.42 99.43 388.59 433.21
CITY 341 19.84 70.65 1272.44 1313.47
CITY 342 50.23 18.12 1559.30 1597.03
CITY 343 63.45 22.94 207.84 228.99
CITY 344 99.04 92.91 669.72 708.22
CITY 345 9.09 5.10 639.86 669.06
CITY 346 63.33 23.14 528.14 562.51
CITY 347 50.99 64.39 478.04 506.12
CITY 348 28.06 35.10 656.79 686.39
CITY 349 4.76 4.09 81.90 124.24
