NUM_CLIENTS 150
NUM_VEHICLES 150
CITY 0 0.0 0.0 0.0 9141
CITY 1 69.86 29.95 3747.04 3777.16
CITY 2 78.14 69.52 2614.15 2638.83
CITY 3 88.12 3.21 6831.04 6866.14
CITY 4 1.09 83.27 6184.20 6230.48
CITY 5 55.42 82.95 8356.80 8391.86
CITY 6 70.94 42.37 1433.91 1483.10
CITY 7 52.15 97.79 1146.34 1172.69
CITY 8 61.90 21.89 1678.12 1720.50
CITY 9 55.93 84.17 7425.17 7459.22
CITY 10 31.32 64.19 7522.29 7547.24
CITY 11 80.33 64.66 1778.35 1801.60
CITY 12 7.78 60.32 7698.06 7718.90
CITY 13 28.22 54.16 603.16 641.08
CITY 14 75.65 30.91 5019.91 5059.06
CITY 15 3.24 26.92 8879.08 8916.02
CITY 16 56.37 79.02 424.83 454.26
CITY 17 94.35 0.85 3248.73 3277.20
CITY 18 39.81 19.49 6837.48 6879.25
CITY 19 97.39 70.27 894.31 926.52
CITY 20 74.15 10.10 7342.86 7367.36
CITY 21 58.72 38.21 5334.72 5380.28
CITY 22 29.01 15.15 4215.47 4262.02
CITY 23 9.33 71.85 8041.26 8085.48
CITY 24 65.42 76.88 1472.47 1521.38
CITY 25 51.63 72.87 5925.32 5973.22
CITY 26 34.14 78.54 3088.65 3119.46
CITY 27 85.60 43.09 8098.26 8141.49
CITY 28 38.76 20.88 5552.93 5575.18
CITY 29 15.24 62.78 4528.00 4572.15
CITY 30 14.26 87.05 4978.54 5027.61
CITY 31 78.14 8.72 864.65 894.06
CITY 32 93.41 16.15 2553.75 2584.65
CITY 33 8.92 17.92 7019.99 7047.73
CITY 34 47.33 25.60 7970.93 8010.44
CITY 35 14.04 12.40 5174.67 5195.86
CITY 36 85.90 40.09 7792.43 7839.94
CITY 37 12.90 36.67 7681.95 7730.51
CITY 38 37.37 68.22 4604.46 4632.35
CITY 39 87.55 68.26 5645.79 5685.11
CITY 40 74.10 24.48 7467.64 7487.87
CITY 41 85.31 29.07 1446.67 1478.65
CITY 42 7.30 38.82 4207.95 4230.76
CITY 43 46.59 64.25 8184.05 8217.99
CITY 44 8.58 73.18 8341.46 8389.13
CITY 45 76.82 19.95 2995.11 3024.63
CITY 46 99.64 48.63 6387.50 6421.79
CITY 47 27.84 3.83 1424.29 1458.38
CITY 48 64.02 32.02 294.45 332.48
CITY 49 38.03 93.65 3292.72 3325.62
CITY 50 47.34 5.41 7892.50 7941.07
CITY 51 68.37 26.98 5782.68 5805.18
CITY 52 6.93 40.51 2719.20 2760.56
CITY 53 87.13 52.48 6091.04 6118.82
CITY 54 83.05 9.24 8197.81 8228.07
CITY 55 75.32 16.45 3181.78 3214.35
CITY 56 47.55 68.88 1469.22 1510.12
CITY 57 35.47 69.29 3543.76 3564.06
CITY 58 78.31 59.71 716.58 756.62
CITY 59 61.65 32.37 8967.21 9015.38
CITY 60 74.28 73.67 2884.28 2908.79
CITY 61 45.87 14.75 7858.72 7882.13
CITY 62 97.00 40.64 4738.40 4758.51
CITY 63 45.06 83.25 1151.64 1185.12
CITY 64 96.95 9.74 1995.31 2044.68
CITY 65 42.02 54.61 1518.36 1549.69
CITY 66 34.81 95.24 8834.41 8871.72
CITY 67 1.44 81.38 157.03 203.93
CITY 68 50.21 86.78 6360.50 6399.97
CITY 69 45.60 41.04 3208.43 3244.70
CITY 70 52.32 76.51 1039.60 1064.88
CITY 71 42.84 17.69 5412.21 5448.50
CITY 72 38.16 84.51 6262.73 6295.85
CITY 73 28.32 62.04 8411.16 8456.87
CITY 74 99.54 80.59 952.72 992.21
CITY 75 61.63 41.13 4517.85 4560.40
CITY 76 92.72 9.97 4042.90 4080.34
CITY 77 3.26 28.99 3829.84 3856.53
CITY 78 45.46 38.11 1785.88 1819.97
CITY 79 12.44 96.76 8310.30 8342.69
CITY 80 82.04 70.38 6740.41 6760.64
CITY 81 37.46 22.39 2585.41 2631.80
CITY 82 26.45 83.85 7230.65 7263.09
CITY 83 24.16 90.02 3774.59 3795.05
CITY 84 15.34 37.44 7426.52 7471.12
CITY 85 59.99 33.51 8720.14 8769.92
CITY 86 24.18 97.35 1759.55 1798.88
CITY 87 82.85 80.13 5257.49 5281.35
CITY 88 63.63 97.74 1587.53 1634.65
CITY 89 51.73 43.74 914.27 958.30
CITY 90 50.43 63.14 7132.06 7177.35
CITY 91 62.73 26.02 5030.93 5079.40
CITY 92 20.38 9.33 3982.22 4021.09
CITY 93 59.33 2.78 6435.50 6483.11
CITY 94 7.88 38.24 6751.19 6775.10
CITY 95 45.37 63.15 3262.10 3289.29
CITY 96 89.79 29.69 4872.12 4899.48
CITY 97 78.00 78.60 7005.93 7045.70
CITY 98 27.50 93.50 5707.76 5746.92
CITY 99 57.94 10.34 4179.34 4217.22
CITY 100 10.71 28.25 8133.91 8156.69
CITY 101 49.42 36.14 7622.75 7654.47
CITY 102 49.10 2.20 678.14 726.92
CITY 103 7.63 68.73 3417.68 3447.09
CITY 104 90.83 80.85 1642.82 1663.13
CITY 105 17.87 56.73 5519.03 5539.98
CITY 106 97.59 99.37 4404.40 4442.82
CITY 107 54.65 15.84 6745.35 6793.15
CITY 108 19.28 2.96 219.21 254.56
CITY 109 15.23 86.69 1052.39 1078.90
CITY 110 32.75 21.98 6618.64 6666.84
CITY 111 26.76 48.16 8666.28 8696.73
CITY 112 55.15 29.43 6777.11 6811.98
CITY 113 51.27 39.99 1763.13 1788.31
CITY 114 68.71 88.73 2562.51 2594.30
CITY 115 58.36 76.64 2839.50 2883.33
CITY 116 95.38 48.78 8027.23 8059.94
CITY 117 74.71 81.59 5666.65 5704.87
CITY 118 42.93 56.71 3405.94 3444.92
CITY 119 6.43 16.72 316.57 351.92
CITY 120 58.69 29.35 7517.14 7556.49
CITY 121 96.51 35.23 281.88 307.28
CITY 122 32.27 79.09 3258.68 3280.86
CITY 123 65.70 37.20 7088.77 7112.44
CITY 124 31.86 1.09 2996.46 3030.42
CITY 125 79.52 89.87 5110.26 5141.83
CITY 126 60.18 52.73 944.62 972.96
CITY 127 60.79 88.34 7818.87 7841.11
CITY 128 89.27 42.18 6877.06 6906.60
CITY 129 32.01 19.71 7299.55 7334.51
CITY 130 99.03 42.12 1136.89 1162.02
CITY 131 32.69 38.29 5244.41 5272.96
CITY 132 64.37 85.61 8981.62 9028.97
CITY 133 28.44 84.16 3667.92 3714.80
CITY 134 91.80 3.91 5865.21 5887.29
CITY 135 9.51 80.25 6577.87 6606.11
CITY 136 75.37 40.03 5063.12 5092.52
CITY 137 61.23 39.33 6334.53 6368.16
CITY 138 84.87 96.72 1112.55 1143.77
CITY 139 61.80 2.93 444.38 464.69
CITY 140 10.51 32.29 6254.09 6287.16
CITY 141 17.02 19.12 8203.57 8234.64
CITY 142 90.29 98.96 8492.66 8538.70
CITY 143 25.97 78.49 1016.21 1064.62
CITY 144 7.50 32.93 5574.39 5618.76
CITY 145 26.99 17.03 1261.03 1294.85
CITY 146 12.63 86.19 6848.31 6894.94
CITY 147 96.58 41.33 4067.21 4090.88
CITY 148 52.76 57.79 6014.98 6064.27
CITY 149 32.19 73.09 2060.77 2088.68
CITY 150 29.62 8.28 5081.88 5128.06
