NUM_CLIENTS 25
NUM_VEHICLES 20
CITY 0 0.0 0.0 0.0 1438
CITY 1 62.60 1.04 499.86 541.77
CITY 2 27.97 25.60 31.55 71.27
CITY 3 86.80 93.90 813.73 855.41
CITY 4 68.81 94.57 364.62 403.41
CITY 5 60.43 20.62 619.33 649.06
CITY 6 20.39 62.98 1192.63 1224.49
CITY 7 44.61 72.98 607.92 632.37
CITY 8 47.90 49.60 643.04 687.51
CITY 9 17.61 56.97 1309.94 1335.36
CITY 10 28.20 31.02 1229.88 1274.40
CITY 11 68.74 18.78 207.77 240.57
CITY 12 45.50 64.51 564.65 606.38
CITY 13 13.73 75.04 26.24 49.24
CITY 14 38.40 11.00 28.67 73.59
CITY 15 93.47 13.22 1071.22 1099.25
CITY 16 93.86 59.96 1101.93 1122.21
CITY 17 79.17 54.24 1137.56 1183.14
CITY 18 8.50 13.92 1056.83 1103.60
CITY 19 81.55 30.74 669.94 697.25
CITY 20 54.35 26.75 759.10 779.73
CITY 21 4.45 54.46 151.34 197.93
CITY 22 41.53 0.12 319.10 345.90
CITY 23 38.54 35.33 405.27 452.92
CITY 24 68.44 68.68 995.06 1042.11
CITY 25 49.18 99.08 319.39 368.09
