NUM_CLIENTS 80
NUM_VEHICLES 8
CITY 0 0.0 0.0 0.0 1419
CITY 1 12.30 20.19 1327.43 1370.51
CITY 2 0.66 83.48 648.45 677.05
CITY 3 17.13 26.60 979.11 1011.56
CITY 4 62.94 24.55 1031.14 1067.03
CITY 5 78.72 13.80 587.06 634.60
CITY 6 89.81 95.18 706.62 747.08
CITY 7 94.37 44.26 1054.34 1095.87
CITY 8 51.73 6.96 463.14 495.19
CITY 9 77.24 43.41 538.38 559.49
CITY 10 92.25 15.10 786.57 835.90
CITY 11 98.00 79.91 1198.99 1248.17
CITY 12 41.93 88.58 959.38 1005.59
CITY 13 72.16 31.37 471.15 515.96
CITY 14 90.02 61.04 201.05 233.17
CITY 15 64.39 88.76 854.75 893.29
CITY 16 44.21 34.53 1111.40 1150.86
CITY 17 77.54 88.10 115.38 151.50
CITY 18 39.00 71.89 1204.55 1240.16
CITY 19 54.08 21.37 700.48 729.85
CITY 20 34.07 63.57 32.06 78.77
CITY 21 53.99 25.87 1139.32 1168.44
CITY 22 42.27 50.53 1002.09 1047.34
CITY 23 25.98 50.75 169.50 212.20
CITY 24 94.13 44.87 783.66 803.82
CITY 25 33.90 23.61 1020.94 1058.39
CITY 26 71.46 93.75 911.10 956.43
CITY 27 23.38 29.92 913.02 957.47
CITY 28 57.28 14.00 517.02 559.15
CITY 29 10.52 51.65 263.61 306.96
CITY 30 45.43 14.66 582.77 615.13
CITY 31 9.22 42.49 178.06 204.50
CITY 32 7.81 67.68 551.37 588.14
CITY 33 77.88 87.20 799.91 839.01
CITY 34 99.65 68.90 1297.57 1339.52
CITY 35 41.69 16.28 692.42 726.96
CITY 36 45.77 96.80 702.55 738.43
CITY 37 69.45 45.54 44.64 69.34
CITY 38 55.90 92.17 162.59 208.16
CITY 39 11.03 36.96 396.45 432.13
CITY 40 11.77 30.49 512.64 541.45
CITY 41 2.80 14.29 1073.01 1105.66
CITY 42 93.68 30.52 388.09 413.58
CITY 43 73.97 0.21 749.58 771.61
CITY 44 4.47 48.12 423.98 457.55
CITY 45 33.78 37.73 1142.38 1187.39
CITY 46 13.28 13.85 871.31 914.16
CITY 47 66.72 14.90 996.45 1019.13
CITY 48 62.48 62.36 530.12 577.13
CITY 49 33.90 4.58 917.84 951.13
CITY 50 27.74 8.85 226.73 247.47
CITY 51 63.01 77.16 422.81 462.17
CITY 52 64.39 8.52 1307.63 1343.88
CITY 53 75.76 95.73 714.28 756.80
CITY 54 50.26 1.87 901.15 937.11
CITY 55 96.24 27.50 281.75 326.64
CITY 56 83.89 57.96 115.88 151.89
CITY 57 32.04 58.89 672.83 720.84
CITY 58 34.00 18.05 32.93 68.77
CITY 59 38.20 9.10 1341.33 1377.58
CITY 60 28.54 18.27 1051.81 1076.44
CITY 61 95.22 67.86 80.65 129.49
CITY 62 18.15 71.33 408.00 430.96
CITY 63 14.25 89.30 353.11 401.36
CITY 64 89.95 5.19 328.04 365.95
CITY 65 23.65 50.86 690.55 739.03
CITY 66 26.93 31.83 757.22 779.19
CITY 67 2.89 63.35 1250.90 1271.46
CITY 68 55.41 58.62 138.97 181.86
CITY 69 65.16 12.56 777.93 811.31
CITY 70 84.63 50.04 1071.76 1096.04
CITY 71 54.04 16.82 335.63 384.20
CITY 72 96.14 55.52 57.21 101.59
CITY 73 96.11 62.07 894.04 919.06
CITY 74 6.02 92.18 374.15 401.68
CITY 75 68.00 99.92 1153.30 1179.68
CITY 76 84.07 28.13 220.98 257.00
CITY 77 6.99 8.97 956.15 1001.06
CITY 78 72.51 99.88 1202.36 1228.69
CITY 79 50.48 80.21 1210.10 1258.46
CITY 80 63.52 97.96 968.92 997.11
