NUM_CLIENTS 250
NUM_VEHICLES 220
CITY 0 0.0 0.0 0.0 9728
CITY 1 89.09 58.57 5651.74 5700.88
CITY 2 52.60 57.08 4035.94 4058.24
CITY 3 76.83 67.69 8589.07 8609.85
CITY 4 68.13 68.06 3820.83 3858.54
CITY 5 95.12 83.70 1496.70 1519.13
CITY 6 83.07 65.95 4399.81 4448.46
CITY 7 59.42 0.58 9385.74 9425.43
CITY 8 95.09 32.49 7082.58 7124.61
CITY 9 95.74 56.92 2053.49 2074.96
CITY 10 64.36 32.32 546.91 569.03
CITY 11 95.19 38.14 3866.16 3891.50
CITY 12 96.50 86.55 872.27 917.84
CITY 13 16.29 77.95 2764.76 2807.34
CITY 14 65.41 12.06 4755.49 4788.46
CITY 15 80.64 31.01 6632.21 6656.15
CITY 16 66.55 83.21 4966.33 5001.02
CITY 17 88.54 47.64 5453.64 5486.33
CITY 18 75.65 81.10 5944.87 5977.90
CITY 19 42.60 4.04 3313.99 3347.89
CITY 20 22.42 68.62 1509.21 1544.07
CITY 21 62.96 52.47 2820.52 2853.64
CITY 22 90.72 47.76 1446.73 1470.56
CITY 23 90.29 84.15 5067.25 5096.12
CITY 24 4.77 7.65 445.98 469.21
CITY 25 42.49 9.45 6399.15 6436.20
CITY 26 25.34 25.49 800.55 835.65
CITY 27 11.39 66.16 1745.91 1771.38
CITY 28 39.30 8.33 8486.47 8515.40
CITY 29 58.72 45.50 6490.07 6528.79
CITY 30 26.51 96.67 8434.16 8459.78
CITY 31 18.51 74.70 5849.98 5896.13
CITY 32 10.63 53.44 66.53 90.03
CITY 33 17.17 47.71 6698.38 6744.45
CITY 34 96.58 60.19 4715.63 4754.19
CITY 35 97.39 36.07 6524.33 6565.04
CITY 36 39.50 30.27 1219.37 1239.78
CITY 37 11.19 1.59 9392.99 9438.76
CITY 38 20.92 64.86 6291.68 6324.76
CITY 39 62.61 79.00 1855.76 1884.79
CITY 40 46.34 47.40 220.93 245.91
CITY 41 15.24 70.26 9328.66 9362.81
CITY 42 85.98 58.52 1956.54 1993.62
CITY 43 83.38 5.09 86.13 125.04
CITY 44 71.31 97.95 8214.42 8256.53
CITY 45 59.58 55.43 2821.21 2855.83
CITY 46 48.61 59.10 5921.94 5962.30
CITY 47 81.67 48.79 6915.76 6951.61
CITY 48 42.20 31.59 624.02 670.81
CITY 49 41.71 47.33 4793.62 4841.79
CITY 50 34.68 69.75 211.16 239.80
CITY 51 19.22 34.38 2253.97 2280.56
CITY 52 90.91 33.92 5831.10 5876.38
CITY 53 65.70 13.12 2846.53 2887.88
CITY 54 95.98 83.31 6517.60 6559.64
CITY 55 79.60 79.98 8174.93 8213.58
CITY 56 28.25 74.93 6459.10 6482.97
CITY 57 19.95 60.57 985.54 1018.02
CITY 58 99.38 30.37 2034.80 2056.21
CITY 59 1.81 88.09 3461.90 3486.66
CITY 60 82.79 89.45 319.09 341.00
CITY 61 43.06 61.76 1176.81 1203.53
CITY 62 25.78 34.03 3444.47 3465.87
CITY 63 87.77 26.75 1471.59 1512.30
CITY 64 51.54 66.95 6839.52 6887.32
CITY 65 43.78 45.71 8146.56 8169.89
CITY 66 10.59 61.06 7571.89 7620.31
CITY 67 82.36 4.20 1029.11 1068.01
CITY 68 87.09 91.10 1528.19 1556.95
CITY 69 44.15 50.59 7092.31 7115.29
CITY 70 64.71 33.46 1341.98 1387.44
CITY 71 43.91 41.57 7445.01 7472.37
CITY 72 80.91 34.13 4892.56 4915.12
CITY 73 37.24 75.48 3496.70 3536.65
CITY 74 15.16 75.35 4087.21 4114.06
CITY 75 80.18 41.34 3967.20 4000.97
CITY 76 85.24 79.46 3507.63 3528.53
CITY 77 14.56 0.99 7804.79 7853.10
CITY 78 8.48 31.48 9503.44 9528.37
CITY 79 6.15 75.92 6392.58 6431.83
CITY 80 90.25 5.78 6116.38 6157.78
CITY 81 66.04 51.98 2869.06 2901.12
CITY 82 68.09 55.36 2952.19 2994.48
CITY 83 90.92 0.79 2714.92 2750.75
CITY 84 92.05 70.03 4323.76 4349.91
CITY 85 54.44 78.83 6313.89 6354.82
CITY 86 88.77 78.16 3920.76 3946.68
CITY 87 30.15 3.70 3243.88 3285.63
CITY 88 74.01 12.60 9599.92 9628.44
CITY 89 9.28 55.18 5050.28 5092.99
CITY 90 16.00 2.79 7711.52 7749.29
CITY 91 24.13 77.42 7033.89 7083.50
CITY 92 11.04 5.99 3615.96 3654.77
CITY 93 35.45 4.77 6303.50 6327.25
CITY 94 29.80 73.69 4391.03 4440.52
CITY 95 80.54 98.90 5478.19 5525.02
CITY 96 62.77 53.33 5767.77 5798.28
CITY 97 28.45 78.48 6921.21 6961.39
CITY 98 71.44 51.97 2404.12 2433.95
CITY 99 58.24 82.28 3502.73 3525.67
CITY 100 71.16 82.84 802.27 824.13
CITY 101 88.85 47.63 4323.51 4354.59
CITY 102 52.63 58.82 5027.16 5059.00
CITY 103 26.37 49.88 4103.65 4136.85
CITY 104 93.10 48.95 9419.60 9464.31
CITY 105 14.43 12.71 6885.40 6909.29
CITY 106 70.45 86.33 1151.39 1177.77
CITY 107 47.34 74.65 9137.26 9168.34
CITY 108 95.18 60.16 3960.54 3984.16
CITY 109 57.18 4.03 1492.15 1523.29
CITY 110 99.10 30.33 4707.93 4751.66
CITY 111 14.21 58.96 480.36 527.19
CITY 112 88.91 21.56 7929.30 7963.96
CITY 113 12.23 34.86 8425.28 8457.81
CITY 114 57.31 56.58 8713.98 8757.42
CITY 115 47.52 72.00 5866.00 5908.86
CITY 116 50.48 46.09 4359.92 4393.39
CITY 117 86.63 32.52 7742.58 7782.51
CITY 118 40.96 23.28 3832.70 3868.93
CITY 119 95.81 89.00 7124.80 7164.18
CITY 120 86.60 70.72 5540.05 5583.93
CITY 121 70.74 56.10 1206.72 1243.50
CITY 122 19.24 61.87 5587.04 5608.63
CITY 123 57.02 18.94 4610.38 4657.29
CITY 124 12.03 93.62 1747.76 1768.33
CITY 125 78.68 24.53 6831.91 6878.54
CITY 126 44.42 80.69 5877.07 5909.13
CITY 127 4.50 86.20 234.91 268.02
CITY 128 41.49 85.96 3078.45 3106.17
CITY 129 11.46 9.93 1635.73 1660.05
CITY 130 25.56 8.96 2976.09 3008.30
CITY 131 16.92 61.45 3154.91 3175.73
CITY 132 5.85 38.99 3104.16 3136.55
CITY 133 32.42 37.55 8012.60 8036.23
CITY 134 20.26 75.21 5675.73 5710.52
CITY 135 75.24 38.50 1122.61 1144.43
CITY 136 46.48 40.71 4690.97 4723.19
CITY 137 23.37 88.62 2612.24 2661.14
CITY 138 67.51 24.63 5372.91 5416.47
CITY 139 30.46 40.67 821.23 860.30
CITY 140 20.35 96.79 3619.11 3668.67
CITY 141 78.20 53.75 4106.84 4154.18
CITY 142 45.17 0.10 4502.26 4547.14
CITY 143 28.92 97.21 15.25 63.25
CITY 144 48.22 59.79 8126.17 8157.57
CITY 145 35.14 63.22 5667.32 5702.63
CITY 146 4.55 73.92 5453.87 5482.89
CITY 147 39.53 12.30 1360.14 1396.83
CITY 148 27.95 43.20 5911.79 5960.51
CITY 149 31.83 68.21 3322.60 3350.44
CITY 150 75.27 45.27 2387.63 2437.13
CITY 151 34.16 45.98 5806.10 5826.57
CITY 152 69.18 64.64 29.80 64.09
CITY 153 90.14 67.27 4004.46 4051.32
CITY 154 70.33 76.25 5212.65 5256.27
CITY 155 64.91 7.75 309.20 354.16
CITY 156 67.16 67.22 3422.75 3467.14
CITY 157 82.75 35.80 1723.04 1766.08
CITY 158 69.70 0.84 4483.31 4531.40
CITY 159 44.46 22.15 201.25 229.68
CITY 160 92.14 35.78 879.80 918.20
CITY 161 30.32 71.78 2274.81 2309.62
CITY 162 36.30 28.08 8754.78 8795.99
CITY 163 20.91 19.61 7948.62 7980.50
CITY 164 86.99 56.91 4786.10 4822.66
CITY 165 65.98 56.57 6607.28 6644.24
CITY 166 6.54 12.82 638.90 666.69
CITY 167 56.99 22.80 5067.14 5110.60
CITY 168 19.19 67.80 9600.19 9640.98
CITY 169 53.29 25.29 5425.20 5458.82
CITY 170 93.79 64.10 9127.64 9149.20
CITY 171 93.88 43.25 9630.69 9658.91
CITY 172 68.02 46.66 3504.71 3547.48
CITY 173 88.38 22.45 2697.06 2729.66
CITY 174 44.89 0.52 1891.47 1913.93
CITY 175 57.18 2.54 7139.61 7188.95
CITY 176 42.38 7.44 2426.85 2451.78
CITY 177 31.08 62.60 945.15 979.55
CITY 178 80.81 59.25 6065.04 6095.07
CITY 179 25.04 10.78 2314.46 2344.68
CITY 180 5.44 33.36 7687.47 7735.77
CITY 181 77.57 61.96 7397.30 7436.07
CITY 182 57.89 8.55 596.72 617.72
CITY 183 31.33 84.77 638.69 662.52
CITY 184 91.91 44.19 2924.62 2963.41
CITY 185 6.58 67.76 5416.91 5445.75
CITY 186 38.15 9.58 7279.98 7306.98
CITY 187 59.96 65.97 112.54 144.06
CITY 188 79.52 87.99 5996.72 6026.91
CITY 189 93.76 78.29 4400.01 4429.86
CITY 190 19.25 10.27 5764.15 5786.18
CITY 191 78.94 19.36 5551.81 5590.94
CITY 192 25.63 42.10 7015.66 7048.99
CITY 193 24.32 79.70 594.83 624.18
CITY 194 43.58 95.97 7303.28 7332.62
CITY 195 88.52 77.55 1435.15 1464.41
CITY 196 34.29 36.88 88.14 125.73
CITY 197 67.83 5.73 4912.72 4957.77
CITY 198 85.87 42.21 1899.20 1925.21
CITY 199 90.85 78.53 3312.12 3352.16
CITY 200 69.48 98.19 5808.50 5838.44
CITY 201 57.84 96.31 5966.49 5999.05
CITY 202 16.23 45.43 7639.90 7661.17
CITY 203 21.94 0.37 2166.21 2193.11
CITY 204 62.39 23.90 7111.98 7160.56
CITY 205 33.15 74.01 1995.00 2020.53
CITY 206 98.99 36.28 722.83 743.73
CITY 207 11.52 29.06 1889.49 1927.06
CITY 208 76.55 4.39 297.00 322.93
CITY 209 17.41 88.54 6959.71 6989.91
CITY 210 55.45 17.85 217.78 263.07
CITY 211 91.06 2.10 6559.61 6590.98
CITY 212 78.74 11.10 9060.35 9089.50
CITY 213 24.01 80.95 6399.67 6447.90
CITY 214 97.71 99.77 8533.93 8580.28
CITY 215 6.54 14.44 8944.74 8988.58
CITY 216 19.17 37.82 3628.30 3666.29
CITY 217 97.70 24.45 456.62 495.10
CITY 218 18.91 53.55 7643.73 7673.57
CITY 219 5.33 79.56 8448.73 8494.27
CITY 220 96.84 88.58 2032.91 2055.35
CITY 221 47.07 66.35 637.19 672.45
CITY 222 75.13 64.51 4932.54 4967.50
CITY 223 46.43 32.18 3624.66 3665.49
CITY 224 71.56 49.48 2604.27 2636.30
CITY 225 92.12 58.40 363.89 390.48
CITY 226 20.30 86.32 3837.56 3866.74
CITY 227 88.87 57.14 9054.40 9085.63
CITY 228 55.06 13.43 822.38 855.72
CITY 229 35.16 58.40 4508.07 4546.70
CITY 230 42.61 46.76 3963.76 4007.89
CITY 231 31.70 38.24 1746.04 1773.06
CITY 232 64.54 35.91 806.82 852.10
CITY 233 51.28 64.37 7607.82 7655.62
CITY 234 9.84 7.13 380.10 406.11
CITY 235 19.66 32.92 2936.65 2981.12
CITY 236 68.35 27.45 6832.15 6882.09
CITY 237 99.84 75.24 7162.59 7209.96
CITY 238 0.85 29.95 7960.08 8003.58
CITY 239 40.38 40.58 5616.99 5656.65
CITY 240 47.20 51.26 7368.90 7393.38
CITY 241 39.75 22.69 7252.66 7286.89
CITY 242 51.58 78.60 7334.68 7376.36
CITY 243 46.14 79.19 3036.81 3062.44
CITY 244 77.01 69.79 2036.27 2069.76
CITY 245 55.84 37.47 5593.35 5617.20
CITY 246 94.34 0.97 7844.96 7889.99
CITY 247 33.98 41.91 6639.95 6672.06
CITY 248 77.86 53.76 3162.54 3183.23
CITY 249 78.54 92.21 1495.89 1544.47
CITY 250 33.03 62.98 5839.83 5878.07
