NUM_CLIENTS 100
NUM_VEHICLES 80
CITY 0 0.0 0.0 0.0 4032
CITY 1 95.36 42.49 2436.69 2480.53
CITY 2 27.92 26.02 860.59 902.59
CITY 3 77.18 2.00 1621.90 1653.17
CITY 4 53.54 92.72 3484.41 3507.87
CITY 5 69.45 90.08 922.52 963.53
CITY 6 94.96 11.32 1913.87 1961.15
CITY 7 58.07 73.76 547.09 582.63
CITY 8 53.90 23.18 512.17 559.41
CITY 9 50.84 60.69 3522.92 3550.17
CITY 10 55.23 33.91 2145.21 2173.00
CITY 11 33.21 13.62 718.25 751.08
CITY 12 85.02 20.53 3199.00 3225.62
CITY 13 63.62 51.80 2491.86 2514.01
CITY 14 72.09 54.67 2940.31 2969.96
CITY 15 16.46 27.63 3375.18 3396.08
CITY 16 76.55 78.00 3089.51 3130.24
CITY 17 86.29 72.31 342.19 367.14
CITY 18 74.22 63.70 331.98 372.62
CITY 19 48.08 80.54 1753.62 1800.45
CITY 20 64.75 5.72 2515.72 2564.78
CITY 21 2.58 14.98 1413.45 1444.83
CITY 22 11.52 91.43 2574.35 2616.93
CITY 23 26.08 8.50 3238.31 3276.32
CITY 24 57.64 47.68 1960.80 2008.11
CITY 25 7.66 17.57 3041.54 3076.59
CITY 26 78.83 31.41 1872.37 1907.58
CITY 27 46.73 4.41 204.04 243.91
CITY 28 88.58 37.79 2538.84 2561.51
CITY 29 72.39 27.51 605.64 636.97
CITY 30 12.29 41.30 3178.46 3213.82
CITY 31 99.07 36.96 204.62 233.92
CITY 32 17.02 57.68 2907.97 2944.55
CITY 33 3.94 46.98 1625.54 1652.75
CITY 34 60.21 61.42 1837.21 1867.87
CITY 35 99.87 77.24 3102.65 3151.25
CITY 36 85.62 52.58 509.55 531.37
CITY 37 80.20 92.81 3446.78 3474.36
CITY 38 52.86 89.02 3645.31 3687.47
CITY 39 26.16 73.33 3831.67 3870.98
CITY 40 54.75 47.36 3507.16 3534.63
CITY 41 19.39 71.82 755.48 794.91
CITY 42 39.97 24.22 2683.16 2707.40
CITY 43 40.01 67.79 2893.63 2929.28
CITY 44 64.52 66.70 1231.38 1260.30
CITY 45 2.07 87.94 3014.74 3038.65
CITY 46 72.22 84.50 1721.49 1744.61
CITY 47 96.08 25.18 1844.93 1866.15
CITY 48 39.02 94.55 2518.84 2543.54
CITY 49 94.61 37.37 1164.31 1210.51
CITY 50 18.66 78.87 2874.31 2905.38
CITY 51 54.35 18.70 771.32 817.29
CITY 52 72.92 66.87 1876.17 1905.40
CITY 53 79.21 86.31 2047.56 2096.36
CITY 54 53.04 91.63 99.34 126.11
CITY 55 10.90 24.14 2780.10 2815.66
CITY 56 83.04 27.54 2891.66 2915.69
CITY 57 61.01 69.72 2685.85 2716.05
CITY 58 28.97 63.91 3954.70 3983.44
CITY 59 20.46 21.61 3861.78 3906.49
CITY 60 19.43 52.62 2342.05 2388.55
CITY 61 12.22 72.85 3214.23 3258.41
CITY 62 9.01 71.13 1816.24 1850.24
CITY 63 87.86 12.38 201.97 251.24
CITY 64 24.11 9.14 2706.13 2740.90
CITY 65 13.47 64.40 3979.79 4000.97
CITY 66 40.66 3.48 315.21 337.73
CITY 67 75.00 76.14 1982.76 2031.61
CITY 68 99.14 9.53 3826.06 3871.81
CITY 69 77.89 72.03 2093.21 2113.46
CITY 70 91.15 20.87 115.53 159.85
CITY 71 58.61 33.46 1658.47 1694.96
CITY 72 83.76 52.39 62.11 102.77
CITY 73 33.39 63.68 1985.48 2027.36
CITY 74 82.30 59.61 3824.58 3871.82
CITY 75 91.67 88.23 2711.44 2743.19
CITY 76 60.97 34.58 3528.73 3551.02
CITY 77 60.37 80.85 3468.98 3508.16
CITY 78 57.50 10.89 1170.79 1197.73
CITY 79 52.99 34.30 114.77 138.94
CITY 80 99.69 19.47 3246.97 3271.70
CITY 81 21.56 60.20 597.39 624.59
CITY 82 27.50 33.77 314.83 342.48
CITY 83 3.65 74.60 2912.45 2936.35
CITY 84 53.61 94.07 180.21 211.22
CITY 85 2.13 79.20 953.94 1002.01
CITY 86 42.87 96.63 2964.20 2999.78
CITY 87 9.60 74.63 1704.12 1749.52
CITY 88 93.88 94.38 3484.82 3506.48
CITY 89 88.49 36.13 1590.18 1628.40
CITY 90 81.82 76.27 1544.32 1584.87
CITY 91 7.27 94.03 855.45 904.04
CITY 92 76.76 25.40 1362.60 1384.16
CITY 93 42.98 55.03 1742.75 1766.01
CITY 94 62.64 48.53 3040.84 3080.17
CITY 95 14.26 21.09 2093.28 2121.20
CITY 96 74.97 4.03 971.62 1018.51
CITY 97 0.50 52.78 1787.19 1813.01
CITY 98 29.84 47.69 2659.75 2696.26
CITY 99 89.37 13.65 193.19 220.20
CITY 100 37.43 72.39 222.11 262.12
CITY 101 45.15 69.40 2415.77 2437.19
CITY 102 36.82 56.45 2820.38 2864.48
CITY 103 28.58 18.18 72.65 122.51
CITY 104 99.19 58.29 667.77 710.45
CITY 105 70.62 62.38 2496.32 2539.32
CITY 106 57.27 37.59 3110.22 3139.11
CITY 107 55.27 60.47 2394.43 2436.33
CITY 108 67.83 98.12 1822.04 1868.71
CITY 109 29.55 53.53 1464.47 1495.99
CITY 110 95.19 24.82 1322.17 1345.25
CITY 111 2.13 50.04 1239.70 1278.27
CITY 112 97.49 19.45 705.59 731.30
CITY 113 18.50 78.03 3264.52 3293.35
CITY 114 14.13 96.91 1615.53 1652.33
CITY 115 93.75 40.78 2789.12 2838.82
CITY 116 47.30 39.80 477.57 520.48
CITY 117 97.23 3.05 1765.58 1808.06
CITY 118 30.95 94.30 2887.32 2922.92
CITY 119 22.04 67.01 2402.73 2433.59
CITY 120 24.40 95.01 560.21 607.13
CITY 121 75.70 83.60 3906.28 3951.12
CITY 122 89.73 96.00 3534.29 3557.82
CITY 123 14.25 69.51 2432.95 2463.19
CITY 124 54.93 84.90 594.85 632.56
CITY 125 35.87 67.66 1734.43 1762.41
CITY 126 78.36 38.24 1512.59 1544.80
CITY 127 7.28 82.92 69.31 103.77
CITY 128 42.60 67.20 2733.49 2757.86
CITY 129 19.03 52.85 2280.03 2329.44
CITY 130 75.04 25.19 772.79 800.80
CITY 131 54.15 24.06 3172.84 3202.16
CITY 132 50.90 62.60 171.11 192.00
CITY 133 95.92 47.84 898.67 918.87
CITY 134 85.22 43.42 1561.75 1608.31
CITY 135 6.26 5.52 3321.50 3364.39
CITY 136 50.39 7.51 2664.55 2708.98
CITY 137 33.48 96.95 3403.87 3425.31
CITY 138 6.62 52.78 2441.13 2469.51
CITY 139 29.30 60.65 3417.33 3446.97
CITY 140 45.31 77.37 3437.43 3473.09
CITY 141 87.18 94.94 2560.31 2599.12
CITY 142 5.03 36.84 2542.16 2570.27
CITY 143 89.57 44.06 2388.58 2420.30
CITY 144 5.82 94.29 3526.95 3568.73
CITY 145 76.30 41.16 526.47 550.59
CITY 146 1.95 79.87 2972.57 3007.33
CITY 147 62.54 47.41 1537.13 1558.56
CITY 148 16.10 69.93 2400.34 2443.42
CITY 149 26.35 39.73 2091.25 2127.26
CITY 150 6.72 19.53 814.99 841.95
