NUM_CLIENTS 240
NUM_VEHICLES 24
CITY 0 0.0 0.0 0.0 815
CITY 1 29.57 26.33 280.84 300.86
CITY 2 63.80 37.90 141.93 162.50
CITY 3 85.68 77.60 182.67 224.30
CITY 4 65.83 53.90 296.43 332.15
CITY 5 49.75 55.15 468.98 498.65
CITY 6 64.09 11.05 400.25 422.25
CITY 7 83.52 12.98 668.22 694.28
CITY 8 48.54 9.88 436.82 481.91
CITY 9 65.79 52.58 536.51 564.18
CITY 10 36.64 60.60 54.22 102.12
CITY 11 20.87 49.14 680.67 703.07
CITY 12 80.10 6.07 426.89 475.03
CITY 13 41.60 36.91 541.95 586.66
CITY 14 26.58 4.07 53.85 82.96
CITY 15 94.46 96.06 74.30 116.05
CITY 16 53.17 18.95 402.54 430.00
CITY 17 62.53 17.89 573.13 605.59
CITY 18 10.55 63.86 273.84 307.60
CITY 19 66.52 88.28 127.61 153.02
CITY 20 40.16 33.75 121.00 170.96
CITY 21 44.30 35.23 241.09 290.84
CITY 22 32.47 37.17 584.60 617.52
CITY 23 72.59 60.84 430.81 457.22
CITY 24 76.57 92.61 194.38 243.23
CITY 25 44.75 39.71 555.63 605.12
CITY 26 59.58 51.76 759.96 789.02
CITY 27 30.03 22.19 654.63 675.28
CITY 28 82.19 68.97 211.11 247.72
CITY 29 55.63 92.59 118.36 139.49
CITY 30 35.57 13.84 280.82 318.28
CITY 31 23.30 81.11 70.31 102.30
CITY 32 91.79 73.43 553.54 597.33
CITY 33 17.29 82.57 527.54 564.83
CITY 34 90.77 59.52 229.80 271.72
CITY 35 57.63 7.85 42.78 85.91
CITY 36 34.79 81.71 318.64 364.67
CITY 37 86.98 22.67 499.38 537.45
CITY 38 1.14 77.74 292.60 321.75
CITY 39 4.12 53.99 114.43 149.50
CITY 40 22.08 5.05 559.66 591.44
CITY 41 44.56 59.51 386.12 412.78
CITY 42 28.98 39.43 101.12 123.60
CITY 43 57.14 4.93 305.38 327.93
CITY 44 50.18 77.38 99.74 123.78
CITY 45 55.93 48.79 498.97 524.85
CITY 46 61.60 73.57 188.38 210.53
CITY 47 77.68 32.34 706.97 729.65
CITY 48 67.17 42.35 266.46 296.08
CITY 49 59.39 2.42 233.19 282.82
CITY 50 61.62 99.02 338.29 362.67
CITY 51 4.49 81.82 152.76 183.97
CITY 52 75.77 85.28 85.96 107.60
CITY 53 94.89 92.67 664.60 709.20
CITY 54 1.37 69.38 85.13 118.63
CITY 55 2.27 20.90 411.57 437.69
CITY 56 52.33 25.87 369.52 411.41
CITY 57 14.13 69.88 14.07 51.56
CITY 58 66.35 4.35 130.29 158.81
CITY 59 78.92 61.80 40.61 80.25
CITY 60 0.83 38.86 207.55 253.11
CITY 61 66.01 86.43 14.59 60.62
CITY 62 64.94 23.12 291.24 340.53
CITY 63 9.96 31.55 663.08 699.03
CITY 64 18.64 50.07 350.36 398.15
CITY 65 2.15 24.74 405.00 435.01
CITY 66 39.34 15.70 265.29 295.84
CITY 67 62.52 23.62 748.36 783.39
CITY 68 81.19 62.58 672.19 718.90
CITY 69 81.49 2.95 424.53 452.93
CITY 70 15.17 89.72 502.55 525.19
CITY 71 38.22 96.06 468.52 507.29
CITY 72 22.74 24.04 116.85 165.97
CITY 73 90.97 32.93 414.81 441.01
CITY 74 13.86 54.14 612.08 657.96
CITY 75 30.90 70.51 400.71 424.77
CITY 76 99.57 97.58 111.04 159.03
CITY 77 91.71 31.75 426.37 474.82
CITY 78 11.84 31.76 672.92 714.74
CITY 79 76.54 88.01 316.74 349.08
CITY 80 44.30 93.38 684.01 732.01
CITY 81 27.38 77.91 81.68 107.22
CITY 82 76.24 61.20 204.15 241.16
CITY 83 23.09 23.22 525.84 556.62
CITY 84 68.81 47.66 384.28 422.42
CITY 85 71.20 37.40 651.88 686.62
CITY 86 13.75 19.33 24.66 67.59
CITY 87 1.50 26.99 315.98 358.25
CITY 88 98.82 75.78 50.59 98.41
CITY 89 98.56 86.71 374.81 404.55
CITY 90 45.75 24.68 309.72 330.98
CITY 91 73.53 38.04 239.37 277.71
CITY 92 74.25 59.38 401.80 448.07
CITY 93 78.69 52.06 345.48 390.29
CITY 94 4.24 99.58 396.81 428.68
CITY 95 73.52 55.77 394.84 433.76
CITY 96 4.93 29.12 304.50 333.64
CITY 97 82.76 46.13 323.18 361.58
CITY 98 5.45 51.70 108.81 153.71
CITY 99 45.17 72.26 86.58 129.94
CITY 100 93.78 69.61 103.51 135.92
CITY 101 45.09 17.89 451.59 492.97
CITY 102 20.19 45.47 191.31 232.06
CITY 103 90.72 79.65 549.56 573.26
CITY 104 11.42 44.94 277.65 313.37
CITY 105 38.41 79.11 391.42 439.92
CITY 106 37.87 38.06 587.72 635.09
CITY 107 56.55 65.95 114.82 160.88
CITY 108 17.89 71.20 320.98 350.27
CITY 109 76.86 44.63 479.24 502.76
CITY 110 13.16 20.29 476.26 503.85
CITY 111 45.86 85.54 415.78 435.95
CITY 112 88.27 23.79 450.48 484.75
CITY 113 41.02 7.94 459.08 486.42
CITY 114 54.73 61.98 426.52 471.28
CITY 115 4.89 14.83 499.76 520.86
CITY 116 85.38 66.70 641.08 670.03
CITY 117 92.04 4.90 318.97 344.32
CITY 118 67.21 61.11 529.01 566.86
CITY 119 78.73 17.74 348.33 385.70
CITY 120 93.15 9.31 228.96 260.02
CITY 121 37.89 6.77 326.90 363.42
CITY 122 29.28 13.45 531.38 559.62
CITY 123 52.71 52.46 532.31 570.67
CITY 124 10.93 72.97 481.17 530.78
CITY 125 48.37 68.87 714.43 764.02
CITY 126 28.72 60.88 242.11 277.88
CITY 127 99.50 35.39 99.23 136.11
CITY 128 51.97 63.19 376.77 402.16
CITY 129 60.94 70.86 749.13 769.18
CITY 130 2.40 62.55 90.21 135.66
CITY 131 79.96 99.90 316.74 346.76
CITY 132 56.04 63.75 8.64 34.68
CITY 133 28.16 79.02 235.45 270.65
CITY 134 32.39 0.61 524.66 554.91
CITY 135 72.44 61.60 22.27 47.54
CITY 136 33.05 33.79 514.44 561.93
CITY 137 79.73 64.57 368.34 407.16
CITY 138 89.21 53.70 256.36 299.88
CITY 139 41.40 74.26 638.86 667.84
CITY 140 72.50 31.55 409.95 436.20
CITY 141 68.55 79.95 679.34 709.95
CITY 142 96.96 28.05 23.85 73.36
CITY 143 62.65 84.24 436.80 468.49
CITY 144 59.52 86.46 574.93 616.09
CITY 145 31.45 3.16 316.61 351.52
CITY 146 23.76 45.19 727.31 753.79
CITY 147 30.23 11.22 600.48 643.82
CITY 148 91.34 44.38 19.08 53.55
CITY 149 50.01 19.02 706.58 748.56
CITY 150 52.36 77.55 109.62 155.77
CITY 151 82.21 93.80 517.69 541.67
CITY 152 72.46 45.94 545.96 581.63
CITY 153 0.41 93.23 525.60 563.42
CITY 154 8.71 46.69 35.30 70.91
CITY 155 65.90 31.25 441.83 471.20
CITY 156 89.21 32.09 147.30 175.60
CITY 157 31.91 44.11 90.00 114.48
CITY 158 27.36 1.53 476.55 511.97
CITY 159 20.66 35.03 243.64 267.89
CITY 160 70.44 28.33 187.29 209.43
CITY 161 61.33 33.87 339.39 363.29
CITY 162 47.07 67.55 81.03 102.65
CITY 163 42.65 17.90 456.03 493.82
CITY 164 83.62 69.94 471.48 500.85
CITY 165 81.74 71.29 513.22 549.22
CITY 166 97.37 75.57 356.26 380.21
CITY 167 81.29 91.97 358.23 391.90
CITY 168 68.45 71.02 356.03 382.98
CITY 169 22.38 86.11 471.96 519.35
CITY 170 39.21 69.96 508.86 552.53
CITY 171 88.24 45.33 23.15 57.41
CITY 172 35.14 46.12 130.66 173.70
CITY 173 60.44 12.74 78.74 123.27
CITY 174 79.68 32.59 496.83 540.60
CITY 175 53.27 40.08 316.28 354.91
CITY 176 54.79 97.39 293.62 323.84
CITY 177 81.39 59.10 600.00 633.06
CITY 178 78.73 54.45 180.66 220.54
CITY 179 7.79 93.09 439.25 473.85
CITY 180 59.22 46.29 424.64 469.30
CITY 181 17.62 95.59 53.25 76.51
CITY 182 81.41 77.13 289.87 324.70
CITY 183 66.02 9.05 625.03 671.65
CITY 184 90.33 63.61 0.14 24.54
CITY 185 14.92 53.13 298.34 335.67
CITY 186 19.57 68.15 242.20 279.31
CITY 187 91.32 30.46 721.65 754.69
CITY 188 98.26 34.43 68.30 88.55
CITY 189 98.64 40.42 97.58 126.41
CITY 190 36.92 54.89 40.64 81.74
CITY 191 82.08 35.92 658.85 704.82
CITY 192 23.52 70.22 301.62 331.16
CITY 193 38.28 38.16 417.02 456.89
CITY 194 47.49 18.82 294.22 341.95
CITY 195 84.00 15.43 763.05 803.16
CITY 196 13.43 7.17 12.02 53.66
CITY 197 48.67 43.67 757.52 780.06
CITY 198 64.22 41.59 348.86 392.53
CITY 199 60.44 42.57 137.54 172.83
CITY 200 55.21 45.00 271.81 297.38
CITY 201 60.46 57.79 647.80 674.91
CITY 202 50.17 41.08 417.82 448.83
CITY 203 97.82 56.81 539.24 562.63
CITY 204 48.15 69.05 108.70 150.64
CITY 205 98.36 98.37 595.84 629.78
CITY 206 7.82 88.99 67.66 101.84
CITY 207 74.17 96.04 59.73 98.74
CITY 208 79.81 31.25 40.37 70.68
CITY 209 77.85 46.89 392.19 426.26
CITY 210 73.38 42.10 734.84 778.79
CITY 211 28.92 3.53 705.99 748.47
CITY 212 72.70 56.37 46.98 81.18
CITY 213 16.91 5.16 757.63 801.90
CITY 214 62.43 28.68 63.12 98.29
CITY 215 85.14 27.78 101.39 129.82
CITY 216 85.79 1.42 85.34 110.57
CITY 217 59.18 15.11 341.69 385.92
CITY 218 26.13 70.08 370.96 414.94
CITY 219 86.20 34.28 64.57 88.92
CITY 220 93.39 15.42 379.40 429.21
CITY 221 77.04 23.79 336.74 375.87
CITY 222 21.09 73.44 263.98 303.25
CITY 223 75.55 11.60 128.21 160.18
CITY 224 30.14 74.62 575.61 611.58
CITY 225 37.98 70.56 363.06 387.42
CITY 226 87.03 1.19 709.33 742.79
CITY 227 67.85 96.18 522.40 543.63
CITY 228 91.77 63.74 731.48 764.43
CITY 229 91.80 85.84 256.25 284.26
CITY 230 9.83 65.43 299.23 342.43
CITY 231 74.91 73.43 450.37 476.22
CITY 232 33.74 69.03 137.64 174.06
CITY 233 67.28 83.17 9.15 32.08
CITY 234 10.39 44.59 167.85 196.35
CITY 235 19.31 2.37 70.34 118.49
CITY 236 65.66 83.55 727.12 766.27
CITY 237 70.81 12.00 655.18 679.07
CITY 238 65.64 89.99 433.04 482.06
CITY 239 89.60 69.57 193.80 227.81
CITY 240 93.62 63.88 705.86 734.15
