NUM_CLIENTS 201
NUM_VEHICLES 20
CITY 0 0.0 0.0 0.0 6454
CITY 1 67.55 67.98 3187.31 3213.69
CITY 2 90.32 78.70 833.04 877.01
CITY 3 76.90 53.20 3087.41 3108.85
CITY 4 66.56 0.91 4539.54 4577.24
CITY 5 59.93 25.68 3011.88 3046.20
CITY 6 62.95 68.57 1167.63 1202.93
CITY 7 95.56 41.29 6022.13 6071.87
CITY 8 59.63 48.14 1691.94 1723.77
CITY 9 88.74 97.93 3869.60 3904.53
CITY 10 66.85 47.46 5082.56 5129.50
CITY 11 75.00 45.95 4807.47 4832.58
CITY 12 76.80 36.83 2710.14 2749.84
CITY 13 24.50 98.96 322.88 347.49
CITY 14 75.72 38.69 6333.05 6380.57
CITY 15 37.17 14.44 2320.85 2356.82
CITY 16 72.76 88.95 3135.53 3165.13
CITY 17 1.05 96.96 4862.37 4904.75
CITY 18 66.12 17.59 4409.62 4449.19
CITY 19 29.75 46.13 2471.99 2520.41
CITY 20 41.52 67.84 6017.30 6042.80
CITY 21 37.89 26.03 4467.87 4511.53
CITY 22 20.46 40.49 5968.76 5991.98
CITY 23 57.31 17.61 6161.10 6194.35
CITY 24 39.45 29.81 1427.87 1473.89
CITY 25 3.82 31.84 4031.62 4076.73
CITY 26 39.32 99.21 1394.23 1414.72
CITY 27 65.19 20.09 929.18 976.94
CITY 28 79.25 5.38 4347.18 4378.85
CITY 29 5.65 51.04 5572.29 5621.24
CITY 30 80.98 84.69 355.25 384.26
CITY 31 90.95 10.81 1309.50 1349.12
CITY 32 76.51 89.20 1251.41 1299.38
CITY 33 72.95 74.86 6363.03 6401.96
CITY 34 60.44 36.49 1025.23 1072.88
CITY 35 88.68 76.54 3814.84 3852.27
CITY 36 54.41 44.07 3002.28 3024.12
CITY 37 36.05 51.68 3744.87 3787.98
CITY 38 47.42 98.57 4440.50 4488.10
CITY 39 38.42 76.56 5958.59 5988.36
CITY 40 70.38 18.31 5264.68 5299.03
CITY 41 4.96 12.73 1583.63 1626.90
CITY 42 82.54 21.21 824.14 859.42
CITY 43 19.50 81.54 2694.11 2718.81
CITY 44 24.97 75.78 5406.94 5435.55
CITY 45 35.97 48.20 4439.18 4481.44
CITY 46 99.08 52.63 1106.49 1145.26
CITY 47 37.44 72.24 2261.85 2294.26
CITY 48 8.50 43.57 6325.22 6356.16
CITY 49 55.80 15.65 1409.61 1440.67
CITY 50 88.29 69.08 2069.54 2104.25
CITY 51 2.58 98.83 2799.70 2819.87
CITY 52 66.69 76.78 3502.59 3548.68
CITY 53 17.73 92.84 5106.41 5137.11
CITY 54 14.37 85.39 3375.90 3410.84
CITY 55 37.46 89.38 2246.20 2293.37
CITY 56 64.89 30.03 6040.39 6072.70
CITY 57 66.42 85.05 3194.55 3226.92
CITY 58 67.59 32.10 2912.88 2937.41
CITY 59 51.99 10.27 62.81 111.76
CITY 60 99.87 94.92 4649.14 4670.62
CITY 61 54.63 93.46 3075.09 3107.19
CITY 62 31.05 93.56 2245.37 2266.14
CITY 63 67.76 54.29 4165.87 4195.47
CITY 64 1.05 0.15 5792.29 5828.97
CITY 65 68.04 42.05 3807.44 3851.55
CITY 66 26.00 49.95 508.35 534.71
CITY 67 53.14 77.19 3509.73 3542.54
CITY 68 19.39 38.41 4060.14 4091.80
CITY 69 33.05 93.60 1498.35 1542.86
CITY 70 44.27 74.38 2615.55 2642.41
CITY 71 95.27 57.72 5511.41 5536.09
CITY 72 86.53 69.24 5890.89 5916.00
CITY 73 11.44 92.49 2208.92 2234.36
CITY 74 48.49 20.67 5674.38 5709.34
CITY 75 28.83 31.32 2069.34 2094.28
CITY 76 60.03 0.87 5816.65 5836.77
CITY 77 47.32 75.15 169.20 203.54
CITY 78 90.91 56.37 1049.27 1071.55
CITY 79 35.54 58.75 2887.54 2936.84
CITY 80 40.97 1.61 3410.98 3453.23
CITY 81 31.71 11.49 3564.79 3597.96
CITY 82 29.80 97.70 1484.74 1517.82
CITY 83 20.50 44.12 3385.92 3416.42
CITY 84 45.04 29.94 4787.04 4827.53
CITY 85 34.64 65.46 2319.57 2343.07
CITY 86 11.32 63.17 3427.55 3476.32
CITY 87 26.39 79.26 3848.34 3880.04
CITY 88 91.88 24.32 3614.97 3640.41
CITY 89 47.89 47.75 3095.52 3122.63
CITY 90 64.02 7.94 1423.35 1451.58
CITY 91 45.51 36.92 5779.38 5801.57
CITY 92 85.72 62.08 5941.46 5984.14
CITY 93 83.26 46.91 2390.70 2428.47
CITY 94 66.88 84.83 1414.91 1456.82
CITY 95 81.40 4.05 4988.54 5036.08
CITY 96 32.37 1.23 1835.72 1877.91
CITY 97 43.82 37.98 3525.59 3554.12
CITY 98 32.25 56.73 3660.86 3689.18
CITY 99 92.56 29.04 804.89 844.62
CITY 100 86.97 10.31 862.82 901.12
CITY 101 24.70 88.33 354.30 403.67
CITY 102 40.64 23.67 2381.39 2425.13
CITY 103 87.68 36.84 6051.07 6080.48
CITY 104 90.68 58.53 3469.06 3506.17
CITY 105 99.75 15.64 1190.53 1231.65
CITY 106 59.44 91.62 3364.32 3401.13
CITY 107 76.39 32.52 3014.30 3053.84
CITY 108 55.20 77.83 5038.47 5088.00
CITY 109 46.51 93.94 1585.32 1622.96
CITY 110 46.89 21.95 4106.41 4141.88
CITY 111 24.73 43.73 2464.39 2485.21
CITY 112 49.95 56.94 3192.97 3237.28
CITY 113 92.99 97.61 5065.33 5107.95
CITY 114 68.61 29.23 6378.09 6417.94
CITY 115 44.37 14.05 2559.87 2608.22
CITY 116 89.47 72.93 6216.87 6259.08
CITY 117 68.63 1.72 2827.00 2853.94
CITY 118 18.20 94.96 2592.09 2616.52
CITY 119 51.68 34.56 2470.73 2491.21
CITY 120 62.12 67.07 4725.10 4757.86
CITY 121 12.11 45.88 2046.00 2083.52
CITY 122 84.02 95.72 6055.65 6088.92
CITY 123 27.80 63.75 3545.36 3586.86
CITY 124 59.03 84.63 3541.85 3581.96
CITY 125 98.22 67.13 1947.83 1982.68
CITY 126 71.18 76.48 4423.13 4467.32
CITY 127 36.46 74.17 2169.24 2208.04
CITY 128 14.19 52.16 5574.22 5622.59
CITY 129 3.32 45.34 4471.37 4492.09
CITY 130 8.21 18.99 291.01 329.19
CITY 131 44.84 6.48 822.86 846.06
CITY 132 38.81 24.23 2881.17 2902.02
CITY 133 93.12 48.35 6047.55 6095.66
CITY 134 22.44 56.92 5214.28 5257.41
CITY 135 11.16 97.85 4643.19 4668.31
CITY 136 8.45 47.31 3070.35 3090.43
CITY 137 88.64 68.85 3626.96 3671.83
CITY 138 52.92 53.07 213.50 250.28
CITY 139 68.35 50.19 6261.69 6294.44
CITY 140 93.34 51.59 791.68 824.97
CITY 141 19.90 39.47 2151.57 2183.98
CITY 142 93.43 47.48 2378.40 2426.42
CITY 143 56.41 44.89 1559.46 1606.88
CITY 144 79.08 29.06 5192.90 5222.45
CITY 145 74.51 63.88 5688.91 5723.35
CITY 146 65.89 35.38 76.45 97.63
CITY 147 32.82 82.51 4795.06 4834.59
CITY 148 73.74 54.81 165.17 201.38
CITY 149 32.02 32.53 2866.14 2892.47
CITY 150 48.44 29.20 2304.09 2338.27
CITY 151 14.90 52.64 979.27 1027.51
CITY 152 1.64 28.63 2368.51 2412.19
CITY 153 73.51 93.63 1940.25 1967.59
CITY 154 40.61 1.38 4297.83 4330.68
CITY 155 68.05 11.46 2198.34 2229.34
CITY 156 38.24 43.67 1479.05 1507.59
CITY 157 70.46 44.05 4190.81 4212.16
CITY 158 4.14 82.93 2149.92 2178.95
CITY 159 94.90 55.37 882.34 921.12
CITY 160 2.31 87.41 3654.63 3695.08
CITY 161 92.69 38.44 3887.11 3916.35
CITY 162 24.20 43.71 2230.41 2271.29
CITY 163 89.56 82.44 6054.56 6102.17
CITY 164 22.53 65.54 1352.31 1378.83
CITY 165 29.29 14.01 1055.01 1085.90
CITY 166 77.12 91.63 622.97 644.12
CITY 167 72.95 23.57 413.84 456.73
CITY 168 29.68 64.28 1178.19 1206.36
CITY 169 63.61 78.34 4038.82 4080.13
CITY 170 40.14 24.78 3890.23 3933.34
CITY 171 72.96 25.98 1355.85 1403.06
CITY 172 71.01 1.82 4492.25 4538.44
CITY 173 72.43 86.78 3482.07 3524.16
CITY 174 49.58 16.57 2024.80 2053.85
CITY 175 68.74 37.65 4730.89 4752.42
CITY 176 57.95 94.52 1349.69 1384.62
CITY 177 1.39 59.00 6202.95 6249.58
CITY 178 96.96 95.92 5834.24 5857.32
CITY 179 89.33 22.98 4013.43 4042.25
CITY 180 60.27 67.94 3519.10 3550.04
CITY 181 10.11 25.24 1672.14 1704.41
CITY 182 99.53 36.97 1483.39 1508.03
CITY 183 34.92 42.17 814.79 846.86
CITY 184 50.06 39.47 4932.85 4957.71
CITY 185 75.59 88.64 2271.21 2306.16
CITY 186 74.56 58.44 1979.34 2007.75
CITY 187 3.71 5.99 3612.30 3647.47
CITY 188 78.36 11.97 5787.57 5827.13
CITY 189 8.96 33.69 3176.61 3224.60
CITY 190 3.68 27.77 2450.52 2498.83
CITY 191 8.25 83.43 4931.06 4964.50
CITY 192 89.67 33.30 5431.64 5459.52
CITY 193 10.48 18.54 1672.95 1722.01
CITY 194 68.22 50.02 4052.91 4090.90
CITY 195 79.16 73.85 1830.30 1879.89
CITY 196 25.70 65.99 5374.75 5418.69
CITY 197 11.45 21.92 4676.80 4710.69
CITY 198 4.45 59.49 3106.62 3139.48
CITY 199 2.09 18.94 3506.71 3532.48
CITY 200 24.65 39.22 2082.98 2107.93
CITY 201 89.90 81.68 4291.43 4311.50
