NUM_CLIENTS 118
NUM_VEHICLES 11
CITY 0 0.0 0.0 0.0 1822
CITY 1 28.53 28.02 1074.76 1107.68
CITY 2 25.23 49.13 592.35 615.69
CITY 3 66.89 68.30 1365.26 1389.17
CITY 4 36.06 81.00 1316.48 1354.14
CITY 5 60.47 23.83 488.98 526.51
CITY 6 8.72 10.64 1115.58 1153.63
CITY 7 4.10 96.83 1566.52 1611.04
CITY 8 19.29 44.58 174.79 223.04
CITY 9 61.90 30.15 840.28 883.11
CITY 10 53.36 15.37 226.52 259.06
CITY 11 71.16 89.16 1345.58 1390.96
CITY 12 56.03 34.73 648.57 687.47
CITY 13 11.74 43.61 855.56 891.27
CITY 14 95.24 79.09 295.81 324.03
CITY 15 96.75 28.97 1693.68 1715.51
CITY 16 97.25 19.02 1443.35 1478.20
CITY 17 53.25 51.35 132.87 166.01
CITY 18 50.93 56.25 691.52 729.73
CITY 19 20.69 0.36 1013.40 1051.17
CITY 20 0.89 92.86 908.67 943.79
CITY 21 72.06 25.88 1510.59 1539.48
CITY 22 26.85 11.91 396.80 432.81
CITY 23 29.18 63.96 1669.31 1697.64
CITY 24 13.30 87.34 91.29 140.69
CITY 25 98.95 21.00 205.88 245.34
CITY 26 63.27 97.22 575.12 623.52
CITY 27 88.40 26.40 236.76 283.71
CITY 28 29.49 98.53 1109.19 1129.51
CITY 29 35.55 73.05 495.61 523.29
CITY 30 1.56 65.73 1538.06 1586.23
CITY 31 58.33 72.26 1219.34 1267.71
CITY 32 25.73 62.62 1070.89 1097.08
CITY 33 44.22 32.43 361.34 400.24
CITY 34 85.82 39.55 790.41 832.31
CITY 35 43.39 14.83 848.80 883.68
CITY 36 45.94 81.56 312.07 349.16
CITY 37 94.34 18.04 499.78 529.09
CITY 38 88.53 81.75 1218.01 1243.65
CITY 39 14.35 42.64 806.30 845.66
CITY 40 40.25 72.43 243.28 285.79
CITY 41 1.18 9.97 680.43 703.73
CITY 42 1.36 83.05 1656.25 1680.21
CITY 43 77.01 26.77 1663.20 1701.19
CITY 44 79.24 0.94 1402.82 1439.09
CITY 45 81.83 85.27 150.56 174.74
CITY 46 75.97 89.24 1445.00 1474.23
CITY 47 47.89 24.38 963.13 991.15
CITY 48 54.36 2.12 78.90 115.24
CITY 49 10.26 88.65 735.88 755.92
CITY 50 22.43 22.67 682.90 713.50
CITY 51 28.68 92.17 1212.79 1253.39
CITY 52 71.49 90.16 871.51 921.23
CITY 53 22.45 95.65 499.37 521.66
CITY 54 33.37 36.05 1638.57 1661.12
CITY 55 4.33 15.11 759.53 789.57
CITY 56 18.14 42.52 1582.60 1623.22
CITY 57 62.48 28.70 1551.21 1579.35
CITY 58 49.93 36.91 470.29 517.50
CITY 59 79.87 78.89 1526.96 1576.30
CITY 60 77.78 14.66 261.87 295.27
CITY 61 79.69 97.63 1443.56 1466.95
CITY 62 42.75 72.67 256.35 286.04
CITY 63 12.75 76.75 624.82 659.65
CITY 64 48.13 97.28 1066.29 1105.39
CITY 65 13.82 94.40 1633.08 1664.58
CITY 66 54.93 53.87 872.89 908.98
CITY 67 23.01 8.36 1266.84 1302.65
CITY 68 77.66 81.13 388.66 411.28
CITY 69 36.17 20.33 1507.25 1538.13
CITY 70 47.39 13.36 195.20 242.54
CITY 71 36.09 84.93 1379.76 1403.94
CITY 72 46.04 83.53 977.26 1025.20
CITY 73 42.11 21.07 397.97 440.38
CITY 74 11.72 69.58 253.53 295.52
CITY 75 69.61 42.47 95.84 119.02
CITY 76 58.16 47.68 1052.44 1077.18
CITY 77 14.69 14.13 434.22 454.60
CITY 78 83.11 41.65 1356.32 1390.41
CITY 79 14.01 52.75 1681.21 1715.32
CITY 80 72.26 44.40 1142.67 1163.07
CITY 81 11.13 6.00 1138.43 1176.55
CITY 82 17.36 16.03 702.40 735.11
CITY 83 94.82 45.43 1260.61 1288.35
CITY 84 57.21 30.60 402.80 450.75
CITY 85 27.18 9.19 669.04 717.57
CITY 86 74.31 40.04 99.23 131.00
CITY 87 82.25 97.60 1072.21 1094.52
CITY 88 69.24 47.74 1156.58 1188.74
CITY 89 38.05 5.47 658.26 690.99
CITY 90 26.99 10.44 642.71 686.07
CITY 91 33.55 23.95 288.41 311.61
CITY 92 21.19 1.10 1611.97 1637.60
CITY 93 20.17 92.92 425.87 448.43
CITY 94 57.01 4.49 1748.07 1782.58
CITY 95 4.80 9.32 546.85 596.26
CITY 96 75.17 95.87 886.38 915.82
CITY 97 39.06 35.58 229.50 269.74
CITY 98 33.13 89.65 892.34 927.41
CITY 99 77.51 2.37 1410.63 1444.94
CITY 100 86.88 3.74 285.69 326.16
CITY 101 7.88 62.60 1688.39 1715.34
CITY 102 21.56 68.15 249.61 291.17
CITY 103 99.34 50.16 1758.32 1796.58
CITY 104 52.33 76.86 792.93 816.87
CITY 105 29.08 62.35 1665.93 1687.13
CITY 106 71.28 68.29 423.70 473.61
CITY 107 60.69 95.80 1004.55 1054.38
CITY 108 9.74 1.49 1357.91 1387.20
CITY 109 86.75 79.74 1586.18 1621.15
CITY 110 45.48 16.97 523.82 545.86
CITY 111 57.65 35.34 126.05 167.37
CITY 112 46.07 98.61 1733.87 1776.77
CITY 113 44.20 92.42 1665.38 1714.53
CITY 114 48.83 36.35 507.90 540.17
CITY 115 61.97 68.06 781.15 816.52
CITY 116 62.46 31.36 147.95 180.34
CITY 117 45.01 87.74 1756.49 1777.77
CITY 118 97.74 5.71 1400.93 1441.92
