NUM_CLIENTS 420
NUM_VEHICLES 42
CITY 0 0.0 0.0 0.0 6656
CITY 1 48.58 65.99 799.76 832.85
CITY 2 84.49 89.35 22.47 47.58
CITY 3 69.38 19.03 1263.61 1288.25
CITY 4 35.32 38.54 3679.45 3703.75
CITY 5 94.47 71.99 5490.39 5516.63
CITY 6 25.58 12.29 4544.47 4574.81
CITY 7 84.25 57.56 2322.49 2370.38
CITY 8 87.07 62.84 5104.67 5150.65
CITY 9 33.93 36.78 5962.68 5997.78
CITY 10 6.18 90.47 4275.61 4311.38
CITY 11 17.19 1.32 1032.88 1055.03
CITY 12 39.13 20.55 215.48 255.40
CITY 13 65.66 21.19 3497.86 3521.02
CITY 14 78.30 15.14 3103.91 3137.45
CITY 15 24.38 87.84 828.22 861.64
CITY 16 72.10 43.90 2869.76 2908.19
CITY 17 91.15 79.35 5680.62 5718.04
CITY 18 84.45 76.23 3550.25 3583.64
CITY 19 70.64 75.26 3855.06 3879.59
CITY 20 57.52 26.85 4033.46 4077.08
CITY 21 20.13 48.90 4209.38 4244.23
CITY 22 98.82 82.93 4956.25 4988.35
CITY 23 50.46 70.93 3986.97 4033.27
CITY 24 90.98 33.03 2671.05 2703.74
CITY 25 43.91 50.14 5042.07 5063.02
CITY 26 7.56 12.34 4711.17 4754.48
CITY 27 87.43 48.37 3942.94 3973.19
CITY 28 30.24 91.51 3663.54 3699.56
CITY 29 18.94 10.18 2106.64 2155.82
CITY 30 94.14 72.81 3382.87 3406.03
CITY 31 40.28 54.06 74.86 102.34
CITY 32 13.52 5.83 787.66 825.57
CITY 33 50.07 83.65 4872.61 4911.04
CITY 34 87.34 95.50 475.39 505.99
CITY 35 77.49 66.82 1591.85 1626.37
CITY 36 90.91 35.95 1625.54 1669.81
CITY 37 86.03 57.98 557.94 598.15
CITY 38 77.49 1.23 2776.10 2801.60
CITY 39 71.57 35.32 1913.78 1934.92
CITY 40 14.11 91.28 4313.86 4358.15
CITY 41 31.09 95.19 3647.80 3685.95
CITY 42 14.46 92.36 2225.50 2264.65
CITY 43 55.03 69.63 5739.46 5786.27
CITY 44 96.17 9.93 5232.44 5259.79
CITY 45 4.31 41.58 429.79 465.67
CITY 46 3.32 32.31 3171.33 3209.73
CITY 47 58.19 92.32 116.67 140.75
CITY 48 61.51 52.35 245.55 295.51
CITY 49 47.76 35.38 5729.11 5761.79
CITY 50 39.57 93.28 327.77 363.78
CITY 51 41.87 9.29 2585.15 2633.05
CITY 52 67.36 16.40 1921.76 1955.03
CITY 53 22.60 98.56 356.17 396.75
CITY 54 45.34 92.35 4983.75 5021.11
CITY 55 19.50 1.00 5903.52 5928.17
CITY 56 91.34 34.13 5221.86 5261.81
CITY 57 17.71 79.61 3186.57 3225.55
CITY 58 98.49 93.57 3253.04 3288.45
CITY 59 32.64 65.33 4120.17 4161.66
CITY 60 84.31 61.60 416.91 441.96
CITY 61 22.84 11.72 2181.13 2206.36
CITY 62 59.61 82.62 1142.31 1179.56
CITY 63 67.06 17.47 5092.27 5119.94
CITY 64 11.21 59.27 5638.16 5665.63
CITY 65 68.39 84.58 1953.66 1996.78
CITY 66 36.78 23.47 563.61 599.72
CITY 67 78.74 36.10 1772.16 1808.54
CITY 68 5.74 81.40 5490.61 5527.83
CITY 69 73.64 26.96 2830.69 2862.69
CITY 70 98.70 83.58 1599.85 1645.12
CITY 71 35.95 63.85 2414.52 2435.04
CITY 72 83.16 33.62 1611.92 1646.71
CITY 73 3.87 87.45 3301.69 3335.63
CITY 74 3.13 58.11 4833.91 4857.38
CITY 75 78.95 9.50 5805.44 5849.25
CITY 76 76.59 99.14 4667.89 4687.96
CITY 77 19.29 23.65 5325.66 5356.90
CITY 78 42.06 42.05 121.46 142.92
CITY 79 31.24 3.10 5857.25 5897.56
CITY 80 98.90 91.86 2159.34 2179.56
CITY 81 93.59 16.64 1150.43 1199.58
CITY 82 5.46 56.70 510.39 542.02
CITY 83 27.63 76.05 2633.20 2681.31
CITY 84 23.11 37.91 1934.47 1981.59
CITY 85 95.34 19.03 51.54 85.80
CITY 86 69.11 12.11 5244.84 5273.69
CITY 87 46.51 73.85 305.20 348.08
CITY 88 60.37 63.68 2391.23 2427.85
CITY 89 59.80 70.98 37.52 82.42
CITY 90 81.39 41.31 2913.09 2957.35
CITY 91 63.77 15.73 2756.00 2782.77
CITY 92 59.81 8.70 5283.31 5310.47
CITY 93 18.21 10.94 4308.17 4329.01
CITY 94 70.45 80.63 6425.27 6468.78
CITY 95 37.64 99.42 358.85 391.28
CITY 96 74.25 2.17 1947.80 1972.83
CITY 97 19.33 88.36 2908.62 2937.25
CITY 98 66.43 58.00 2425.78 2448.34
CITY 99 33.71 15.12 4712.42 4758.33
CITY 100 62.40 61.81 5522.18 5563.00
CITY 101 67.77 34.79 2601.21 2624.87
CITY 102 52.69 94.39 3452.55 3493.65
CITY 103 84.40 52.41 5332.45 5355.91
CITY 104 81.57 55.38 1646.71 1681.03
CITY 105 10.59 86.58 748.63 770.63
CITY 106 16.25 26.31 1038.56 1079.61
CITY 107 50.08 99.40 5858.44 5907.42
CITY 108 43.96 7.44 4444.48 4470.60
CITY 109 7.44 74.11 5917.01 5963.55
CITY 110 26.37 57.34 6091.11 6131.58
CITY 111 40.23 32.12 5976.42 6005.95
CITY 112 5.35 35.19 4890.27 4910.42
CITY 113 25.42 89.28 4290.79 4334.64
CITY 114 93.31 40.33 5987.39 6021.24
CITY 115 38.70 20.63 5792.39 5815.79
CITY 116 67.21 45.19 3516.10 3561.81
CITY 117 66.47 52.23 5471.43 5494.06
CITY 118 16.23 93.75 6373.53 6407.64
CITY 119 38.07 95.50 2787.01 2807.37
CITY 120 6.37 6.38 5116.97 5156.47
CITY 121 73.58 31.72 5653.33 5696.77
CITY 122 72.28 70.96 5768.02 5804.61
CITY 123 95.93 85.18 496.25 528.88
CITY 124 28.02 27.12 4548.23 4577.32
CITY 125 66.08 98.67 460.55 484.21
CITY 126 87.85 47.30 5797.76 5837.52
CITY 127 94.26 14.45 6008.64 6044.49
CITY 128 12.69 95.23 412.53 445.29
CITY 129 99.28 29.39 4903.92 4947.82
CITY 130 42.27 51.12 2644.59 2671.32
CITY 131 80.67 94.14 5343.92 5366.85
CITY 132 70.17 61.34 1572.66 1620.24
CITY 133 42.26 31.86 426.94 469.55
CITY 134 28.66 25.71 1244.07 1291.84
CITY 135 9.85 43.32 5722.08 5759.50
CITY 136 31.45 43.01 5146.92 5186.29
CITY 137 28.80 9.61 5824.19 5858.46
CITY 138 99.94 65.33 6152.49 6191.74
CITY 139 29.06 42.53 5844.98 5872.24
CITY 140 10.52 68.36 6252.44 6288.74
CITY 141 84.78 4.55 3194.20 3227.05
CITY 142 83.56 74.94 2991.65 3022.93
CITY 143 11.15 80.07 3480.62 3530.14
CITY 144 27.43 69.55 2131.83 2177.59
CITY 145 27.83 28.35 2024.35 2059.30
CITY 146 23.81 70.21 2451.61 2491.25
CITY 147 65.30 60.87 1642.31 1685.09
CITY 148 47.78 9.38 2817.93 2861.08
CITY 149 15.62 95.12 5527.13 5549.42
CITY 150 80.87 70.24 5265.11 5294.70
CITY 151 25.41 0.41 3722.54 3756.75
CITY 152 8.26 74.76 3424.15 3462.79
CITY 153 55.70 69.65 1774.81 1795.34
CITY 154 62.02 16.92 140.35 182.08
CITY 155 65.72 35.43 3956.75 3991.24
CITY 156 57.05 50.22 3505.39 3538.80
CITY 157 15.33 39.82 327.84 376.23
CITY 158 74.10 60.63 4195.51 4220.67
CITY 159 7.70 93.99 626.57 664.48
CITY 160 86.18 3.52 4558.13 4599.84
CITY 161 89.86 82.92 5213.73 5239.05
CITY 162 48.80 64.61 5895.58 5916.36
CITY 163 97.71 99.69 4922.31 4943.93
CITY 164 50.23 20.14 5034.69 5059.19
CITY 165 66.77 11.77 6186.86 6216.82
CITY 166 13.95 55.44 5142.82 5189.24
CITY 167 20.97 95.56 1224.60 1256.31
CITY 168 49.84 34.62 5447.07 5488.32
CITY 169 21.42 85.13 6228.63 6275.39
CITY 170 12.33 17.49 3042.02 3065.50
CITY 171 96.49 9.19 1844.85 1870.08
CITY 172 65.27 49.46 951.09 980.56
CITY 173 49.19 69.95 5700.44 5725.83
CITY 174 78.44 67.62 2044.68 2069.21
CITY 175 60.92 18.51 2901.93 2929.08
CITY 176 48.11 11.19 4290.48 4324.14
CITY 177 61.76 61.64 947.79 969.30
CITY 178 85.94 32.93 3742.79 3782.69
CITY 179 84.69 33.00 6291.05 6338.16
CITY 180 80.67 0.22 5060.76 5091.69
CITY 181 68.91 73.92 3616.11 3650.94
CITY 182 80.07 70.61 1478.01 1506.87
CITY 183 78.37 48.86 3040.95 3071.40
CITY 184 14.90 52.06 4140.89 4173.56
CITY 185 68.10 90.45 843.32 867.78
CITY 186 23.94 10.37 4358.01 4397.11
CITY 187 23.94 20.75 706.21 740.48
CITY 188 18.77 94.55 4468.28 4493.62
CITY 189 26.01 97.43 1842.54 1878.30
CITY 190 77.62 28.83 4833.61 4856.72
CITY 191 21.11 82.28 833.03 859.87
CITY 192 17.01 3.34 3197.94 3225.42
CITY 193 75.26 88.65 5681.86 5716.10
CITY 194 94.11 75.69 4753.28 4782.41
CITY 195 58.48 83.38 1641.93 1662.29
CITY 196 52.68 35.33 5799.91 5848.68
CITY 197 20.51 61.80 818.44 866.94
CITY 198 11.16 81.58 4892.43 4918.00
CITY 199 37.58 5.41 43.10 92.96
CITY 200 59.61 44.64 2459.92 2498.66
CITY 201 7.45 44.91 3590.07 3618.17
CITY 202 59.86 55.91 5103.85 5131.24
CITY 203 0.31 44.43 1838.49 1877.99
CITY 204 88.79 80.39 3591.88 3614.75
CITY 205 79.30 44.54 4433.57 4470.82
CITY 206 39.57 30.62 2419.42 2448.67
CITY 207 43.96 48.83 6498.31 6518.78
CITY 208 91.38 91.82 2126.53 2174.83
CITY 209 51.88 85.41 6059.15 6095.70
CITY 210 10.11 12.43 3376.81 3416.85
CITY 211 81.11 56.47 4928.29 4963.81
CITY 212 32.20 80.60 900.28 947.60
CITY 213 28.03 48.12 6442.74 6485.65
CITY 214 96.15 51.54 4864.14 4890.71
CITY 215 7.02 37.11 5087.57 5110.58
CITY 216 88.43 80.69 1551.47 1593.78
CITY 217 44.62 1.61 2714.84 2755.27
CITY 218 49.34 64.46 4376.48 4408.53
CITY 219 76.56 23.29 659.74 703.40
CITY 220 6.91 43.07 616.33 639.46
CITY 221 96.30 33.24 4911.98 4932.75
CITY 222 24.49 20.56 753.67 779.38
CITY 223 68.52 23.04 3256.06 3278.38
CITY 224 46.65 77.40 1419.69 1456.86
CITY 225 65.21 2.75 644.23 680.39
CITY 226 13.71 5.08 96.23 145.78
CITY 227 37.11 12.96 3149.86 3194.05
CITY 228 39.12 82.81 2964.55 3005.33
CITY 229 12.70 43.16 1783.73 1818.07
CITY 230 14.74 87.91 6084.01 6105.83
CITY 231 42.46 32.85 887.86 927.67
CITY 232 2.41 71.65 1445.68 1489.89
CITY 233 94.01 62.43 790.39 811.12
CITY 234 45.03 15.89 5928.07 5969.91
CITY 235 62.14 47.67 5368.72 5417.81
CITY 236 2.27 23.42 4593.31 4634.36
CITY 237 1.12 97.85 652.12 690.25
CITY 238 80.22 96.72 2737.60 2783.39
CITY 239 93.75 74.75 1834.35 1867.41
CITY 240 95.15 44.67 6585.28 6626.19
CITY 241 53.86 7.94 4816.73 4844.64
CITY 242 99.61 3.36 2078.21 2099.88
CITY 243 95.77 36.16 560.99 607.79
CITY 244 36.99 69.05 2152.44 2186.97
CITY 245 98.69 0.96 5199.34 5220.80
CITY 246 72.93 64.60 5277.48 5315.53
CITY 247 59.68 24.27 6108.94 6129.66
CITY 248 22.41 25.75 4146.39 4175.49
CITY 249 3.33 73.77 3559.60 3591.23
CITY 250 47.88 57.09 5568.22 5611.73
CITY 251 27.18 43.34 2043.43 2071.15
CITY 252 97.63 1.36 5875.77 5896.89
CITY 253 29.29 41.23 5610.18 5637.73
CITY 254 46.20 52.84 1394.24 1436.19
CITY 255 53.55 44.07 1125.64 1157.83
CITY 256 28.21 89.52 3837.84 3862.09
CITY 257 28.20 42.50 2089.19 2121.85
CITY 258 8.32 19.24 261.09 295.20
CITY 259 33.14 7.91 6525.01 6548.38
CITY 260 66.76 10.68 5380.11 5410.70
CITY 261 68.13 37.29 3678.70 3702.23
CITY 262 56.61 60.17 2036.47 2059.73
CITY 263 94.01 43.92 5537.02 5582.53
CITY 264 77.59 25.67 4174.69 4215.20
CITY 265 48.10 80.40 5659.73 5708.85
CITY 266 66.13 87.81 5407.40 5452.39
CITY 267 10.15 3.99 6357.75 6384.61
CITY 268 82.30 70.06 803.55 837.31
CITY 269 47.18 16.22 2029.95 2061.22
CITY 270 41.33 25.40 1932.41 1963.81
CITY 271 41.94 36.55 6264.83 6299.98
CITY 272 90.26 18.00 4513.11 4535.63
CITY 273 66.43 22.79 3359.08 3402.25
CITY 274 86.68 85.62 5252.84 5298.76
CITY 275 63.27 27.19 4927.28 4967.71
CITY 276 76.74 93.35 3935.17 3976.48
CITY 277 78.11 45.76 4736.76 4786.14
CITY 278 9.23 85.92 6047.45 6076.43
CITY 279 53.03 92.08 6556.15 6576.75
CITY 280 0.50 66.05 2539.93 2585.46
CITY 281 86.39 25.51 2676.60 2723.06
CITY 282 79.56 15.47 4946.41 4983.23
CITY 283 84.30 50.31 3700.35 3739.67
CITY 284 47.66 24.39 2624.55 2663.70
CITY 285 80.55 41.81 1682.17 1719.34
CITY 286 92.52 45.28 299.16 326.61
CITY 287 85.65 35.06 3718.54 3764.19
CITY 288 45.46 42.35 5593.17 5630.32
CITY 289 30.66 43.52 3023.77 3056.52
CITY 290 95.04 75.35 4571.83 4594.28
CITY 291 12.05 18.97 2409.74 2441.16
CITY 292 25.31 34.25 4345.57 4383.90
CITY 293 11.32 43.52 3827.32 3872.69
CITY 294 84.68 53.09 2345.37 2387.93
CITY 295 44.75 57.52 172.80 204.04
CITY 296 65.26 73.37 1404.15 1450.88
CITY 297 59.12 67.09 6475.79 6510.34
CITY 298 66.16 85.57 5186.35 5220.68
CITY 299 48.13 82.49 733.15 754.18
CITY 300 80.50 84.59 3092.07 3139.83
CITY 301 13.48 36.52 6286.51 6307.06
CITY 302 8.56 36.85 1863.54 1902.08
CITY 303 3.58 83.07 4101.73 4140.42
CITY 304 53.82 45.83 2138.82 2169.93
CITY 305 99.34 21.65 1706.57 1753.77
CITY 306 93.38 54.96 2357.92 2399.90
CITY 307 70.95 65.45 2578.83 2623.83
CITY 308 75.28 41.00 1598.82 1628.97
CITY 309 27.15 18.37 4680.89 4730.38
CITY 310 2.64 56.53 2255.69 2282.17
CITY 311 0.99 44.93 3107.60 3149.61
CITY 312 13.07 62.50 4594.61 4618.90
CITY 313 38.91 32.70 3352.61 3389.30
CITY 314 6.02 71.74 3838.54 3866.72
CITY 315 93.84 15.76 5822.54 5872.02
CITY 316 81.69 2.29 2706.80 2739.51
CITY 317 61.01 3.11 4202.88 4246.21
CITY 318 43.52 87.51 1745.32 1770.50
CITY 319 90.45 60.01 5442.13 5491.78
CITY 320 19.65 36.04 374.12 408.58
CITY 321 83.10 80.20 2856.12 2882.84
CITY 322 49.57 78.09 4497.12 4524.80
CITY 323 27.82 10.62 6564.71 6601.64
CITY 324 6.46 11.17 1275.25 1315.66
CITY 325 58.19 2.17 5524.96 5559.08
CITY 326 17.36 60.74 2274.24 2297.21
CITY 327 60.64 34.87 4049.80 4085.71
CITY 328 48.04 50.96 1375.10 1409.45
CITY 329 4.61 52.39 1299.25 1341.87
CITY 330 74.95 82.48 3828.29 3852.53
CITY 331 94.69 48.03 1530.60 1575.54
CITY 332 43.22 86.05 1159.95 1203.35
CITY 333 62.35 9.77 24.98 65.88
CITY 334 67.27 63.87 5995.78 6034.18
CITY 335 11.80 69.43 3781.03 3810.05
CITY 336 90.11 3.94 450.34 473.55
CITY 337 15.57 46.21 3960.65 3983.48
CITY 338 43.46 35.72 2304.69 2354.01
CITY 339 65.35 2.75 1245.67 1272.58
CITY 340 81.36 74.93 393.45 424.48
CITY 341 95.21 98.39 4491.92 4531.31
CITY 342 25.38 21.68 6258.83 6287.53
CITY 343 18.89 67.57 4763.00 4793.71
CITY 344 86.18 74.59 6589.26 6635.86
CITY 345 52.99 29.99 1600.87 1642.46
CITY 346 24.13 62.78 4161.23 4190.97
CITY 347 73.51 0.97 6481.35 6506.73
CITY 348 44.86 79.03 4517.08 4539.46
CITY 349 45.39 20.43 492.94 517.69
CITY 350 4.66 84.14 2328.62 2353.36
CITY 351 44.35 60.63 1835.94 1881.20
CITY 352 63.37 67.56 4643.71 4671.09
CITY 353 46.59 39.46 3688.47 3722.31
CITY 354 70.74 58.92 1589.35 1624.66
CITY 355 66.60 56.94 1773.06 1810.89
CITY 356 80.13 85.50 6391.46 6424.73
CITY 357 50.64 48.01 3288.89 3325.04
CITY 358 91.93 8.35 1945.89 1979.18
CITY 359 70.50 85.69 1092.61 1123.92
CITY 360 62.04 79.44 2070.95 2116.00
CITY 361 28.17 74.37 3211.02 3233.25
CITY 362 51.38 14.07 1887.08 1914.99
CITY 363 70.44 0.80 5322.28 5359.28
CITY 364 13.47 77.56 1848.56 1892.16
CITY 365 24.85 5.62 6116.48 6149.15
CITY 366 43.78 92.32 1923.04 1954.91
CITY 367 80.04 31.79 521.53 547.81
CITY 368 20.90 6.31 524.91 571.38
CITY 369 71.93 51.12 2440.11 2473.40
CITY 370 22.52 87.53 5368.12 5402.43
CITY 371 69.44 72.39 4728.76 4778.37
CITY 372 69.31 27.52 1258.83 1305.98
CITY 373 45.10 41.49 183.44 218.43
CITY 374 23.32 18.49 684.74 732.73
CITY 375 99.82 85.00 2941.68 2975.28
CITY 376 23.60 59.56 5359.35 5399.12
CITY 377 8.34 88.56 37.60 77.42
CITY 378 94.41 56.57 2733.11 2755.41
CITY 379 79.89 55.16 5633.86 5681.44
CITY 380 15.93 72.60 5921.98 5942.44
CITY 381 0.01 7.73 3462.99 3493.02
CITY 382 84.65 59.36 6120.71 6142.30
CITY 383 91.55 31.31 561.57 610.07
CITY 384 24.96 54.25 273.66 301.96
CITY 385 47.10 6.41 3680.29 3725.89
CITY 386 99.39 3.25 2000.51 2022.09
CITY 387 89.42 74.64 6095.51 6136.75
CITY 388 57.22 32.80 6388.04 6434.87
CITY 389 92.10 62.71 383.93 432.85
CITY 390 48.19 60.04 1258.71 1305.37
CITY 391 86.24 79.67 6481.60 6516.43
CITY 392 48.47 43.70 328.22 358.04
CITY 393 91.28 84.27 2195.09 2219.58
CITY 394 47.22 0.82 1805.85 1831.23
CITY 395 40.07 26.09 375.86 413.58
CITY 396 26.35 74.62 3304.54 3347.24
CITY 397 78.04 76.01 2229.59 2257.32
CITY 398 10.59 51.82 3294.03 3329.00
CITY 399 79.33 30.01 3686.64 3730.31
CITY 400 38.27 36.91 3675.17 3723.59
CITY 401 56.75 67.12 5699.72 5730.34
CITY 402 49.01 55.67 2652.27 2694.41
CITY 403 38.14 95.75 5863.39 5891.27
CITY 404 73.41 9.14 1975.18 2024.69
CITY 405 74.66 62.41 6106.33 6149.30
CITY 406 74.87 49.37 4156.20 4192.11
CITY 407 6.06 34.65 288.20 318.05
CITY 408 12.39 43.83 3380.94 3413.39
CITY 409 77.09 17.68 3368.05 3414.39
CITY 410 94.74 44.42 1937.63 1965.28
CITY 411 41.10 56.34 3335.43 3364.28
CITY 412 87.41 92.69 2941.55 2973.02
CITY 413 53.90 43.91 70.09 102.96
CITY 414 7.78 26.47 2813.73 2851.04
CITY 415 15.42 93.19 3936.97 3976.48
CITY 416 46.75 41.11 692.13 713.55
CITY 417 25.16 86.55 5175.33 5205.00
CITY 418 2.93 49.43 91.84 132.47
CITY 419 87.07 34.79 6351.92 6393.23
CITY 420 53.69 0.60 5939.60 5986.98
