NUM_CLIENTS 293
NUM_VEHICLES 29
CITY 0 0.0 0.0 0.0 6857
CITY 1 25.04 50.69 6629.46 6660.34
CITY 2 43.68 52.95 2912.68 2947.17
CITY 3 79.91 43.35 3322.52 3363.17
CITY 4 60.41 15.93 5633.38 5669.97
CITY 5 23.26 58.62 798.60 824.76
CITY 6 95.07 59.19 1028.16 1059.03
CITY 7 45.25 17.67 2474.64 2509.20
CITY 8 22.20 42.28 5641.32 5688.67
CITY 9 28.04 68.81 6094.36 6134.69
CITY 10 10.23 68.70 305.90 343.69
CITY 11 80.84 80.81 4683.72 4722.56
CITY 12 77.33 59.09 5768.02 5817.69
CITY 13 53.95 9.06 4568.67 4593.63
CITY 14 75.53 79.76 414.06 440.54
CITY 15 9.60 1.46 3807.51 3828.66
CITY 16 35.77 82.38 261.97 284.06
CITY 17 40.34 64.89 4885.27 4927.33
CITY 18 39.82 24.10 423.86 470.91
CITY 19 92.71 61.91 6024.18 6062.87
CITY 20 31.80 39.14 6119.57 6162.16
CITY 21 43.56 41.34 6688.31 6720.49
CITY 22 80.52 34.72 5851.65 5899.36
CITY 23 74.62 38.58 6717.66 6741.64
CITY 24 35.97 98.08 2557.50 2592.15
CITY 25 92.61 80.94 4212.37 4237.71
CITY 26 87.31 35.96 5480.13 5529.95
CITY 27 91.37 38.72 1825.85 1864.23
CITY 28 55.91 93.14 5577.52 5622.19
CITY 29 90.60 86.21 3390.01 3412.91
CITY 30 84.01 91.48 4329.25 4357.87
CITY 31 11.73 5.59 346.43 366.57
CITY 32 38.95 53.99 3507.47 3557.24
CITY 33 96.77 24.08 4843.21 4887.47
CITY 34 56.36 95.47 5149.27 5177.57
CITY 35 6.20 70.16 2131.82 2171.32
CITY 36 41.41 70.89 4146.96 4192.54
CITY 37 62.87 88.76 2612.62 2649.57
CITY 38 84.91 24.50 2538.76 2582.66
CITY 39 28.46 46.75 4156.36 4177.89
CITY 40 83.03 31.49 3774.15 3801.42
CITY 41 26.28 1.48 3325.72 3361.61
CITY 42 2.36 84.88 2896.06 2927.11
CITY 43 99.78 0.44 6426.15 6447.58
CITY 44 92.11 79.51 6106.60 6130.15
CITY 45 62.32 92.76 2231.15 2265.87
CITY 46 29.88 20.98 3690.18 3733.43
CITY 47 54.19 17.99 2092.86 2124.34
CITY 48 51.05 50.14 5337.08 5370.41
CITY 49 34.45 22.37 89.50 130.30
CITY 50 96.21 36.07 2175.54 2206.63
CITY 51 5.61 18.85 1068.71 1102.75
CITY 52 9.19 43.77 3472.56 3512.73
CITY 53 98.03 34.55 4898.00 4921.67
CITY 54 98.34 62.24 4707.91 4754.22
CITY 55 63.51 8.78 166.86 209.32
CITY 56 82.17 10.18 150.20 191.60
CITY 57 82.48 49.26 4301.69 4322.94
CITY 58 27.48 97.74 461.14 493.98
CITY 59 60.37 83.79 1472.15 1515.30
CITY 60 47.28 70.02 989.73 1032.96
CITY 61 56.18 89.33 3974.71 4008.16
CITY 62 51.09 83.74 1382.26 1419.28
CITY 63 15.09 36.96 5791.20 5829.28
CITY 64 37.55 5.12 2809.77 2842.11
CITY 65 4.54 8.10 2053.46 2097.85
CITY 66 12.31 47.72 4150.53 4179.44
CITY 67 8.65 64.52 3643.12 3687.54
CITY 68 56.75 89.36 2650.45 2679.06
CITY 69 18.97 29.75 6588.64 6619.14
CITY 70 69.33 8.40 2084.53 2126.71
CITY 71 31.51 96.91 6636.49 6664.89
CITY 72 95.23 55.19 798.74 819.69
CITY 73 54.30 31.96 741.03 769.84
CITY 74 70.12 78.98 6324.29 6347.53
CITY 75 44.77 55.06 3260.03 3292.36
CITY 76 22.83 97.57 5170.97 5194.83
CITY 77 0.78 15.57 5613.67 5640.89
CITY 78 22.20 51.81 4297.63 4324.81
CITY 79 66.14 38.66 5231.29 5261.02
CITY 80 61.06 71.37 1045.28 1065.77
CITY 81 0.58 77.82 1668.80 1713.85
CITY 82 91.69 92.89 2918.44 2947.54
CITY 83 4.01 49.96 1040.33 1061.61
CITY 84 16.02 31.45 4994.24 5032.42
CITY 85 95.24 20.25 3427.09 3457.80
CITY 86 97.10 48.55 3607.14 3652.43
CITY 87 77.46 97.61 1002.22 1027.92
CITY 88 85.44 56.42 201.10 239.36
CITY 89 99.32 54.20 2005.37 2040.37
CITY 90 63.09 46.67 675.77 716.54
CITY 91 39.62 10.43 3835.36 3875.17
CITY 92 87.63 65.61 6134.82 6180.01
CITY 93 40.38 52.74 6706.23 6731.44
CITY 94 64.89 6.80 2883.57 2931.99
CITY 95 38.72 1.38 5275.66 5322.62
CITY 96 85.35 50.42 6181.25 6203.15
CITY 97 90.69 48.63 319.59 361.39
CITY 98 16.34 17.19 4574.20 4605.52
CITY 99 50.36 2.32 3716.16 3738.41
CITY 100 44.96 13.42 4297.23 4320.26
CITY 101 61.11 78.62 6762.10 6795.39
CITY 102 21.69 4.13 424.00 450.36
CITY 103 55.88 0.44 3717.09 3762.59
CITY 104 88.50 25.85 6182.99 6232.58
CITY 105 55.10 4.45 5581.23 5629.60
CITY 106 89.74 53.40 1309.65 1342.14
CITY 107 79.59 53.92 6248.40 6282.14
CITY 108 73.62 13.55 407.60 430.60
CITY 109 7.02 99.58 4681.47 4714.14
CITY 110 42.25 72.71 2026.07 2055.67
CITY 111 64.00 88.41 3243.77 3284.29
CITY 112 22.26 2.43 3394.65 3431.32
CITY 113 84.19 21.16 3567.13 3614.80
CITY 114 64.24 33.44 6275.83 6303.06
CITY 115 10.69 41.83 5968.76 6004.54
CITY 116 49.65 28.73 6094.54 6124.55
CITY 117 95.47 48.66 6469.76 6492.71
CITY 118 63.17 43.96 4862.96 4891.47
CITY 119 16.71 97.05 5722.86 5762.92
CITY 120 38.77 13.75 3270.58 3308.65
CITY 121 96.55 25.20 1336.85 1360.19
CITY 122 97.60 15.90 1538.60 1582.81
CITY 123 35.19 86.40 3250.97 3284.01
CITY 124 3.20 30.89 95.53 142.84
CITY 125 52.09 71.50 2729.43 2776.33
CITY 126 76.40 33.21 3056.48 3088.67
CITY 127 38.62 11.68 4182.62 4217.20
CITY 128 66.22 84.25 2334.42 2358.18
CITY 129 90.30 66.40 2046.86 2074.75
CITY 130 56.22 42.19 3093.22 3131.52
CITY 131 57.26 5.48 3153.17 3177.22
CITY 132 71.86 47.22 1846.79 1879.80
CITY 133 2.35 31.44 5265.33 5288.45
CITY 134 51.68 43.83 6290.73 6317.73
CITY 135 40.72 53.75 1488.22 1515.32
CITY 136 13.50 20.29 3651.21 3693.73
CITY 137 52.47 13.78 2437.94 2484.37
CITY 138 42.32 50.10 2867.57 2904.46
CITY 139 89.34 98.30 411.11 441.92
CITY 140 37.29 26.87 3775.44 3812.23
CITY 141 31.22 49.06 6303.66 6344.84
CITY 142 83.24 57.96 2793.72 2828.15
CITY 143 62.69 0.41 2714.55 2736.12
CITY 144 7.71 82.19 2808.50 2837.07
CITY 145 39.04 82.80 3985.30 4018.32
CITY 146 28.47 78.32 3856.62 3902.33
CITY 147 0.64 59.73 2924.90 2955.57
CITY 148 66.60 87.30 2102.72 2151.00
CITY 149 93.55 24.86 372.20 406.44
CITY 150 51.89 26.88 2723.74 2763.38
CITY 151 86.92 72.72 5868.97 5908.49
CITY 152 15.63 82.23 6203.45 6232.89
CITY 153 82.13 13.05 4528.11 4564.61
CITY 154 50.64 89.29 4673.13 4717.87
CITY 155 5.65 77.37 1349.79 1373.06
CITY 156 99.19 37.35 5269.49 5301.48
CITY 157 88.66 4.58 3045.69 3084.50
CITY 158 67.88 40.40 6178.55 6224.49
CITY 159 81.38 9.32 4553.51 4581.10
CITY 160 63.93 35.76 6469.87 6502.08
CITY 161 17.61 97.87 6765.80 6813.05
CITY 162 25.72 31.01 3916.12 3945.32
CITY 163 67.15 33.84 6246.20 6286.41
CITY 164 91.45 6.09 2177.43 2203.20
CITY 165 49.91 49.03 5784.40 5806.79
CITY 166 99.60 1.49 3460.31 3501.34
CITY 167 87.72 19.22 5707.58 5754.67
CITY 168 54.94 72.12 2337.26 2375.25
CITY 169 90.03 49.35 2153.92 2201.88
CITY 170 18.73 26.03 474.81 505.13
CITY 171 32.31 96.23 6564.86 6607.00
CITY 172 84.05 16.47 1554.81 1598.99
CITY 173 9.90 92.36 1863.62 1890.55
CITY 174 91.03 24.61 6576.91 6600.93
CITY 175 95.96 45.80 1900.86 1940.16
CITY 176 28.73 22.79 4884.44 4908.80
CITY 177 70.22 34.51 3107.73 3140.59
CITY 178 91.89 49.89 4380.67 4409.14
CITY 179 70.74 29.49 5832.02 5866.20
CITY 180 45.44 26.18 4332.37 4364.17
CITY 181 27.39 62.04 1023.36 1069.40
CITY 182 73.87 50.99 4502.81 4531.68
CITY 183 56.29 1.02 3067.79 3114.73
CITY 184 65.91 7.45 219.13 256.30
CITY 185 55.90 29.16 1182.66 1217.89
CITY 186 57.89 24.76 2581.69 2609.48
CITY 187 12.11 50.28 2883.93 2919.11
CITY 188 96.04 46.98 5274.18 5323.20
CITY 189 86.66 17.99 3510.49 3532.64
CITY 190 34.24 36.37 3837.47 3874.51
CITY 191 36.17 84.86 3599.48 3627.32
CITY 192 26.45 98.80 6073.46 6103.97
CITY 193 11.70 14.74 5245.36 5273.96
CITY 194 91.91 27.52 4878.72 4912.75
CITY 195 2.68 77.22 2820.85 2860.42
CITY 196 7.11 73.37 4022.40 4060.71
CITY 197 29.25 32.27 3061.79 3104.27
CITY 198 65.58 26.95 2220.08 2240.70
CITY 199 47.26 99.68 4957.09 4980.80
CITY 200 52.30 7.33 685.83 707.98
CITY 201 39.34 63.74 644.36 684.16
CITY 202 7.87 25.60 5228.91 5278.15
CITY 203 50.52 21.74 3161.17 3210.32
CITY 204 5.18 5.82 5824.98 5858.30
CITY 205 62.17 94.70 4911.48 4950.63
CITY 206 93.26 38.48 1479.25 1512.56
CITY 207 17.93 25.54 4470.65 4513.54
CITY 208 98.81 13.00 2278.37 2302.96
CITY 209 95.78 49.60 3575.55 3603.21
CITY 210 49.11 48.13 4230.63 4274.37
CITY 211 84.77 24.16 4113.24 4148.75
CITY 212 49.46 32.88 4767.41 4806.96
CITY 213 62.03 62.17 5689.31 5715.16
CITY 214 56.57 10.88 3534.05 3564.91
CITY 215 26.77 86.64 5489.84 5526.20
CITY 216 22.45 50.69 2466.33 2515.52
CITY 217 89.03 15.36 1127.09 1171.35
CITY 218 74.24 1.79 2854.92 2902.46
CITY 219 10.47 60.33 3929.61 3954.59
CITY 220 92.85 44.63 5452.11 5497.05
CITY 221 99.39 95.77 2458.13 2488.07
CITY 222 22.39 96.12 481.10 520.53
CITY 223 57.41 77.41 484.88 524.84
CITY 224 64.11 81.73 2242.69 2274.18
CITY 225 6.36 83.18 5101.44 5147.22
CITY 226 37.95 63.04 969.98 1014.06
CITY 227 80.18 78.59 1167.60 1203.45
CITY 228 30.77 61.08 3832.69 3879.32
CITY 229 82.17 67.03 5141.59 5187.92
CITY 230 5.64 0.50 821.09 844.85
CITY 231 32.56 51.27 4437.12 4483.35
CITY 232 78.56 19.33 4179.95 4200.03
CITY 233 90.03 88.71 5681.70 5713.19
CITY 234 59.81 17.06 3786.66 3825.67
CITY 235 90.69 68.37 4825.60 4873.37
CITY 236 49.79 67.55 5400.99 5444.23
CITY 237 17.90 91.08 4603.74 4638.01
CITY 238 19.44 7.67 6002.22 6027.12
CITY 239 26.01 79.32 3669.38 3693.40
CITY 240 65.63 44.45 3036.37 3062.16
CITY 241 9.70 86.11 2040.65 2080.27
CITY 242 26.77 78.30 783.09 824.28
CITY 243 37.56 27.02 6596.48 6633.72
CITY 244 97.22 76.29 2616.37 2655.36
CITY 245 66.91 55.29 43.17 80.41
CITY 246 93.22 82.87 5220.40 5253.80
CITY 247 66.48 84.38 3066.33 3114.03
CITY 248 66.58 41.40 2255.93 2295.34
CITY 249 5.88 67.39 6097.02 6121.71
CITY 250 8.87 90.79 5379.62 5427.75
CITY 251 8.96 53.13 3083.10 3133.02
CITY 252 47.69 57.91 1864.36 1909.22
CITY 253 37.33 42.96 6206.79 6245.37
CITY 254 80.60 72.82 4671.62 4715.51
CITY 255 96.86 71.99 371.61 399.72
CITY 256 27.21 0.15 552.57 602.19
CITY 257 39.22 37.20 3087.67 3128.50
CITY 258 46.14 41.93 4372.80 4415.90
CITY 259 92.81 36.28 3117.48 3143.26
CITY 260 13.93 64.29 3265.28 3294.30
CITY 261 76.45 33.76 2948.93 2978.67
CITY 262 2.10 75.23 4945.58 4972.81
CITY 263 5.45 78.34 6066.40 6099.19
CITY 264 70.27 11.73 4785.14 4824.24
CITY 265 86.38 83.79 5702.19 5750.71
CITY 266 33.44 84.98 6108.33 6134.92
CITY 267 83.53 1.27 1387.54 1433.79
CITY 268 29.63 54.32 0.48 35.20
CITY 269 52.82 63.49 5664.36 5688.83
CITY 270 20.24 93.46 5466.61 5497.94
CITY 271 35.16 5.62 759.34 804.61
CITY 272 43.18 12.18 4110.75 4137.36
CITY 273 84.74 45.96 2257.61 2279.37
CITY 274 11.84 46.01 5716.88 5756.07
CITY 275 68.11 44.31 2932.06 2958.14
CITY 276 59.44 97.88 2807.26 2828.23
CITY 277 93.01 38.72 331.44 365.27
CITY 278 61.59 82.74 5874.42 5898.91
CITY 279 86.28 51.13 125.24 165.33
CITY 280 49.01 51.71 4847.60 4881.17
CITY 281 56.32 50.84 3435.80 3463.48
CITY 282 21.68 34.82 2745.04 2780.98
CITY 283 39.17 68.66 6781.36 6814.77
CITY 284 25.36 50.22 6390.50 6417.53
CITY 285 87.27 94.50 3879.18 3912.38
CITY 286 89.94 25.73 5543.44 5581.15
CITY 287 35.49 11.57 6767.92 6813.48
CITY 288 80.19 21.61 3078.99 3103.54
CITY 289 65.79 6.56 2229.49 2262.88
CITY 290 73.19 96.71 1885.70 1921.77
CITY 291 90.63 18.25 1999.73 2044.70
CITY 292 30.86 60.91 5648.83 5692.71
CITY 293 81.31 64.07 3058.93 3091.54
