NUM_CLIENTS 288
NUM_VEHICLES 28
CITY 0 0.0 0.0 0.0 6253
CITY 1 43.94 52.07 4909.20 4948.40
CITY 2 39.51 93.29 4121.15 4152.94
CITY 3 7.80 20.24 102.02 138.64
CITY 4 38.74 10.31 978.20 1010.02
CITY 5 89.22 51.41 88.59 136.93
CITY 6 70.10 40.52 3775.55 3811.02
CITY 7 80.99 78.29 4140.44 4168.88
CITY 8 8.07 9.03 5005.91 5033.10
CITY 9 85.32 70.74 5324.95 5365.34
CITY 10 22.87 9.50 4424.78 4465.47
CITY 11 38.82 23.49 2328.27 2353.64
CITY 12 75.17 14.37 1700.38 1745.49
CITY 13 30.60 29.01 16.50 55.57
CITY 14 45.37 91.38 5294.49 5325.84
CITY 15 16.28 57.49 471.13 516.26
CITY 16 63.39 51.15 3269.28 3291.68
CITY 17 38.26 98.24 2571.59 2592.90
CITY 18 65.98 6.01 5373.69 5420.42
CITY 19 29.62 59.11 3952.19 3985.46
CITY 20 61.25 33.55 3170.43 3209.46
CITY 21 10.60 82.28 2355.50 2400.11
CITY 22 90.15 27.75 5982.20 6014.69
CITY 23 62.65 54.57 1785.78 1835.39
CITY 24 87.36 22.08 5134.29 5181.57
CITY 25 43.06 5.60 1102.27 1142.77
CITY 26 15.29 21.15 3255.53 3281.38
CITY 27 26.61 25.42 5182.35 5216.18
CITY 28 80.03 64.22 94.98 128.90
CITY 29 17.15 51.58 148.74 176.05
CITY 30 65.88 99.05 3961.82 4004.29
CITY 31 84.05 43.37 584.86 621.08
CITY 32 23.40 22.24 1235.64 1259.30
CITY 33 76.40 25.47 3566.17 3595.68
CITY 34 25.55 81.04 1058.88 1106.45
CITY 35 86.64 69.50 1815.66 1858.41
CITY 36 17.78 0.58 4856.97 4892.20
CITY 37 67.15 54.89 2211.60 2251.21
CITY 38 4.76 58.65 6199.33 6229.95
CITY 39 11.07 44.05 2434.53 2454.64
CITY 40 97.22 15.79 3766.94 3791.93
CITY 41 96.49 85.10 4709.59 4743.90
CITY 42 22.80 71.25 1727.89 1775.43
CITY 43 6.34 88.74 1832.03 1853.66
CITY 44 81.83 68.80 1046.85 1068.23
CITY 45 75.57 48.63 3724.00 3768.42
CITY 46 78.83 23.97 1428.88 1477.69
CITY 47 29.57 75.87 5778.82 5828.01
CITY 48 67.92 23.20 3984.55 4015.19
CITY 49 21.05 58.40 1650.10 1695.39
CITY 50 56.21 35.64 3253.75 3279.49
CITY 51 98.53 52.27 3973.43 4018.06
CITY 52 28.75 41.15 1524.65 1548.49
CITY 53 64.88 51.53 5037.69 5067.67
CITY 54 5.72 82.99 5814.41 5849.74
CITY 55 49.56 10.58 3625.97 3671.06
CITY 56 11.79 12.53 1311.34 1345.98
CITY 57 10.48 61.43 2997.93 3026.59
CITY 58 47.05 69.09 3523.30 3564.06
CITY 59 47.17 48.44 1559.59 1601.01
CITY 60 2.96 71.00 2211.65 2247.48
CITY 61 88.97 68.78 5677.96 5713.86
CITY 62 32.96 93.34 4679.00 4713.36
CITY 63 78.07 59.89 2511.35 2559.72
CITY 64 44.25 21.91 2347.50 2369.24
CITY 65 29.22 88.16 2915.18 2938.29
CITY 66 0.67 10.56 9.75 42.84
CITY 67 59.42 50.11 954.33 999.54
CITY 68 13.28 53.35 5856.36 5895.11
CITY 69 0.47 21.59 1532.55 1563.50
CITY 70 40.22 13.67 3769.57 3810.82
CITY 71 48.32 44.12 821.27 868.81
CITY 72 41.87 28.97 3466.98 3488.52
CITY 73 66.64 9.86 1217.64 1251.74
CITY 74 6.95 31.51 1622.86 1662.28
CITY 75 6.71 33.83 3023.87 3070.46
CITY 76 15.67 83.00 5873.07 5899.98
CITY 77 61.33 1.14 5932.04 5974.93
CITY 78 35.79 59.94 841.43 882.38
CITY 79 84.93 4.18 4053.43 4102.88
CITY 80 18.82 60.01 3466.57 3500.61
CITY 81 23.67 70.48 187.30 209.82
CITY 82 61.94 60.24 5184.27 5213.40
CITY 83 97.83 27.23 3036.02 3076.18
CITY 84 65.42 85.62 229.14 271.97
CITY 85 95.28 3.99 6097.12 6130.88
CITY 86 6.79 31.00 5104.33 5136.01
CITY 87 86.02 57.50 5866.85 5893.84
CITY 88 38.49 77.98 194.27 220.29
CITY 89 68.72 2.12 2916.29 2963.55
CITY 90 40.15 90.39 4523.85 4546.75
CITY 91 5.12 86.52 125.17 169.48
CITY 92 70.58 49.69 5481.32 5514.20
CITY 93 63.91 89.04 196.62 242.28
CITY 94 91.19 80.51 5569.32 5604.40
CITY 95 79.30 45.63 2815.69 2837.74
CITY 96 71.89 95.29 3574.00 3597.03
CITY 97 32.03 46.26 1436.61 1464.03
CITY 98 76.32 11.87 1635.67 1681.44
CITY 99 43.97 55.59 4428.17 4461.65
CITY 100 91.29 94.09 2388.37 2432.65
CITY 101 69.42 54.92 413.59 462.65
CITY 102 84.10 58.68 729.90 775.38
CITY 103 75.81 62.38 5259.31 5294.58
CITY 104 91.18 16.46 3581.94 3622.15
CITY 105 6.40 87.92 160.24 196.14
CITY 106 9.99 69.57 4201.83 4238.64
CITY 107 33.47 36.79 2885.63 2912.44
CITY 108 70.62 27.81 2826.91 2859.40
CITY 109 12.40 32.09 3507.71 3556.83
CITY 110 2.18 82.16 2699.59 2738.26
CITY 111 25.55 54.74 5718.96 5741.82
CITY 112 74.97 0.23 366.66 408.69
CITY 113 3.62 44.46 2545.08 2569.55
CITY 114 77.42 99.49 315.83 348.52
CITY 115 96.90 4.04 4768.44 4806.66
CITY 116 15.89 41.11 4593.84 4619.14
CITY 117 56.18 66.17 2048.17 2091.93
CITY 118 15.39 92.39 4606.60 4634.36
CITY 119 58.87 48.54 5104.03 5142.01
CITY 120 89.61 37.48 4943.56 4982.82
CITY 121 59.66 68.97 5039.61 5071.85
CITY 122 82.40 32.17 1711.16 1753.14
CITY 123 36.62 90.13 2862.32 2899.13
CITY 124 97.84 66.70 4509.82 4558.46
CITY 125 48.43 6.69 371.18 412.20
CITY 126 18.75 58.70 4316.41 4347.05
CITY 127 71.39 5.51 2668.31 2712.51
CITY 128 45.96 55.82 1209.83 1241.87
CITY 129 76.79 10.68 1795.62 1822.35
CITY 130 2.00 6.13 5736.07 5766.57
CITY 131 95.41 5.89 1820.69 1846.72
CITY 132 9.96 68.21 5252.22 5286.16
CITY 133 14.77 77.64 3.71 27.02
CITY 134 15.57 44.79 6158.85 6200.90
CITY 135 46.87 43.91 1321.18 1369.91
CITY 136 0.93 87.33 4720.95 4746.31
CITY 137 69.63 15.73 4470.50 4518.01
CITY 138 68.76 21.07 3397.74 3420.76
CITY 139 90.84 40.72 2466.56 2514.54
CITY 140 16.80 88.38 214.91 257.05
CITY 141 31.20 95.08 2458.04 2507.56
CITY 142 23.21 6.67 3165.24 3215.10
CITY 143 27.27 48.25 2080.88 2102.51
CITY 144 28.28 80.69 6133.71 6169.08
CITY 145 98.11 4.48 1266.43 1305.04
CITY 146 39.08 90.80 1986.65 2030.52
CITY 147 35.09 66.31 1146.21 1193.52
CITY 148 23.76 2.95 3869.63 3919.36
CITY 149 22.64 86.51 959.78 1002.91
CITY 150 5.54 81.39 2679.45 2712.62
CITY 151 40.59 32.30 4069.07 4098.80
CITY 152 73.59 17.88 972.46 1021.61
CITY 153 11.39 86.24 6065.52 6093.85
CITY 154 33.49 70.13 5862.13 5897.15
CITY 155 43.43 7.33 3412.58 3432.94
CITY 156 55.40 6.78 6054.11 6089.69
CITY 157 95.36 45.31 1158.66 1185.37
CITY 158 77.58 44.36 3460.79 3508.85
CITY 159 65.35 38.48 2213.84 2258.80
CITY 160 13.34 11.02 739.04 772.26
CITY 161 99.29 34.78 2266.55 2301.49
CITY 162 36.42 95.69 3863.81 3895.02
CITY 163 56.21 53.16 5517.47 5545.48
CITY 164 9.26 77.24 2131.80 2172.01
CITY 165 58.25 85.09 4333.78 4371.46
CITY 166 65.58 93.28 1972.33 2004.24
CITY 167 15.05 39.92 1945.52 1966.27
CITY 168 38.29 18.71 4128.17 4150.06
CITY 169 8.74 80.03 5902.01 5948.18
CITY 170 44.67 95.21 468.68 506.23
CITY 171 47.46 52.10 3647.13 3673.66
CITY 172 83.51 17.27 4978.62 5006.64
CITY 173 86.83 80.72 2073.23 2112.62
CITY 174 66.90 62.44 3055.06 3095.69
CITY 175 11.20 93.79 2585.89 2608.56
CITY 176 27.72 37.67 1983.99 2032.15
CITY 177 80.45 43.15 2080.40 2104.94
CITY 178 14.11 84.69 4905.74 4952.83
CITY 179 77.38 3.91 4196.38 4219.22
CITY 180 98.96 10.72 3275.34 3298.59
CITY 181 58.29 44.27 3817.47 3853.53
CITY 182 4.36 84.01 3728.57 3777.59
CITY 183 25.11 44.74 4906.12 4935.18
CITY 184 66.60 91.73 4018.81 4063.37
CITY 185 88.17 80.95 5546.98 5582.44
CITY 186 48.75 92.60 1549.13 1590.97
CITY 187 52.12 1.81 3194.45 3238.65
CITY 188 60.80 1.19 5289.69 5336.97
CITY 189 50.79 54.65 1660.98 1686.76
CITY 190 28.26 83.94 2108.50 2129.50
CITY 191 83.88 11.23 4476.78 4498.23
CITY 192 37.67 94.89 1373.07 1421.79
CITY 193 51.82 82.36 2680.42 2724.48
CITY 194 59.03 63.48 5963.75 6007.09
CITY 195 99.97 9.72 4352.37 4389.42
CITY 196 41.80 88.97 5959.85 5982.11
CITY 197 91.26 88.01 5618.17 5667.05
CITY 198 82.95 77.58 894.39 917.83
CITY 199 70.57 72.41 2150.68 2186.39
CITY 200 19.01 77.73 319.92 364.46
CITY 201 26.75 50.92 3473.68 3518.85
CITY 202 58.48 69.02 1991.36 2013.60
CITY 203 17.22 0.45 3589.83 3609.84
CITY 204 22.41 72.40 1611.02 1644.00
CITY 205 41.73 68.68 3073.19 3120.24
CITY 206 12.00 41.96 2198.48 2244.00
CITY 207 91.90 63.17 1309.34 1337.90
CITY 208 57.47 34.54 355.68 382.74
CITY 209 50.13 67.54 2456.96 2496.44
CITY 210 39.79 35.17 3277.44 3301.76
CITY 211 72.41 93.21 5443.18 5468.88
CITY 212 88.77 76.89 5254.06 5274.75
CITY 213 99.62 99.32 5541.42 5590.79
CITY 214 55.26 48.92 1579.74 1627.24
CITY 215 41.32 89.26 4152.92 4189.97
CITY 216 81.47 93.24 2251.93 2279.47
CITY 217 54.41 11.86 4626.63 4667.27
CITY 218 85.52 20.01 1522.22 1568.75
CITY 219 3.61 21.92 1682.84 1727.31
CITY 220 27.93 14.08 3964.13 3999.58
CITY 221 35.29 54.57 3163.20 3200.88
CITY 222 1.52 61.19 2313.04 2351.43
CITY 223 17.78 66.43 3708.79 3753.09
CITY 224 95.19 43.56 1012.53 1039.73
CITY 225 53.89 8.29 1079.43 1109.64
CITY 226 90.58 12.28 1276.95 1319.14
CITY 227 70.37 99.95 5987.46 6026.50
CITY 228 47.03 56.10 4642.32 4690.85
CITY 229 16.10 96.19 5758.32 5803.83
CITY 230 13.42 51.39 545.43 579.06
CITY 231 8.07 97.32 2608.33 2645.25
CITY 232 36.29 91.42 828.22 859.82
CITY 233 75.84 28.63 2821.32 2864.63
CITY 234 66.69 27.76 6165.66 6210.83
CITY 235 28.19 24.67 454.21 496.49
CITY 236 18.63 23.83 4343.47 4388.28
CITY 237 43.12 66.30 2648.38 2682.44
CITY 238 57.31 4.99 2633.49 2672.68
CITY 239 95.97 25.70 2990.28 3029.32
CITY 240 75.12 71.24 605.37 645.22
CITY 241 6.15 0.15 1429.55 1457.06
CITY 242 74.17 84.62 1075.71 1096.24
CITY 243 8.49 54.63 2907.81 2942.08
CITY 244 62.09 34.58 1375.14 1421.13
CITY 245 74.70 28.25 826.55 852.91
CITY 246 22.60 61.60 830.78 854.63
CITY 247 88.51 49.25 2797.63 2823.07
CITY 248 45.62 36.21 4183.63 4205.07
CITY 249 99.51 65.84 3232.79 3279.11
CITY 250 18.67 9.98 5741.32 5777.11
CITY 251 43.20 3.48 4410.18 4435.87
CITY 252 23.03 82.71 4413.46 4449.49
CITY 253 54.20 50.55 1846.83 1891.17
CITY 254 1.58 74.81 4138.35 4172.21
CITY 255 90.02 62.59 5486.03 5529.18
CITY 256 24.66 66.34 4910.27 4939.60
CITY 257 75.28 5.60 2377.73 2418.77
CITY 258 72.23 24.44 3658.18 3693.96
CITY 259 24.13 64.52 338.50 388.22
CITY 260 93.37 31.05 503.77 536.36
CITY 261 66.52 64.54 3672.50 3701.20
CITY 262 74.61 44.51 2805.34 2845.28
CITY 263 6.82 99.37 3532.65 3576.27
CITY 264 21.52 41.43 5703.71 5749.90
CITY 265 86.97 32.56 4457.77 4501.17
CITY 266 32.80 78.52 837.83 887.00
CITY 267 11.48 56.03 4641.84 4667.03
CITY 268 95.29 33.22 3910.15 3932.77
CITY 269 28.08 21.38 3023.44 3056.12
CITY 270 40.10 19.67 5677.43 5714.93
CITY 271 88.33 35.31 4750.20 4787.08
CITY 272 62.23 49.35 2882.95 2905.52
CITY 273 47.87 62.70 953.41 999.36
CITY 274 13.51 4.40 4454.37 4478.07
CITY 275 78.90 9.74 1585.01 1620.14
CITY 276 40.78 41.62 357.97 383.43
CITY 277 8.58 48.84 3636.03 3659.26
CITY 278 86.70 76.72 4721.43 4758.39
CITY 279 39.75 9.82 4325.27 4365.39
CITY 280 80.46 66.38 49.14 90.54
CITY 281 63.12 35.30 4308.81 4355.82
CITY 282 27.29 65.90 3000.83 3041.03
CITY 283 64.11 87.66 4470.48 4508.15
CITY 284 39.41 34.96 4089.20 4127.78
CITY 285 81.61 19.84 278.35 328.18
CITY 286 11.50 12.43 2882.84 2925.12
CITY 287 6.39 65.25 5363.39 5391.07
CITY 288 75.89 23.50 1439.18 1472.14
