NUM_CLIENTS 434
NUM_VEHICLES 43
CITY 0 0.0 0.0 0.0 5850
CITY 1 16.23 71.06 626.82 655.88
CITY 2 4.30 5.16 5232.59 5271.99
CITY 3 70.18 43.58 5682.22 5717.62
CITY 4 52.06 40.32 3620.60 3656.91
CITY 5 69.10 14.69 1082.38 1126.36
CITY 6 12.46 66.21 2650.96 2691.00
CITY 7 94.94 95.16 5296.22 5325.58
CITY 8 27.31 63.93 717.77 765.04
CITY 9 31.34 79.59 4172.07 4208.87
CITY 10 2.54 9.51 1105.99 1141.51
CITY 11 88.27 21.77 2083.96 2128.83
CITY 12 53.36 17.08 5594.94 5623.63
CITY 13 54.31 93.41 5642.51 5684.32
CITY 14 14.76 72.65 4261.70 4289.26
CITY 15 17.42 39.31 4835.06 4873.95
CITY 16 99.91 15.81 5770.95 5800.34
CITY 17 93.73 96.75 5110.66 5135.43
CITY 18 53.69 44.10 228.26 261.70
CITY 19 38.49 31.09 780.77 828.33
CITY 20 19.79 99.29 5415.20 5455.02
CITY 21 75.13 49.35 4095.26 4142.25
CITY 22 70.83 91.00 1753.83 1802.97
CITY 23 70.08 89.57 2895.40 2941.30
CITY 24 7.50 44.88 1960.64 2004.44
CITY 25 84.28 5.18 1398.39 1424.95
CITY 26 3.58 79.14 4955.95 4976.51
CITY 27 67.32 80.39 3470.41 3516.30
CITY 28 96.65 14.46 4630.02 4674.15
CITY 29 13.76 27.65 2507.11 2535.79
CITY 30 6.47 74.49 3865.27 3901.23
CITY 31 67.09 59.35 2815.30 2860.62
CITY 32 75.25 95.35 4115.55 4142.57
CITY 33 55.09 69.93 1273.28 1313.00
CITY 34 80.49 16.93 5381.85 5419.15
CITY 35 90.78 64.81 5627.43 5666.23
CITY 36 77.71 45.94 3775.28 3810.76
CITY 37 47.81 98.38 5327.96 5356.19
CITY 38 65.07 23.22 5241.97 5275.66
CITY 39 65.04 7.91 3562.34 3593.35
CITY 40 23.53 82.06 4207.71 4248.16
CITY 41 59.32 67.45 3774.64 3804.21
CITY 42 31.25 46.76 330.76 350.97
CITY 43 46.93 85.47 3801.56 3836.43
CITY 44 37.50 72.32 3199.16 3242.39
CITY 45 29.75 28.26 3351.64 3390.00
CITY 46 91.29 19.78 2009.72 2041.05
CITY 47 41.61 95.82 726.43 748.55
CITY 48 54.68 1.15 1887.06 1924.42
CITY 49 7.30 78.11 1491.79 1520.17
CITY 50 35.90 74.83 944.72 975.85
CITY 51 33.28 10.08 4739.36 4784.10
CITY 52 70.80 74.25 3551.54 3582.07
CITY 53 9.63 41.35 3824.79 3855.43
CITY 54 92.07 70.40 5317.04 5337.82
CITY 55 41.07 30.86 622.08 648.99
CITY 56 86.06 93.17 1330.39 1373.08
CITY 57 73.41 0.98 4950.31 4992.33
CITY 58 25.18 49.12 2880.44 2928.09
CITY 59 14.24 23.73 778.99 824.97
CITY 60 48.69 50.23 4697.08 4743.13
CITY 61 95.78 99.30 1152.59 1201.26
CITY 62 67.84 21.65 4788.11 4811.47
CITY 63 51.60 44.13 5143.69 5189.89
CITY 64 81.60 65.38 3307.18 3334.08
CITY 65 94.45 30.72 2570.10 2610.56
CITY 66 74.91 87.73 5534.46 5558.06
CITY 67 90.32 44.12 1839.61 1877.05
CITY 68 24.42 85.66 5168.66 5195.18
CITY 69 8.77 60.63 5533.03 5560.19
CITY 70 98.80 89.77 5778.61 5813.72
CITY 71 16.20 24.07 4735.19 4777.15
CITY 72 33.43 97.11 5154.00 5194.20
CITY 73 2.63 23.49 5381.12 5403.99
CITY 74 80.12 24.35 2421.39 2457.81
CITY 75 37.22 9.27 217.12 238.46
CITY 76 6.77 15.31 439.66 467.24
CITY 77 54.40 44.77 781.35 809.21
CITY 78 42.27 42.46 3190.89 3226.87
CITY 79 64.15 63.23 1065.56 1087.48
CITY 80 56.79 57.39 4998.90 5044.52
CITY 81 20.96 12.84 119.48 145.11
CITY 82 31.14 49.56 1235.66 1261.81
CITY 83 30.54 10.45 2385.88 2407.87
CITY 84 4.50 2.08 4892.04 4912.10
CITY 85 1.20 29.23 1155.81 1182.84
CITY 86 36.64 96.00 2640.25 2669.35
CITY 87 4.73 47.24 5659.47 5683.88
CITY 88 68.10 67.90 3461.42 3492.14
CITY 89 75.50 99.55 2692.67 2732.37
CITY 90 48.91 79.49 445.18 480.86
CITY 91 76.43 89.12 3243.95 3281.41
CITY 92 49.68 55.37 4924.16 4957.77
CITY 93 42.35 73.55 5323.38 5369.33
CITY 94 21.77 48.04 3806.43 3830.30
CITY 95 21.31 53.70 3091.58 3128.79
CITY 96 61.47 64.32 4639.31 4660.56
CITY 97 50.67 22.48 1594.48 1617.99
CITY 98 25.29 34.16 2907.49 2955.37
CITY 99 80.85 8.45 4271.96 4305.65
CITY 100 72.42 28.05 3123.60 3170.56
CITY 101 3.06 96.18 3356.69 3388.77
CITY 102 31.17 67.73 1438.26 1477.27
CITY 103 10.69 87.64 4668.18 4703.48
CITY 104 61.98 90.72 615.05 664.58
CITY 105 63.76 23.84 2269.53 2293.73
CITY 106 36.17 27.89 1772.87 1798.60
CITY 107 23.55 18.27 470.67 507.58
CITY 108 25.17 94.32 1321.84 1351.26
CITY 109 42.05 45.61 813.58 835.22
CITY 110 46.83 63.49 4452.82 4478.74
CITY 111 55.89 27.91 319.98 366.84
CITY 112 35.90 64.89 4170.13 4212.81
CITY 113 67.38 26.70 5434.43 5479.91
CITY 114 45.02 93.91 2993.66 3031.47
CITY 115 41.32 46.80 5612.58 5658.81
CITY 116 53.80 80.25 5377.35 5402.29
CITY 117 71.58 72.99 5654.74 5698.71
CITY 118 76.23 3.13 224.46 267.84
CITY 119 67.91 0.91 1607.94 1651.02
CITY 120 61.86 49.45 5625.43 5675.05
CITY 121 78.23 29.50 612.77 646.08
CITY 122 66.87 53.74 90.62 138.93
CITY 123 9.48 88.77 5524.87 5574.44
CITY 124 55.20 40.89 474.55 507.10
CITY 125 95.10 14.89 2513.74 2556.83
CITY 126 30.06 94.72 2885.88 2926.75
CITY 127 56.30 41.44 476.55 520.71
CITY 128 97.97 50.21 2703.97 2724.38
CITY 129 24.22 32.63 4504.04 4544.83
CITY 130 65.96 22.41 4377.36 4411.27
CITY 131 13.46 84.01 3824.56 3867.74
CITY 132 56.63 61.36 2800.73 2847.49
CITY 133 60.07 81.09 347.08 373.50
CITY 134 77.58 26.08 5570.94 5606.34
CITY 135 10.11 46.40 3621.10 3667.45
CITY 136 50.02 58.99 827.85 859.96
CITY 137 57.36 28.36 129.52 175.17
CITY 138 12.12 92.91 3944.51 3966.28
CITY 139 51.17 76.78 1672.79 1696.87
CITY 140 8.37 26.43 2072.18 2103.55
CITY 141 37.16 51.01 723.25 757.16
CITY 142 59.47 89.75 2752.85 2773.50
CITY 143 27.12 90.35 2669.71 2695.64
CITY 144 84.29 35.41 2211.73 2252.21
CITY 145 29.60 97.25 4604.90 4648.36
CITY 146 33.06 37.99 1828.17 1874.43
CITY 147 67.18 20.55 423.63 453.73
CITY 148 10.92 6.65 3432.86 3480.47
CITY 149 2.70 13.75 2199.25 2233.91
CITY 150 24.78 40.20 3381.73 3403.32
CITY 151 3.30 87.11 1023.91 1073.24
CITY 152 30.93 16.40 5014.73 5058.26
CITY 153 43.77 98.63 1417.20 1459.82
CITY 154 81.63 56.05 3884.69 3914.17
CITY 155 42.44 12.37 2374.27 2423.17
CITY 156 31.27 76.44 3311.08 3349.41
CITY 157 27.01 14.17 4594.22 4616.77
CITY 158 27.52 82.70 1824.58 1857.74
CITY 159 77.40 87.79 3104.83 3129.45
CITY 160 53.00 71.98 3624.22 3646.02
CITY 161 10.65 85.15 3367.07 3412.63
CITY 162 31.09 3.14 4634.62 4658.63
CITY 163 34.73 37.04 1333.94 1364.38
CITY 164 5.60 20.63 3884.05 3932.03
CITY 165 33.33 64.48 2946.30 2967.21
CITY 166 2.80 80.59 1833.68 1879.87
CITY 167 71.61 50.85 3398.27 3444.75
CITY 168 63.05 45.11 1228.55 1256.33
CITY 169 78.99 29.47 762.76 788.18
CITY 170 70.37 47.34 2834.21 2861.80
CITY 171 77.86 27.35 2265.01 2308.84
CITY 172 24.53 30.61 1637.41 1658.99
CITY 173 43.48 38.65 3086.02 3121.35
CITY 174 13.57 29.77 2519.46 2568.27
CITY 175 67.16 36.42 2117.04 2143.27
CITY 176 46.26 22.79 5138.61 5188.54
CITY 177 35.16 65.16 1683.47 1727.60
CITY 178 2.07 10.07 703.44 750.02
CITY 179 25.42 46.78 4986.31 5013.91
CITY 180 97.78 73.11 3497.70 3519.01
CITY 181 75.57 6.04 4836.40 4874.83
CITY 182 98.62 22.26 4885.96 4928.26
CITY 183 46.87 44.04 831.28 879.84
CITY 184 36.06 93.81 4605.28 4646.48
CITY 185 29.66 12.44 2286.60 2308.31
CITY 186 13.17 5.87 4786.35 4828.83
CITY 187 97.85 77.70 1723.45 1763.67
CITY 188 59.75 93.44 1500.21 1528.23
CITY 189 15.46 55.68 2073.43 2114.00
CITY 190 24.28 9.08 4936.75 4974.49
CITY 191 26.46 41.41 1522.87 1570.66
CITY 192 30.63 69.86 5195.94 5237.27
CITY 193 35.40 45.64 2941.03 2964.51
CITY 194 44.86 19.30 633.33 674.62
CITY 195 28.79 72.79 3820.74 3845.05
CITY 196 72.93 52.91 769.79 794.14
CITY 197 68.28 90.22 936.13 974.12
CITY 198 20.87 86.25 5302.51 5336.79
CITY 199 10.24 40.87 4731.07 4772.38
CITY 200 76.64 27.68 234.52 276.37
CITY 201 38.94 66.38 575.93 600.84
CITY 202 37.78 50.46 5550.61 5599.55
CITY 203 35.02 93.77 4102.63 4146.77
CITY 204 53.19 60.31 219.59 262.84
CITY 205 29.20 63.64 3408.44 3433.53
CITY 206 94.63 52.59 4165.37 4189.41
CITY 207 77.98 89.99 2844.14 2887.97
CITY 208 18.26 62.50 1846.40 1874.35
CITY 209 91.07 22.92 3704.76 3751.16
CITY 210 19.35 78.75 4149.62 4185.22
CITY 211 21.59 41.82 4327.85 4353.47
CITY 212 82.49 34.47 238.17 262.31
CITY 213 0.14 44.10 957.78 985.50
CITY 214 89.40 62.66 5531.80 5572.71
CITY 215 38.54 87.72 3865.60 3897.08
CITY 216 79.01 83.13 1256.14 1291.04
CITY 217 36.12 35.65 1442.03 1491.12
CITY 218 35.61 0.43 3293.21 3319.05
CITY 219 55.61 22.20 3858.54 3895.59
CITY 220 36.14 47.63 1215.64 1242.62
CITY 221 44.93 82.96 1320.86 1370.34
CITY 222 61.23 98.89 5156.71 5184.97
CITY 223 8.56 31.13 1971.34 2018.15
CITY 224 76.72 68.44 2632.44 2679.81
CITY 225 37.31 63.89 5191.71 5212.51
CITY 226 14.94 54.41 107.52 145.74
CITY 227 47.21 17.28 3252.50 3291.34
CITY 228 8.54 15.66 4368.41 4404.08
CITY 229 84.53 97.55 2013.58 2040.94
CITY 230 99.60 69.97 3307.36 3350.53
CITY 231 13.14 20.97 4714.59 4758.91
CITY 232 90.69 89.37 2993.35 3027.28
CITY 233 35.08 46.02 2583.78 2622.41
CITY 234 19.77 19.66 4750.50 4787.02
CITY 235 53.84 79.44 5009.60 5056.18
CITY 236 28.30 6.70 1950.08 1975.16
CITY 237 79.53 27.97 5491.54 5539.52
CITY 238 4.71 51.32 3168.31 3203.11
CITY 239 34.95 70.07 2810.65 2840.87
CITY 240 54.12 94.95 28.34 58.50
CITY 241 75.31 30.37 249.95 288.50
CITY 242 90.87 17.60 1439.02 1471.39
CITY 243 29.13 39.33 2582.82 2617.87
CITY 244 95.54 10.44 5285.38 5314.02
CITY 245 68.98 3.94 4600.73 4648.30
CITY 246 65.13 27.04 3840.35 3887.75
CITY 247 68.20 68.88 5258.66 5283.04
CITY 248 48.70 38.61 3841.91 3889.79
CITY 249 60.48 20.12 3329.17 3357.76
CITY 250 42.57 87.88 5495.63 5538.20
CITY 251 37.77 25.64 194.37 231.05
CITY 252 67.88 67.20 4030.86 4067.77
CITY 253 73.58 86.49 4039.55 4084.62
CITY 254 35.99 31.47 1570.25 1592.51
CITY 255 75.14 5.46 3744.65 3792.77
CITY 256 45.77 15.12 2486.99 2535.48
CITY 257 50.40 62.48 3788.09 3821.59
CITY 258 61.12 31.70 2636.18 2657.75
CITY 259 96.70 27.87 1234.01 1279.32
CITY 260 43.12 26.60 3919.57 3957.50
CITY 261 99.83 92.63 1500.35 1527.75
CITY 262 93.65 54.66 1568.36 1588.44
CITY 263 3.93 62.83 1165.26 1195.59
CITY 264 80.18 83.80 2164.97 2208.56
CITY 265 17.84 43.21 4044.00 4081.69
CITY 266 75.69 83.37 4486.04 4534.26
CITY 267 22.06 96.90 4206.53 4240.62
CITY 268 20.83 34.23 2878.64 2902.86
CITY 269 38.94 48.38 1070.63 1092.80
CITY 270 85.26 0.49 3204.89 3235.13
CITY 271 65.97 86.25 2023.77 2061.38
CITY 272 36.74 14.19 1768.62 1798.83
CITY 273 38.84 1.97 3365.94 3409.47
CITY 274 85.41 87.55 1935.14 1969.87
CITY 275 53.77 40.73 3513.34 3554.28
CITY 276 20.55 20.22 5278.24 5300.43
CITY 277 91.02 24.59 3693.86 3724.01
CITY 278 18.90 58.83 1874.43 1916.40
CITY 279 53.61 61.65 3941.99 3991.93
CITY 280 44.38 72.01 2558.91 2607.86
CITY 281 73.64 80.13 2471.90 2492.65
CITY 282 27.24 37.73 4823.08 4866.69
CITY 283 24.75 44.51 5758.62 5802.14
CITY 284 73.33 7.93 5032.57 5067.22
CITY 285 30.89 95.01 1142.46 1179.25
CITY 286 8.24 72.82 4790.37 4837.46
CITY 287 23.84 91.04 2658.90 2684.50
CITY 288 7.93 35.78 2772.45 2807.15
CITY 289 30.11 0.62 1885.20 1934.37
CITY 290 83.33 43.71 707.25 731.72
CITY 291 76.03 72.44 1784.12 1812.34
CITY 292 48.90 36.15 1356.43 1378.33
CITY 293 10.88 73.40 2918.06 2952.16
CITY 294 41.83 70.88 3979.09 4004.25
CITY 295 63.30 13.64 4139.79 4177.08
CITY 296 58.52 80.10 5202.91 5247.43
CITY 297 15.92 31.40 4555.79 4576.22
CITY 298 69.87 12.29 4994.76 5018.92
CITY 299 69.60 28.95 1584.01 1619.35
CITY 300 92.30 35.11 2629.60 2673.45
CITY 301 7.11 83.00 3867.17 3890.49
CITY 302 95.06 64.99 2203.25 2223.46
CITY 303 31.57 54.81 4859.38 4896.69
CITY 304 89.19 40.19 4749.00 4778.30
CITY 305 44.02 40.07 5339.63 5384.20
CITY 306 94.61 75.18 2317.09 2348.26
CITY 307 47.38 43.30 2325.05 2352.60
CITY 308 97.27 4.69 2046.17 2066.43
CITY 309 67.12 92.83 4929.24 4953.43
CITY 310 43.58 32.95 1859.80 1885.35
CITY 311 49.10 6.20 3324.71 3360.83
CITY 312 49.51 13.44 3238.21 3272.84
CITY 313 14.36 36.06 4294.32 4318.58
CITY 314 0.49 7.70 4059.02 4089.88
CITY 315 4.06 89.04 986.97 1031.78
CITY 316 46.74 67.94 3743.06 3776.01
CITY 317 68.56 3.47 2203.44 2237.81
CITY 318 30.53 86.08 2504.40 2541.92
CITY 319 24.58 80.01 508.78 536.19
CITY 320 19.40 54.40 1101.53 1138.53
CITY 321 89.78 24.18 114.95 137.31
CITY 322 92.18 80.10 2948.20 2988.26
CITY 323 40.05 25.16 3084.31 3114.60
CITY 324 49.82 37.15 4039.87 4070.54
CITY 325 56.95 10.43 433.95 459.74
CITY 326 60.86 93.64 2009.36 2050.59
CITY 327 52.33 31.74 5437.26 5485.99
CITY 328 87.97 19.97 2909.69 2951.07
CITY 329 8.90 24.15 2024.77 2056.69
CITY 330 42.42 61.76 5645.59 5673.01
CITY 331 98.70 80.79 3147.13 3191.30
CITY 332 35.54 88.52 3115.75 3155.68
CITY 333 6.83 65.33 5355.86 5385.67
CITY 334 68.25 90.40 4016.50 4054.50
CITY 335 75.00 99.32 4494.50 4541.98
CITY 336 43.22 26.37 2462.50 2500.58
CITY 337 63.38 42.09 5504.07 5541.83
CITY 338 39.33 88.53 5427.98 5456.50
CITY 339 43.16 86.00 4851.76 4886.32
CITY 340 58.99 19.12 2792.04 2833.85
CITY 341 60.62 98.66 524.64 570.98
CITY 342 13.11 98.80 4737.12 4771.95
CITY 343 7.71 75.90 3942.12 3992.02
CITY 344 31.28 72.03 3921.36 3945.18
CITY 345 0.90 54.00 3830.37 3855.14
CITY 346 91.51 12.42 4990.64 5021.60
CITY 347 7.52 4.15 1589.29 1619.85
CITY 348 79.65 17.15 1767.53 1817.11
CITY 349 27.07 68.86 872.93 895.74
CITY 350 33.66 40.80 3666.58 3693.66
CITY 351 21.21 67.81 211.52 236.19
CITY 352 18.86 13.15 743.72 770.93
CITY 353 53.85 95.44 84.06 105.67
CITY 354 49.45 31.34 4959.74 5002.44
CITY 355 83.82 6.55 1587.20 1611.98
CITY 356 14.11 28.31 1725.65 1768.24
CITY 357 34.65 48.79 2140.62 2183.42
CITY 358 74.56 21.24 5029.29 5077.54
CITY 359 51.55 85.50 3709.98 3756.44
CITY 360 60.81 46.56 810.34 838.44
CITY 361 30.23 78.77 499.03 546.25
CITY 362 1.20 48.42 3881.79 3907.01
CITY 363 67.77 70.26 1400.85 1448.71
CITY 364 75.65 48.90 3651.68 3678.30
CITY 365 43.62 34.31 2556.85 2578.80
CITY 366 12.73 35.70 5492.68 5522.81
CITY 367 31.00 92.68 1670.98 1719.11
CITY 368 17.97 38.96 2482.35 2512.53
CITY 369 68.33 58.01 4632.10 4669.41
CITY 370 87.00 60.72 1039.55 1080.78
CITY 371 83.23 96.17 2005.33 2053.34
CITY 372 9.82 88.47 4816.94 4843.62
CITY 373 24.96 5.05 914.07 952.63
CITY 374 74.09 97.24 3735.40 3765.31
CITY 375 18.09 28.80 2589.49 2615.15
CITY 376 70.49 83.22 405.25 429.20
CITY 377 86.49 86.46 1282.07 1329.64
CITY 378 68.87 10.96 5721.10 5751.50
CITY 379 24.24 69.68 2103.26 2137.12
CITY 380 92.01 94.89 4651.84 4674.37
CITY 381 73.94 42.14 3905.37 3954.87
CITY 382 3.36 92.61 2271.26 2310.86
CITY 383 67.30 59.80 265.98 307.49
CITY 384 83.42 18.96 1456.88 1483.34
CITY 385 26.70 25.10 4777.53 4819.99
CITY 386 56.34 79.44 3411.79 3439.38
CITY 387 15.63 76.01 5354.98 5375.20
CITY 388 5.64 62.93 957.87 1004.55
CITY 389 44.14 71.78 1386.06 1410.78
CITY 390 50.86 84.72 2942.17 2988.65
CITY 391 44.60 54.54 3878.19 3901.39
CITY 392 60.16 21.83 3134.36 3165.52
CITY 393 3.95 4.36 251.65 273.45
CITY 394 42.30 63.41 814.96 850.40
CITY 395 86.05 64.54 2759.90 2793.28
CITY 396 33.07 40.25 3198.87 3222.49
CITY 397 16.57 65.81 5590.78 5630.40
CITY 398 24.13 27.42 2442.71 2469.21
CITY 399 18.38 28.70 2195.54 2234.99
CITY 400 97.21 67.02 4962.89 4998.74
CITY 401 93.83 77.12 1938.27 1980.73
CITY 402 73.48 33.29 2700.13 2734.98
CITY 403 31.36 98.81 394.31 443.99
CITY 404 36.65 78.76 4890.15 4925.14
CITY 405 56.89 38.66 4081.09 4118.08
CITY 406 91.31 40.84 4576.60 4596.98
CITY 407 78.56 64.06 4460.96 4508.81
CITY 408 70.53 44.77 1825.71 1851.18
CITY 409 84.30 73.68 2991.86 3030.98
CITY 410 8.83 56.40 1067.27 1113.89
CITY 411 32.61 73.24 1963.37 1997.77
CITY 412 58.79 36.83 4177.99 4211.58
CITY 413 13.05 48.47 2396.63 2424.82
CITY 414 28.47 93.57 1779.93 1801.66
CITY 415 61.88 47.19 3161.71 3188.34
CITY 416 48.67 17.89 3245.48 3269.13
CITY 417 61.99 20.03 3702.57 3727.03
CITY 418 89.25 67.12 3515.44 3540.43
CITY 419 63.80 3.29 4154.54 4194.75
CITY 420 94.42 30.56 2285.91 2309.91
CITY 421 26.03 46.09 2508.60 2548.00
CITY 422 59.16 32.84 3500.05 3547.69
CITY 423 46.78 93.38 3823.54 3863.23
CITY 424 75.15 40.29 3984.82 4005.54
CITY 425 95.09 43.83 903.81 932.91
CITY 426 43.09 39.21 3523.88 3564.52
CITY 427 22.20 92.93 4753.57 4793.97
CITY 428 56.51 30.93 3004.63 3039.80
CITY 429 87.88 74.34 5251.45 5271.94
CITY 430 32.70 57.93 1938.35 1977.34
CITY 431 16.52 47.67 1069.30 1100.71
CITY 432 75.08 14.63 4681.73 4725.07
CITY 433 32.74 73.44 921.27 948.62
CITY 434 94.55 71.78 5115.42 5163.08
