NUM_CLIENTS 25
NUM_VEHICLES 30
CITY 0 0.0 0.0 0.0 2087
CITY 1 66.89 68.30 1571.73 1595.64
CITY 2 36.06 81.00 1515.92 1553.59
CITY 3 60.47 23.83 569.34 606.87
CITY 4 8.72 10.64 1286.12 1324.17
CITY 5 4.10 96.83 1801.95 1846.47
CITY 6 19.29 44.58 209.94 258.19
CITY 7 61.90 30.15 971.20 1014.03
CITY 8 53.36 15.37 269.12 301.66
CITY 9 71.16 89.16 1549.21 1594.60
CITY 10 56.03 34.73 751.91 790.80
CITY 11 11.74 43.61 988.68 1024.39
CITY 12 95.24 79.09 348.38 376.60
CITY 13 96.75 28.97 1947.41 1969.24
CITY 14 97.25 19.02 1661.06 1695.91
CITY 15 53.25 51.35 162.00 195.13
CITY 16 50.93 56.25 801.03 839.25
CITY 17 20.69 0.36 1169.24 1207.00
CITY 18 0.89 92.86 1049.44 1084.55
CITY 19 72.06 25.88 1737.97 1766.86
CITY 20 26.85 11.91 463.90 499.91
CITY 21 29.18 63.96 1919.53 1947.86
CITY 22 13.30 87.34 114.43 163.83
CITY 23 98.95 21.00 245.51 284.97
CITY 24 63.27 97.22 667.89 716.28
CITY 25 88.40 26.40 280.83 327.78
